NPCIndex,Level,RewardIndex,AppearanceIndex,NPCAIIndex,NPCOptionIndex,InteractionIndex,NameStringIndex,TitleStringIndex,DialogGroupIndex,QuestTargetGroupName,NPCType,NPCSubType,OnlyQuest,ShopIndex,Grade,FinishCharType,AttackType,Targetable,Hittable,ServerCollisionRadius,BodyRadius,BodyHeight,Caution_Distance,BasicSkillIndex,Syncload,LinkedNPC,NamePlateShowCondition,SpawnMap,SpawnRegion,NamePTBR,TitlePTBR,HP,EXPBaseMinCandidates
1,3,0,10010000,1,529,0,Monster_Name_1,,0,0,2,0,False,0,0,2,1,True,True,40,100,200,3000.0,[7000101],False,0,0,0,0,,,,[]
2,2,0,10510000,1,1,0,,,0,0,2,0,False,0,0,2,0,True,True,40,50,200,3000.0,[7001406],False,0,0,0,0,,,,[]
3,1,0,10180000,1,3,0,Monster_Name_3,,0,0,2,0,False,0,0,2,1,True,True,40,150,200,3000.0,[7000201],False,0,0,0,0,,,,[]
4,1,0,10563000,1,1,0,Monster_Name_4,,0,0,2,0,False,0,0,2,1,True,True,40,50,200,3000.0,"[7000301,7000302]",False,0,0,0,0,,,,[]
5,2,0,10560000,1,1,0,Monster_Name_5,,0,0,2,0,False,0,0,2,1,True,True,40,50,200,3000.0,[7000401],False,0,0,0,0,,,,[]
6,2,0,10562000,1,1,0,Monster_Name_6,,0,0,2,0,False,0,0,2,1,True,True,40,50,200,3000.0,[7000501],False,0,0,0,0,,,,[]
7,2,0,10561000,1,1,0,Monster_Name_7,,0,0,2,0,False,0,0,2,1,True,True,40,50,200,3000.0,"[7000601,7000602]",False,0,0,0,0,,,,[]
8,5,0,18990001,8,9,0,Monster_Name_8,,0,0,2,0,False,0,2,2,1,True,True,40,50,200,5000.0,[7109401],False,0,0,0,0,,,,[]
9,3,0,10030000,1,1,0,Monster_Name_9,,0,0,2,0,False,0,0,2,0,True,True,40,80,200,3000.0,[7000701],False,0,0,0,0,,,,[]
10,3,0,10200000,1,10,0,Monster_Name_10,,0,0,2,0,False,0,0,2,0,True,True,50,120,200,3000.0,[7000801],False,0,0,0,0,,,,[]
11,2,0,10160000,1,1,0,Monster_Name_11,,0,0,2,0,False,0,0,2,0,True,True,40,50,200,3000.0,[7000901],False,0,0,0,0,,,,[]
12,2,0,10170000,1,1,0,Monster_Name_12,,0,0,2,0,False,0,0,2,0,True,True,40,50,200,3000.0,[7001001],False,0,0,0,0,,,,[]
13,5,0,10041000,1,1,0,Monster_Name_13,,0,0,2,0,False,0,0,2,0,True,True,40,80,200,3000.0,[7001101],False,0,0,0,0,,,,[]
14,4,0,10040000,1,1,0,Monster_Name_14,,0,0,2,0,False,0,0,2,1,True,True,40,50,200,3000.0,[7001201],False,0,0,0,0,,,,[]
15,3,0,10200000,1,1,0,Monster_Name_15,,0,0,2,0,False,0,0,2,0,True,True,50,120,200,3000.0,[7000801],False,0,0,0,0,,,,[]
16,2,0,10170000,1,1,0,Monster_Name_16,,0,0,2,0,False,0,0,2,0,True,True,40,50,200,3000.0,[7001001],False,0,0,0,0,,,,[]
17,4,0,10040000,1,1,0,Monster_Name_17,,0,0,2,0,False,0,0,2,0,True,True,40,50,200,3000.0,[7001201],False,0,0,0,0,,,,[]
18,3,0,10020000,1,1,0,Monster_Name_18,,0,0,2,0,False,0,0,2,0,True,True,40,140,200,3000.0,[7001601],False,0,0,0,0,,,,[]
19,3,0,10020000,1,1,0,Monster_Name_19,,0,0,2,0,False,0,0,2,0,True,True,40,140,200,3000.0,[7001601],False,0,0,0,0,,,,[]
20,5,0,10510000,1,1,0,Monster_Name_20,,0,0,2,0,False,0,0,2,0,True,True,40,50,200,3000.0,[7001401],False,0,0,0,0,,,,[]
21,5,0,10520000,1,1,0,Monster_Name_21,,0,0,2,0,False,0,0,2,1,True,True,40,50,200,3000.0,[7001502],False,0,0,0,0,,,,[]
22,3,0,10190000,1,1,0,Monster_Name_22,,0,0,2,0,False,0,0,2,0,True,True,40,50,200,3000.0,[7001301],False,0,0,0,0,,,,[]
23,1,0,40002100,1,1,0,Monster_Name_23,,0,0,2,0,False,0,0,2,0,True,True,10,15,10,3000.0,[],False,0,0,0,0,,,,[]
24,5,0,30580001,1,24,0,Monster_Name_24,,0,0,2,113,False,0,0,2,0,True,True,150,200,400,3000.0,[],True,0,0,0,0,Portão Dimensional,,,[]
25,5,0,30580002,1,25,0,Monster_Name_25,,0,0,2,114,False,0,0,2,0,True,True,150,200,400,3000.0,[],True,0,0,0,0,Portal Dimensional,,,[]
26,5,0,30580003,1,26,0,Monster_Name_26,,0,0,2,115,False,0,0,2,0,True,True,150,200,400,3000.0,[],True,0,0,0,0,Portal Dimensional,,,[]
27,5,0,10042000,1,1,0,Monster_Name_27,,0,0,2,0,False,0,0,2,1,True,True,40,50,200,3000.0,[7001801],False,0,0,0,0,,,,[]
28,5,0,30580000,0,28,0,Monster_Name_28,,0,0,2,116,False,0,0,2,0,True,True,150,200,400,3000.0,[],True,0,0,0,0,Portão Dimensional,,,[]
29,3,0,40002100,0,1,0,,,0,0,2,113,False,0,0,2,0,True,True,10,15,10,3000.0,[],True,0,0,0,0,,,,[]
30,5,0,40002100,0,1,0,,,0,0,2,114,False,0,0,2,0,True,True,10,15,10,3000.0,[],True,0,0,0,0,,,,[]
31,5,0,40002100,0,1,0,,,0,0,2,115,False,0,0,2,0,True,True,10,15,10,3000.0,[],True,0,0,0,0,,,,[]
32,5,0,40002100,0,1,0,Monster_Name_32,,0,0,2,116,False,0,0,2,0,False,False,10,15,10,3000.0,[],True,0,0,0,0,,,,[]
33,3,0,10220000,1,1,0,Monster_Name_33,,0,0,2,0,False,0,0,2,0,True,True,40,50,200,3000.0,[7001901],False,0,0,0,0,,,,[]
34,5,0,17020000,34,1,0,Monster_Name_34,,0,0,2,103,False,0,2,2,1,True,True,40,50,200,5000.0,"[7002001,7002002]",False,0,0,0,0,,,,[]
35,5,0,17110000,35,1,0,Monster_Name_35,,0,0,2,103,False,0,2,2,1,True,True,40,50,200,5000.0,[7002101],False,0,0,0,0,,,,[]
36,5,0,10693000,1,1,0,Monster_Name_36,,0,0,2,0,False,0,0,2,1,True,True,40,50,200,3000.0,[7002301],False,0,0,0,0,,,,[]
37,5,0,10695000,1,1,0,Monster_Name_37,,0,0,2,0,False,0,0,2,1,True,True,40,50,200,3000.0,[7002401],False,0,0,0,0,,,,[]
38,5,0,10690000,1,1,0,Monster_Name_38,,0,0,2,0,False,0,0,2,1,True,True,40,50,200,3000.0,[7002501],False,0,0,0,0,,,,[]
39,5,0,10691000,1,1,0,Monster_Name_39,,0,0,2,0,False,0,0,2,1,True,True,40,50,200,3000.0,[7002601],False,0,0,0,0,,,,[]
40,5,0,10540000,1,1,0,Monster_Name_40,,0,0,2,0,False,0,0,2,1,True,True,40,50,200,3000.0,[7002701],False,0,0,0,0,,,,[]
41,5,0,10541000,1,1,0,Monster_Name_41,,0,0,2,0,False,0,0,2,1,True,True,40,50,200,3000.0,[7002801],False,0,0,0,0,,,,[]
42,5,0,10480000,1,1,0,Monster_Name_42,,0,0,2,0,False,0,0,2,1,True,True,40,50,200,3000.0,[7002901],False,0,0,0,0,,,,[]
43,5,0,10480000,43,1,0,Monster_Name_42,,0,0,2,0,False,0,0,2,1,True,True,40,50,200,3000.0,[],False,0,0,0,0,,,,[]
44,5,0,10480000,44,1,0,Monster_Name_43,,0,0,2,0,False,0,0,2,1,True,True,40,50,200,3000.0,[7002901],False,0,0,0,0,,,,[]
45,5,0,18530000,1,1,0,Monster_Name_44,,0,0,2,0,False,0,0,2,1,True,True,40,50,200,3000.0,[7003001],False,0,0,0,0,,,,[]
46,5,0,18540000,1,1,0,Monster_Name_45,,0,0,2,0,False,0,0,2,1,True,True,40,50,200,3000.0,[7003101],False,0,0,0,0,,,,[]
47,5,0,10531000,1,1,0,Monster_Name_46,,0,0,2,0,False,0,0,2,1,True,True,40,50,200,3000.0,[7003501],False,0,0,0,0,Atirador Predo,,,[]
48,5,0,10531000,1,1,0,Monster_Name_46,,0,0,2,0,False,0,0,2,1,True,True,40,50,200,3000.0,[7003501],False,0,0,0,0,Atirador Predo,,,[]
49,5,0,10530000,1,1,0,Monster_Name_47,,0,0,2,0,False,0,0,2,1,True,True,40,50,200,3000.0,"[7003601,7003602]",False,0,0,0,0,,,,[]
50,5,0,10530000,1,1,0,Monster_Name_47,,0,0,2,0,False,0,0,2,1,True,True,40,50,200,3000.0,"[7003601,7003602]",False,0,0,0,0,,,,[]
51,5,0,10050000,1,1,0,Monster_Name_48,,0,0,2,0,False,0,0,2,1,True,True,40,50,200,3000.0,"[7003701,7003702,7003703]",False,0,0,0,0,,,,[]
52,5,0,10340000,1,1,0,Monster_Name_49,,0,0,2,0,False,0,0,2,1,True,True,40,80,200,3000.0,"[7003801,7003802]",False,0,0,0,0,,,,[]
53,5,0,10250000,1,1,0,Monster_Name_50,,0,0,2,0,False,0,0,2,1,True,True,40,80,200,3000.0,"[7003901,7003902]",False,0,0,0,0,,,,[]
54,5,0,10511000,1,1,0,Monster_Name_51,,0,0,2,0,False,0,0,2,1,True,True,40,50,200,3000.0,"[7004001,7004002]",False,0,0,0,0,,,,[]
55,5,0,10290000,1,1,0,Monster_Name_52,,0,0,2,0,False,0,0,2,1,True,True,40,80,200,3000.0,"[7004101,7004102]",False,0,0,0,0,,,,[]
56,5,0,10360000,1,1,0,Monster_Name_53,,0,0,2,0,False,0,0,2,1,True,True,40,50,200,3000.0,[7004201],False,0,0,0,0,,,,[]
57,5,0,10300000,1,1,0,Monster_Name_54,,0,0,2,0,False,0,0,2,1,True,True,40,80,200,3000.0,"[7004301,7004302]",False,0,0,0,0,,,,[]
58,5,0,10260000,1,1,0,Monster_Name_55,,0,0,2,0,False,0,0,2,1,True,True,40,80,200,3000.0,[7004401],False,0,0,0,0,,,,[]
59,5,0,10060000,1,1,0,Monster_Name_56,,0,0,2,0,False,0,0,2,1,True,True,40,80,200,3000.0,[7004901],False,0,0,0,0,,,,[]
60,5,0,10210000,1,1,0,Monster_Name_57,,0,0,2,0,False,0,0,2,1,True,True,40,80,200,3000.0,[7005001],False,0,0,0,0,,,,[]
61,5,0,10100000,1,1,0,Monster_Name_58,,0,0,2,0,False,0,0,2,1,True,True,40,50,200,3000.0,[7005101],False,0,0,0,0,,,,[]
62,5,0,10210002,1,1,0,Monster_Name_57,,0,0,2,0,False,0,0,2,1,True,True,40,50,200,3000.0,[7005003],False,0,0,0,0,,,,[]
63,5,0,10420000,1,1,0,Monster_Name_59,,0,0,2,0,False,0,0,2,1,True,True,40,80,200,3000.0,"[7005201,7005202]",False,0,0,0,0,,,,[]
64,5,0,10694000,1,1,0,Monster_Name_37,,0,0,2,0,False,0,0,2,1,True,True,40,50,200,3000.0,[7005301],False,0,0,0,0,,,,[]
65,5,0,10692000,1,1,0,Monster_Name_36,,0,0,2,0,False,0,0,2,1,True,True,40,50,200,3000.0,[7005401],False,0,0,0,0,,,,[]
66,5,0,10140000,1,1,0,Monster_Name_60,,0,0,2,0,False,0,0,2,1,True,True,40,80,200,3000.0,"[7005501,7005502]",False,0,0,0,0,,,,[]
67,5,0,10080000,1,1,0,Monster_Name_61,,0,0,2,0,False,0,0,2,1,True,True,40,80,200,3000.0,[7005601],False,0,0,0,0,,,,[]
68,5,0,10350000,1,1,0,Monster_Name_62,,0,0,2,0,False,0,0,2,1,True,True,40,50,200,3000.0,"[7005701,7005702]",False,0,0,0,0,,,,[]
69,5,0,10310000,1,1,0,Monster_Name_63,,0,0,2,0,False,0,0,2,1,True,True,40,130,200,3000.0,"[7005801,7005802]",False,0,0,0,0,,,,[]
70,5,0,10330000,1,1,0,Monster_Name_64,,0,0,2,0,False,0,0,2,1,True,True,40,50,200,3000.0,[7005901],False,0,0,0,0,,,,[]
71,5,0,10590000,1,1,0,Monster_Name_65,,0,0,2,0,False,0,0,2,1,True,True,40,80,200,3000.0,[7006001],False,0,0,0,0,,,,[]
72,5,0,10550000,1,1,0,Monster_Name_66,,0,0,2,0,False,0,0,2,1,True,True,40,50,200,3000.0,"[7006201,7006202]",False,0,0,0,0,,,,[]
73,5,0,10551000,1,1,0,Monster_Name_67,,0,0,2,0,False,0,0,2,1,True,True,40,50,200,3000.0,[7006301],False,0,0,0,0,,,,[]
74,5,0,10521000,1,1,0,Monster_Name_68,,0,0,2,0,False,0,0,2,1,True,True,40,50,200,3000.0,[7006401],False,0,0,0,0,,,,[]
75,5,0,10522000,1,1,0,Monster_Name_69,,0,0,2,0,False,0,0,2,1,True,True,40,50,200,3000.0,[7006401],False,0,0,0,0,,,,[]
76,5,0,10512000,1,1,0,Monster_Name_70,,0,0,2,0,False,0,0,2,1,True,True,40,50,200,3000.0,"[7004001,7004002]",False,0,0,0,0,,,,[]
77,5,0,10150000,1,1,0,Monster_Name_71,,0,0,2,0,False,0,0,2,1,True,True,40,80,200,3000.0,[7006501],False,0,0,0,0,,,,[]
78,5,0,10610000,1,1,0,Monster_Name_72,,0,0,2,0,False,0,0,2,1,True,True,40,80,200,3000.0,"[7006601,7006602,7006603]",False,0,0,0,0,,,,[]
79,5,0,10630000,1,1,0,Monster_Name_73,,0,0,2,0,False,0,0,2,1,True,True,40,50,200,3000.0,"[7006701,7006702,7006703]",False,0,0,0,0,,,,[]
80,5,0,10660000,1,1,0,Monster_Name_74,,0,0,2,0,False,0,0,2,1,True,True,40,80,200,3000.0,"[7006801,7006802,7006803]",False,0,0,0,0,,,,[]
81,5,0,10600000,1,1,0,Monster_Name_75,,0,0,2,0,False,0,0,2,1,True,True,40,50,200,3000.0,"[7006901,7006902]",False,0,0,0,0,,,,[]
82,5,0,10574000,1,1,0,Monster_Name_76,,0,0,2,0,False,0,0,2,1,True,True,40,50,200,3000.0,[7007001],False,0,0,0,0,,,,[]
83,5,0,10571000,1,1,0,Monster_Name_77,,0,0,2,0,False,0,0,2,1,True,True,40,50,200,3000.0,[7007101],False,0,0,0,0,,,,[]
84,5,0,10572000,1,1,0,Monster_Name_78,,0,0,2,0,False,0,0,2,1,True,True,40,50,200,3000.0,[7007201],False,0,0,0,0,,,,[]
85,5,0,10573000,1,1,0,Monster_Name_79,,0,0,2,0,False,0,0,2,1,True,True,40,50,200,3000.0,[7007301],False,0,0,0,0,,,,[]
86,5,0,10580000,1,1,0,Monster_Name_80,,0,0,2,0,False,0,0,2,1,True,True,40,50,200,3000.0,"[7007401,7007402]",False,0,0,0,0,,,,[]
87,5,0,10090000,1,1,0,Monster_Name_81,,0,0,2,0,False,0,0,2,1,True,True,40,80,200,3000.0,[7007501],False,0,0,0,0,,,,[]
88,5,0,10230000,1,1,0,Monster_Name_82,,0,0,2,0,False,0,0,2,1,True,True,40,80,200,3000.0,[7007601],False,0,0,0,0,,,,[]
89,5,0,10120000,1,1,0,Monster_Name_83,,0,0,2,0,False,0,0,2,1,True,True,40,80,200,3000.0,"[7007701,7007702]",False,0,0,0,0,,,,[]
90,5,0,10070000,1,1,0,Monster_Name_84,,0,0,2,0,False,0,0,2,1,True,True,80,80,200,3000.0,[7007801],False,0,0,0,0,,,,[]
91,5,0,10620000,1,1,0,Monster_Name_85,,0,0,2,0,False,0,0,2,1,True,True,40,200,200,3000.0,"[7007901,7007904]",False,0,0,0,0,,,,[]
92,5,0,10640000,1,1,0,Monster_Name_86,,0,0,2,0,False,0,0,2,1,True,True,40,50,200,3000.0,"[7008001,7008002]",False,0,0,0,0,,,,[]
93,5,0,10650000,1,1,0,Monster_Name_87,,0,0,2,0,False,0,0,2,1,True,True,40,50,200,3000.0,"[7008101,7008102,7008103]",False,0,0,0,0,,,,[]
94,5,0,10410000,1,1,0,Monster_Name_88,,0,0,2,0,False,0,0,2,1,True,True,40,50,200,3000.0,[7008201],False,0,0,0,0,,,,[]
95,5,0,10370000,1,1,0,Monster_Name_89,,0,0,2,0,False,0,0,2,1,True,True,40,50,200,3000.0,"[7008301,7008302]",False,0,0,0,0,,,,[]
96,3,0,14110000,1,1,0,,,0,0,2,0,False,0,0,2,1,False,False,0,0,0,3600.0,[3701011],False,0,0,0,0,,,,[]
97,3,0,-1,1,1,0,,,0,0,2,0,False,0,0,2,1,True,True,0,0,0,0.0,[3201011],False,0,0,0,0,,,,[]
98,3,0,10510001,98,1,0,,,0,0,2,0,False,0,0,2,0,True,True,40,50,200,3000.0,[],False,0,0,0,0,,,,[]
99,2,0,10510001,0,99,0,,,0,0,2,0,False,0,0,2,0,True,True,40,50,200,3000.0,[],False,0,0,0,0,,,,[]
100,2,0,10562000,0,100,0,,,0,0,2,0,False,0,0,2,0,True,True,40,50,200,3000.0,[],False,0,0,0,0,,,,[]
101,2,0,16070000,101,101,0,Monster_Name_101,,0,0,2,103,False,0,2,2,1,True,True,100,220,200,2500.0,[7100008],False,0,0,0,0,,,,[]
102,2,0,14060001,102,1,0,,,0,0,2,0,False,0,0,2,1,True,True,130,130,540,5000.0,"[3507001,3507002,3507003,3507004,3507005]",False,0,0,0,0,,,,[]
103,2,0,14060001,1,103,0,,,0,0,2,0,False,0,0,2,1,True,True,130,130,540,700.0,[7002006],False,0,0,0,0,,,,[]
104,2,0,16070000,1,104,0,,,0,0,2,0,False,0,0,2,1,True,True,100,220,200,700.0,[7002007],False,0,0,0,0,,,,[]
105,2,0,16070000,1,105,0,,,0,0,2,0,False,0,0,2,1,True,True,100,220,200,4000.0,[],False,0,0,0,0,,,,[]
106,2,0,19035000,1,1,0,,,0,0,2,0,False,0,0,2,1,True,True,50,350,200,5000.0,[10000006],False,0,0,0,0,,,,[]
107,2,0,10490000,1,1,0,Monster_Name_107,,0,0,2,0,False,0,0,2,1,True,True,50,50,200,5000.0,[7003201],False,0,0,0,0,,,,[]
108,5,0,16010000,108,1,0,Monster_Name_108,,0,0,2,205,False,0,2,2,1,True,True,150,900,1200,5000.0,[7100101],False,0,0,0,0,,,,[]
109,2,0,17120000,1,1,0,Monster_Name_109,,0,0,2,0,False,0,0,2,1,True,True,50,50,200,5000.0,"[7003401,7003402,7003403,7003404,7003405]",False,0,0,0,0,,,,[]
110,2,0,10500000,1,1,0,Monster_Name_110,,0,0,2,0,False,0,0,2,1,True,True,50,50,200,5000.0,[7003301],False,0,0,0,0,,,,[]
111,5,0,18510000,1,1,0,Monster_Name_111,,0,0,2,0,False,0,0,2,1,True,True,40,50,200,3000.0,[7003001],False,0,0,0,0,,,,[]
112,5,0,18520000,1,1,0,Monster_Name_112,,0,0,2,0,False,0,0,2,1,True,True,40,50,200,3000.0,[7003101],False,0,0,0,0,,,,[]
113,5,0,17450000,1,1,0,Monster_Name_113,,0,0,2,0,False,0,0,2,1,True,True,40,50,200,3000.0,[7003001],False,0,0,0,0,,,,[]
114,5,0,17460000,1,1,0,Monster_Name_114,,0,0,2,0,False,0,0,2,1,True,True,40,50,200,3000.0,[7003101],False,0,0,0,0,,,,[]
115,5,0,18550000,1,1,0,Monster_Name_115,,0,0,2,0,False,0,0,2,1,True,True,40,50,200,3000.0,[7003001],False,0,0,0,0,,,,[]
116,5,0,18560000,1,1,0,Monster_Name_116,,0,0,2,0,False,0,0,2,1,True,True,40,50,200,3000.0,[7003101],False,0,0,0,0,,,,[]
117,5,0,18400000,1,1,0,Monster_Name_117,,0,0,2,0,False,0,0,2,1,True,True,40,50,200,3000.0,[7003001],False,0,0,0,0,,,,[]
118,5,0,18410000,1,1,0,Monster_Name_118,,0,0,2,0,False,0,0,2,1,True,True,40,50,200,3000.0,[7003101],False,0,0,0,0,,,,[]
119,5,0,30350000,1,119,0,Monster_Name_119,,0,0,2,113,False,0,0,2,1,True,True,150,400,800,50000.0,[],True,0,0,0,0,Escavador Accretia,,,[]
120,5,0,30350000,1,120,0,Monster_Name_120,,0,0,2,114,False,0,0,2,1,True,True,150,400,800,50000.0,[],True,0,0,0,0,Escavador Bellato,,,[]
121,5,0,30350000,1,121,0,Monster_Name_121,,0,0,2,115,False,0,0,2,1,True,True,150,400,800,50000.0,[],True,0,0,0,0,Escavadora Cora,,,[]
122,5,0,17420000,1,1,0,Monster_Name_122,,0,0,2,0,False,0,0,2,1,True,True,40,50,200,3000.0,"[7004501,7004502]",False,0,0,0,0,,,,[]
123,5,0,17421000,1,1,0,Monster_Name_123,,0,0,2,0,False,0,0,2,1,True,True,40,50,200,3000.0,"[7004601,7004602]",False,0,0,0,0,,,,[]
124,5,0,17410000,1,1,0,Monster_Name_124,,0,0,2,0,False,0,0,2,1,True,True,40,50,200,3000.0,"[7004701,7004702]",False,0,0,0,0,,,,[]
125,5,0,17411000,1,1,0,Monster_Name_125,,0,0,2,0,False,0,0,2,1,True,True,40,50,200,3000.0,"[7004801,7004802,7004802]",False,0,0,0,0,,,,[]
126,5,0,30080001,1,141,0,,,0,0,2,125,False,0,0,2,1,False,False,0,40,10,3000.0,[1060181],True,0,1,0,0,,,,[]
127,5,0,30080001,1,141,0,,,0,0,2,125,False,0,0,2,1,False,False,0,40,10,3000.0,[1060182],True,0,1,0,0,,,,[]
128,5,0,30080001,1,141,0,,,0,0,2,125,False,0,0,2,1,False,False,0,40,10,3000.0,[1060183],True,0,1,0,0,,,,[]
129,5,0,30080001,1,141,0,,,0,0,2,125,False,0,0,2,1,False,False,0,40,10,3000.0,[1060184],True,0,1,0,0,,,,[]
132,5,0,40002000,1,132,0,Monster_Name_132,,0,0,2,122,False,0,0,2,1,False,False,0,1,10,3000.0,[1041031],True,0,1,0,0,,,,[]
133,1,0,10180000,1,1,0,Monster_Name_3,,0,0,2,0,False,0,0,2,1,True,True,40,150,200,3000.0,[7000201],False,0,0,0,0,,,,[]
134,2,0,10700000,134,1,0,,,0,0,2,0,False,0,0,2,1,True,True,50,200,200,5000.0,"[3501001,3501002,3501003]",False,0,0,0,0,,,,[]
135,5,0,30080001,1,135,0,,,0,0,2,0,False,0,0,2,1,False,False,0,40,200,3000.0,[],True,0,0,0,0,,,,[]
136,5,0,30080001,136,136,0,,,0,0,2,125,False,0,0,2,1,False,False,0,40,200,3000.0,[10000113],True,0,1,0,0,,,,[]
137,5,0,30080001,137,137,0,,,0,0,2,125,False,0,0,2,1,False,False,0,40,200,3000.0,[10000116],True,0,1,0,0,,,,[]
138,5,0,30080001,138,138,0,,,0,0,2,125,False,0,0,2,1,False,False,0,40,200,3000.0,[10000117],True,0,1,0,0,,,,[]
139,5,0,18990002,1,2,0,,,0,0,2,0,False,0,0,2,1,True,True,40,60,200,3000.0,"[7006101,7006102,7006103]",True,0,1,0,0,,,,[]
140,5,0,16000000,140,140,0,Monster_Name_140,,0,0,2,205,False,0,2,2,1,True,True,150,1400,1000,5000.0,[7100201],False,0,0,0,0,,,,[]
141,5,0,30080001,1,141,0,,,0,0,2,125,False,0,0,2,1,False,False,0,40,10,3000.0,[1041051],True,0,1,0,0,,,,[]
142,5,0,16000001,142,142,0,Monster_Name_140,,0,0,2,205,False,0,2,2,1,True,True,150,1400,1000,5000.0,[7100203],False,0,0,0,0,,,,[]
143,5,0,30080001,1,143,0,,,0,0,2,0,False,0,0,2,1,False,False,0,40,200,5000.0,[7102914],True,0,1,0,0,,,,[]
147,5,0,10460000,1,1,0,Monster_Name_90,,0,0,2,0,False,0,0,2,1,True,True,40,80,200,3000.0,[7008401],False,0,0,0,0,,,,[]
148,5,0,10460000,1,1,0,Monster_Name_90,,0,0,2,0,False,0,0,2,1,True,True,40,80,200,3000.0,[7008402],False,0,0,0,0,,,,[]
149,5,0,40002000,1,132,0,Monster_Name_132,,0,0,2,125,False,0,0,2,1,False,False,0,1,10,3000.0,[1041032],True,0,1,0,0,,,,[]
150,5,0,40002000,1,132,0,Monster_Name_132,,0,0,2,125,False,0,0,2,1,False,False,0,1,10,3000.0,[1041033],True,0,1,0,0,,,,[]
151,5,0,40002000,1,132,0,Monster_Name_132,,0,0,2,125,False,0,0,2,1,False,False,0,1,10,3000.0,[1041034],True,0,1,0,0,,,,[]
152,5,0,30080001,1,141,0,,,0,0,2,125,False,0,0,2,1,False,False,0,40,10,3000.0,[1041052],True,0,1,0,0,,,,[]
153,5,0,30080001,1,141,0,,,0,0,2,125,False,0,0,2,1,False,False,0,40,10,3000.0,[1041053],True,0,1,0,0,,,,[]
154,5,0,30080001,1,141,0,,,0,0,2,125,False,0,0,2,1,False,False,0,40,10,3000.0,[1041054],True,0,1,0,0,,,,[]
155,5,0,10280000,1,1,0,Monster_Name_91,,0,0,2,0,False,0,0,2,1,True,True,40,50,200,3000.0,"[7008501,7008502]",False,0,0,0,0,,,,[]
156,5,0,10430000,1,1,0,Monster_Name_92,,0,0,2,0,False,0,0,2,1,True,True,40,50,200,3000.0,[7008601],False,0,0,0,0,,,,[]
157,5,0,-1,1,157,0,,,0,0,2,0,False,0,0,2,1,False,False,0,40,200,3000.0,[],False,0,1,0,0,,,,[]
158,5,0,30080001,1,158,0,,,0,0,2,0,False,0,0,2,1,False,False,0,40,200,3000.0,[],True,0,1,0,0,,,,[]
159,5,0,30080001,1,159,0,,,0,0,2,0,False,0,0,2,1,False,False,0,40,200,3000.0,[],True,0,1,0,0,,,,[]
160,5,0,10110000,1,1,0,Monster_Name_93,,0,0,2,0,False,0,0,2,1,True,True,40,120,200,3000.0,[7008701],False,0,0,0,0,,,,[]
161,5,0,10130000,1,1,0,Monster_Name_94,,0,0,2,0,False,0,0,2,1,True,True,40,80,200,3000.0,[7008801],False,0,0,0,0,,,,[]
162,5,0,10240000,1,1,0,Monster_Name_95,,0,0,2,0,False,0,0,2,1,True,True,40,50,200,3000.0,[7008901],False,0,0,0,0,,,,[]
163,5,0,10320000,1,1,0,Monster_Name_96,,0,0,2,0,False,0,0,2,1,True,True,40,50,200,3000.0,"[7009001,7009002,7009003]",False,0,0,0,0,,,,[]
164,5,0,16080000,165,1,0,Monster_Name_97,,0,0,2,0,False,0,0,2,1,True,True,40,300,200,3000.0,[7100301],False,0,0,0,0,,,,[]
165,5,0,10380000,1,1,0,Monster_Name_98,,0,0,2,0,False,0,0,2,1,True,True,40,50,200,3000.0,[7009101],False,0,0,0,0,,,,[]
166,5,0,10270000,1,1,0,Monster_Name_99,,0,0,2,0,False,0,0,2,1,True,True,40,100,200,3000.0,[7009201],False,0,0,0,0,,,,[]
167,5,0,10400000,1,1,0,Monster_Name_100,,0,0,2,0,False,0,0,2,1,True,True,40,80,200,3000.0,"[7009301,7009302]",False,0,0,0,0,,,,[]
168,5,0,10501000,1,1,0,Monster_Name_126,,0,0,2,0,False,0,0,2,1,True,True,40,50,200,3000.0,[7009401],False,0,0,0,0,,,,[]
169,5,0,17740010,99,2,0,Monster_Name_317,,0,0,2,0,False,0,2,2,1,True,True,100,150,200,3000.0,[7104101],False,0,1,0,0,,,,[]
170,5,0,10570000,1,170,0,Monster_Name_127,,0,0,2,0,False,0,0,2,1,True,True,40,80,200,3000.0,[7009501],False,0,0,0,0,,,,[]
171,5,0,10581000,1,1,0,Monster_Name_128,,0,0,2,0,False,0,0,2,1,True,True,40,50,200,3000.0,"[7009601,7009602]",False,0,0,0,0,,,,[]
172,5,0,10582000,1,1,0,Monster_Name_129,,0,0,2,0,False,0,0,2,1,True,True,40,50,200,3000.0,[7009701],False,0,0,0,0,,,,[]
173,5,0,10583000,1,1,0,Monster_Name_130,,0,0,2,0,False,0,0,2,1,True,True,40,50,200,3000.0,[7009801],False,0,0,0,0,,,,[]
174,5,0,10031000,1,1,0,Monster_Name_131,,0,0,2,0,False,0,0,2,1,True,True,40,80,200,3000.0,[7000701],False,0,0,0,0,,,,[]
175,5,0,10032000,1,1,0,Monster_Name_132,,0,0,2,0,False,0,0,2,1,True,True,40,80,200,3000.0,[7000701],False,0,0,0,0,,,,[]
176,5,0,30080001,1,176,0,,,0,0,2,125,False,0,0,2,1,False,False,0,40,200,5000.0,[7100217],True,0,1,0,0,,,,[]
177,5,0,16100000,175,177,0,Monster_Name_133,,0,0,2,104,False,0,2,2,1,True,True,40,250,200,3000.0,[7100401],False,0,0,0,0,,,,[]
178,5,0,16150000,176,178,0,Monster_Name_134,,0,0,2,104,False,0,2,2,1,True,True,40,250,200,3000.0,[7100501],False,0,0,0,0,,,,[]
179,5,0,16130000,177,179,0,Monster_Name_135,,0,0,2,104,False,0,2,2,1,True,True,40,250,200,3000.0,[7100601],False,0,0,0,0,,,,[]
180,5,0,16140000,178,180,0,Monster_Name_136,,0,0,2,104,False,0,2,2,1,True,True,40,180,200,3000.0,[7100701],False,0,0,0,0,,,,[]
181,5,0,30080001,1,181,0,,,0,0,2,125,False,0,0,2,1,False,False,0,40,200,5000.0,[7100707],True,0,1,0,0,,,,[]
182,5,0,16310000,182,182,0,Monster_Name_182,,0,0,2,0,False,0,2,2,1,True,True,40,120,200,5000.0,[7100801],False,0,0,0,0,,,,[]
183,5,0,16310001,1,183,0,Monster_Name_182,,0,0,2,0,False,0,2,2,1,False,False,0,120,200,5000.0,[7100812],False,0,0,0,0,,,,[]
184,5,0,30080001,1,184,0,,,0,0,2,125,False,0,0,2,1,False,False,0,40,10,3000.0,[7100809],True,0,0,0,0,,,,[]
185,5,0,16220000,185,185,0,Monster_Name_137,,0,0,2,103,False,0,2,2,1,True,True,150,150,600,5000.0,[7100901],False,0,0,0,0,Protetor da Pedra Sagrada,,,[]
186,5,0,30080001,1,186,0,,,0,0,2,125,False,0,0,2,1,False,False,0,40,200,5000.0,[7100913],True,0,1,0,0,,,,[]
187,5,0,16110000,187,187,0,Monster_Name_138,,0,0,2,104,False,0,2,2,1,True,True,40,300,200,3000.0,[7101001],False,0,0,0,0,,,,[]
188,5,0,16120000,188,188,0,Monster_Name_139,,0,0,2,104,False,0,2,2,1,True,True,40,300,200,3000.0,[7101101],False,0,0,0,0,,,,[]
189,5,0,16160000,189,189,0,Monster_Name_140,,0,0,2,104,False,0,2,2,1,True,True,40,300,200,3000.0,[7101201],False,0,0,0,0,,,,[]
190,5,0,16170000,190,190,0,Monster_Name_141,,0,0,2,104,False,0,2,2,1,True,True,40,250,200,3000.0,[7101301],False,0,0,0,0,,,,[]
191,5,0,16180000,191,191,0,Monster_Name_142,,0,0,2,104,False,0,2,2,1,True,True,40,350,200,3000.0,[7101401],False,0,0,0,0,,,,[]
192,5,0,16190000,192,192,0,Monster_Name_143,,0,0,2,104,False,0,2,2,1,True,True,40,200,200,3000.0,[7101501],False,0,0,0,0,,,,[]
193,5,0,30080001,1,193,0,,,0,0,2,125,False,0,0,2,1,False,False,0,40,200,5000.0,[7101408],True,0,1,0,0,,,,[]
194,5,0,16200000,194,194,0,Monster_Name_144,,0,0,2,104,False,0,2,2,1,True,True,150,450,200,3000.0,[7101601],False,0,0,0,0,,,,[]
195,5,0,30080001,1,195,0,,,0,0,2,125,False,0,0,2,1,False,False,0,40,200,5000.0,[7101607],True,0,0,0,0,,,,[]
196,5,0,30080001,1,196,0,,,0,0,2,125,False,0,0,2,1,False,False,0,40,200,5000.0,[7100914],True,0,1,0,0,,,,[]
197,5,0,16210000,197,197,0,Monster_Name_145,,0,0,2,0,False,0,2,2,1,True,True,40,100,200,5000.0,[7101701],False,0,0,0,0,,,,[]
198,5,0,10120001,1,1,0,Monster_Name_146,,0,0,2,0,False,0,0,2,1,True,True,40,80,200,3000.0,"[7007701,7007702]",False,0,0,0,0,,,,[]
199,5,0,10120002,1,1,0,Monster_Name_147,,0,0,2,0,False,0,0,2,1,True,True,40,80,200,3000.0,"[7007701,7007702]",False,0,0,0,0,,,,[]
200,5,0,16090000,198,1,0,Monster_Name_148,,0,0,2,104,False,0,2,2,1,True,True,40,80,200,3000.0,[7101801],False,0,0,0,0,,,,[]
201,2,0,10510002,0,1,0,,,0,0,2,0,False,0,0,2,0,True,True,0,40,200,3000.0,[],True,0,0,0,0,,,,[]
202,2,0,10510003,0,1,0,,,0,0,2,0,False,0,0,2,0,True,True,50,120,200,3000.0,[],False,0,0,0,0,,,,[]
203,2,0,10200000,0,1,0,,,0,0,2,0,False,0,0,2,0,True,True,50,120,200,3000.0,[],False,0,0,0,0,,,,[]
204,2,0,10080000,0,1,0,,,0,0,2,0,False,0,0,2,0,True,True,40,80,200,3000.0,[],False,0,0,0,0,,,,[]
205,2,0,-1,1,205,0,,,0,0,2,0,False,0,0,2,1,True,True,150,150,200,5000.0,[10000012],True,0,0,0,0,,,,[]
206,2,0,-1,1,206,0,,,0,0,2,0,False,0,0,2,1,True,True,150,150,200,5000.0,[10000012],True,0,0,0,0,,,,[]
207,2,0,-1,1,207,0,,,0,0,2,0,False,0,0,2,1,True,True,150,150,200,5000.0,[10000012],True,0,0,0,0,,,,[]
208,5,0,17680000,1,1,0,Monster_Name_208,,0,0,2,0,False,0,0,2,1,True,True,40,50,200,3000.0,[7002501],False,0,0,0,0,,,,[]
209,5,0,17690000,1,1,0,Monster_Name_209,,0,0,2,0,False,0,0,2,1,True,True,40,50,200,3000.0,[7002601],False,0,0,0,0,,,,[]
210,5,0,17700000,1,1,0,Monster_Name_210,,0,0,2,0,False,0,0,2,1,True,True,40,50,200,3000.0,[7005401],False,0,0,0,0,,,,[]
211,5,0,17710000,1,1,0,Monster_Name_211,,0,0,2,0,False,0,0,2,1,True,True,40,50,200,3000.0,[7002301],False,0,0,0,0,,,,[]
212,5,0,17720000,1,1,0,Monster_Name_212,,0,0,2,0,False,0,0,2,1,True,True,40,50,200,3000.0,[7005301],False,0,0,0,0,,,,[]
213,5,0,17730000,1,1,0,Monster_Name_213,,0,0,2,0,False,0,0,2,1,True,True,40,50,200,3000.0,[7002401],False,0,0,0,0,,,,[]
214,5,0,30080001,1,214,0,,,0,0,2,125,False,0,0,2,1,False,False,0,40,200,3000.0,[3006013],True,0,1,0,0,,,,[]
215,5,0,30080001,1,215,0,,,0,0,2,125,False,0,0,2,1,False,False,0,40,200,3000.0,[3002013],True,0,1,0,0,,,,[]
216,5,0,30080001,1,216,0,,,0,0,2,125,False,0,0,2,1,False,False,0,40,200,3000.0,[3009012],True,0,1,0,0,,,,[]
217,5,0,30920000,0,1,0,Monster_Name_217,,0,0,2,0,False,0,0,2,0,True,True,40,40,200,0.0,[],False,0,0,0,0,,,,[]
218,5,0,17200000,218,1,0,Monster_Name_218,,0,0,2,0,False,0,0,2,1,True,True,40,50,200,3000.0,[7009901],False,0,0,0,0,,,,[]
219,5,0,17220000,219,1,0,Monster_Name_219,,0,0,2,0,False,0,0,2,1,True,True,40,50,200,3000.0,[7009901],False,0,0,0,0,,,,[]
220,5,0,17221000,220,1,0,Monster_Name_220,,0,0,2,0,False,0,0,2,1,True,True,40,50,200,3000.0,[7009901],False,0,0,0,0,,,,[]
221,5,0,17210000,221,1,0,Monster_Name_221,,0,0,2,0,False,0,0,2,1,True,True,40,50,200,3000.0,[7009901],False,0,0,0,0,,,,[]
222,5,0,10740000,1,1,0,Monster_Name_222,,0,0,2,0,False,0,0,2,1,True,True,40,50,200,3000.0,"[7010101,7010102,7010103,7010104,7010105,7010106]",False,0,0,0,0,,,,[]
223,5,0,10670000,1,1,0,Monster_Name_223,,0,0,2,0,False,0,0,2,1,True,True,40,50,200,3000.0,"[7010201,7010202,7010203]",False,0,0,0,0,,,,[]
224,5,0,17170000,1,1,0,Monster_Name_224,,0,0,2,0,False,0,0,2,1,True,True,40,50,200,3000.0,"[7010301,7010302]",False,0,0,0,0,,,,[]
225,5,0,10685000,1,1,0,Monster_Name_225,,0,0,2,0,False,0,0,2,1,True,True,40,50,200,3000.0,[7010401],False,0,0,0,0,,,,[]
226,5,0,10684000,1,1,0,Monster_Name_226,,0,0,2,0,False,0,0,2,1,True,True,40,50,200,3000.0,"[7010501,7010502]",False,0,0,0,0,,,,[]
227,5,0,10584000,1,1,0,Monster_Name_227,,0,0,2,0,False,0,0,2,1,True,True,40,50,200,3000.0,"[7010601,7010602]",False,0,0,0,0,,,,[]
228,5,0,16311000,228,2,0,Monster_Name_182,,0,0,2,0,False,0,2,2,1,True,True,40,100,200,5000.0,[7101901],False,0,0,0,0,,,,[]
229,5,0,30080001,1,229,0,,,0,0,2,125,False,0,0,2,1,False,False,0,40,200,3000.0,[7101903],True,0,1,0,0,,,,[]
230,5,0,30080001,1,230,0,,,0,0,2,125,False,0,0,2,1,False,False,0,40,200,3000.0,[7101906],True,0,1,0,0,,,,[]
231,88,0,16311001,231,231,0,Monster_Name_231,,0,0,2,0,False,0,0,2,1,True,True,40,40,200,5000.0,[7101901],True,0,0,0,0,Sombra de Pelastus,,,[]
232,5,0,10681000,1,1,0,Monster_Name_232,,0,0,2,0,False,0,0,2,1,True,True,40,50,200,3000.0,"[7010701,7010702]",False,0,0,0,0,,,,[]
233,5,0,10680000,1,1,0,Monster_Name_233,,0,0,2,0,False,0,0,2,1,True,True,40,50,200,3000.0,[7010809],False,0,0,0,0,,,,[]
234,5,0,10683000,1,1,0,Monster_Name_234,,0,0,2,0,False,0,0,2,1,True,True,40,50,200,3000.0,"[7010901,7010902]",False,0,0,0,0,,,,[]
235,5,0,10682000,1,1,0,Monster_Name_235,,0,0,2,0,False,0,0,2,1,True,True,40,50,200,3000.0,[7011001],False,0,0,0,0,,,,[]
236,5,0,10585000,1,1,0,Monster_Name_236,,0,0,2,0,False,0,0,2,1,True,True,40,50,200,3000.0,"[7011101,7011102]",False,0,0,0,0,,,,[]
237,5,0,10470000,1,1,0,Monster_Name_237,,0,0,2,0,False,0,0,2,1,True,True,40,50,200,3000.0,[7011201],False,0,0,0,0,,,,[]
238,5,0,10440000,1,1,0,Monster_Name_238,,0,0,2,0,False,0,0,2,1,True,True,40,50,200,3000.0,[7011301],False,0,0,0,0,,,,[]
239,5,0,18610000,1,1,0,Monster_Name_239,,0,0,2,0,False,0,0,2,1,True,True,40,50,200,3000.0,[7011401],False,0,0,0,0,,,,[]
240,5,0,18620000,1,1,0,Monster_Name_240,,0,0,2,0,False,0,0,2,1,True,True,40,50,200,3000.0,[7011501],False,0,0,0,0,,,,[]
241,5,0,18630000,1,1,0,Monster_Name_241,,0,0,2,0,False,0,0,2,1,True,True,40,50,200,3000.0,[7011601],False,0,0,0,0,,,,[]
242,5,0,18640000,1,1,0,Monster_Name_242,,0,0,2,0,False,0,0,2,1,True,True,40,50,200,3000.0,[7011801],False,0,0,0,0,,,,[]
243,5,0,18650000,243,1,0,Monster_Name_243,,0,0,2,0,False,0,0,2,1,True,True,40,50,200,3000.0,"[7011701,7011702]",False,0,0,0,0,,,,[]
244,99,0,30080001,1,244,0,,,0,0,2,125,False,0,0,2,1,False,False,0,40,200,5000.0,[9999022],True,0,1,0,0,,,,[]
246,5,0,16040000,246,1,0,Monster_Name_246,,0,0,2,0,False,0,0,2,1,True,True,150,200,200,3000.0,[],False,0,0,0,0,,,,[]
247,5,0,16040100,1,247,0,,,0,0,2,122,False,0,0,2,1,False,True,0,50,50,1000.0,[7102011],False,0,0,0,0,,,,[]
248,5,0,16060000,248,1,0,Monster_Name_248,,0,0,2,0,False,0,0,2,1,True,True,150,200,200,3000.0,[7102101],False,0,0,0,0,,,,[]
249,5,0,10310000,1,1,0,Monster_Name_63,,0,0,2,0,False,0,0,2,1,True,True,40,130,200,3000.0,"[7005801,7005802]",False,0,0,0,0,,,,[]
250,5,0,17250000,1,1,0,Monster_Name_250,,0,0,2,0,False,0,0,2,1,True,True,40,100,200,3000.0,"[7011901,7011902]",False,0,0,0,0,,,,[]
251,5,0,10442000,1,1,0,Monster_Name_251,,0,0,2,0,False,0,0,2,1,True,True,40,100,200,3000.0,[7012001],False,0,0,0,0,,,,[]
252,5,0,10441000,1,1,0,Monster_Name_252,,0,0,2,0,False,0,0,2,1,True,True,40,100,200,3000.0,[7012101],False,0,0,0,0,,,,[]
253,5,0,10450000,1,253,0,Monster_Name_253,,0,0,2,0,False,0,0,2,1,True,True,40,100,200,3000.0,[7012201],False,0,0,0,0,,,,[]
254,5,0,16230000,199,1,0,Monster_Name_254,,0,0,2,104,False,0,2,2,1,True,True,100,230,200,3000.0,[7102201],False,0,0,0,0,,,,[]
255,5,0,16240000,200,1,0,Monster_Name_255,,0,0,2,104,False,0,2,2,1,True,True,120,200,200,3000.0,[7102301],False,0,0,0,0,,,,[]
256,5,0,16250000,201,1,0,Monster_Name_256,,0,0,2,104,False,0,2,2,1,True,True,100,130,200,3000.0,[7102401],False,0,0,0,0,,,,[]
257,5,0,16260000,202,1,0,Monster_Name_257,,0,0,2,104,False,0,2,2,1,True,True,150,250,200,3000.0,[7102501],False,0,0,0,0,,,,[]
258,5,0,16270000,203,1,0,Monster_Name_258,,0,0,2,104,False,0,2,2,1,True,True,60,150,200,3000.0,[7102601],False,0,0,0,0,,,,[]
259,5,0,16280000,204,1,0,Monster_Name_259,,0,0,2,104,False,0,2,2,1,True,True,100,200,200,3000.0,[7102701],False,0,0,0,0,,,,[]
260,5,0,17240000,1,1,0,Monster_Name_260,,0,0,2,0,False,0,0,2,1,True,True,40,80,200,3000.0,"[7012301,7012302,7012303,7012304,7012305]",False,0,0,0,0,,,,[]
261,2,0,10700000,1,1,0,,,0,0,2,0,False,0,0,2,1,True,True,50,200,200,5000.0,"[3501001,3501002,3501003]",False,0,0,0,0,,,,[]
262,5,0,40002100,262,262,0,Monster_Name_262,,0,0,2,122,False,0,0,2,1,True,True,10,15,10,3000.0,[1060141],False,0,0,0,0,,,,[]
263,5,0,40002101,263,262,0,Monster_Name_263,,0,0,2,122,False,0,0,2,1,True,True,10,15,10,3000.0,[1060141],False,0,0,0,0,,,,[]
264,5,0,40002102,264,262,0,Monster_Name_264,,0,0,2,122,False,0,0,2,1,True,True,10,15,10,3000.0,[1060141],False,0,0,0,0,,,,[]
265,5,0,40002103,265,262,0,Monster_Name_265,,0,0,2,122,False,0,0,2,1,True,True,10,15,10,3000.0,[1060141],False,0,0,0,0,,,,[]
266,2,0,10800000,266,1,0,,,0,0,2,0,False,0,0,2,1,True,True,50,170,200,5000.0,"[3504001,3504002,3504003]",False,0,0,0,0,,,,[]
267,2,0,10790000,267,1,0,,,0,0,2,0,False,0,0,2,1,True,True,50,170,200,5000.0,"[3505001,3505002,3505003]",False,0,0,0,0,,,,[]
268,3,0,16110001,1,1,0,Monster_Name_138,,0,0,2,0,False,0,0,2,0,True,True,40,50,200,3000.0,[7000701],False,0,0,0,0,,,,[]
269,5,0,16120001,1,1,0,Monster_Name_139,,0,0,2,0,False,0,0,2,1,True,True,40,120,200,3000.0,[7009201],False,0,0,0,0,,,,[]
270,2,0,16130001,1,1,0,Monster_Name_135,,0,0,2,0,False,0,0,2,0,True,True,40,130,200,3000.0,[7000901],False,0,0,0,0,,,,[]
271,5,0,16140001,1,1,0,Monster_Name_136,,0,0,2,0,False,0,0,2,1,True,True,40,110,200,3000.0,"[7004101,7004102]",False,0,0,0,0,,,,[]
272,5,0,16150001,1,1,0,Monster_Name_134,,0,0,2,0,False,0,0,2,1,True,True,40,140,200,3000.0,[7005001],False,0,0,0,0,,,,[]
273,5,0,16160002,1,1,0,Monster_Name_140,,0,0,2,0,False,0,0,2,1,True,True,40,100,200,3000.0,"[7004301,7004302]",False,0,0,0,0,,,,[]
274,5,0,16180001,1,1,0,Monster_Name_142,,0,0,2,0,False,0,0,2,1,True,True,40,120,200,3000.0,[7004401],False,0,0,0,0,,,,[]
275,5,0,16190001,1,1,0,Monster_Name_143,,0,0,2,0,False,0,0,2,1,True,True,40,80,200,3000.0,[7005101],False,0,0,0,0,,,,[]
276,5,0,16230001,1,1,0,Monster_Name_254,,0,0,2,0,False,0,0,2,1,True,True,40,100,200,3000.0,"[7007701,7007702]",False,0,0,0,0,,,,[]
277,5,0,16280001,1,1,0,Monster_Name_259,,0,0,2,0,False,0,0,2,1,True,True,40,100,200,3000.0,[7005601],False,0,0,0,0,,,,[]
278,5,0,30080001,1,278,0,,,0,0,2,0,False,0,0,2,1,False,False,0,40,10,3000.0,[8000022],True,0,1,0,0,,,,[]
279,5,0,10810000,1,1,0,Monster_Name_260,,0,0,2,0,False,0,0,2,1,True,True,40,60,200,3000.0,"[7012401,7012402]",False,0,0,0,0,,,,[]
280,5,0,10811000,1,1,0,Monster_Name_261,,0,0,2,0,False,0,0,2,1,True,True,40,60,200,3000.0,"[7012501,7012502]",False,0,0,0,0,,,,[]
281,5,0,10390000,1,1,0,Monster_Name_98,,0,0,2,0,False,0,0,2,1,True,True,40,100,200,3000.0,[7009101],False,0,0,0,0,,,,[]
282,5,0,30080001,1,282,0,,,0,0,2,0,False,0,0,2,1,False,False,0,40,200,5000.0,[7102914],True,0,1,0,0,,,,[]
283,5,0,18680000,283,1,0,Monster_Name_283,,0,0,2,0,False,0,0,2,1,True,True,40,100,200,3000.0,"[7012601,7012602]",False,0,0,0,0,,,,[]
284,5,0,18690000,284,1,0,Monster_Name_284,,0,0,2,0,False,0,0,2,1,True,True,40,100,200,3000.0,"[7012701,7012702]",False,0,0,0,0,,,,[]
285,5,0,18700000,285,1,0,Monster_Name_285,,0,0,2,0,False,0,0,2,1,True,True,40,100,200,3000.0,[7013001],False,0,0,0,0,,,,[]
286,5,0,18710000,286,1,0,Monster_Name_286,,0,0,2,0,False,0,0,2,1,True,True,40,100,200,3000.0,"[7012901,7012902]",False,0,0,0,0,,,,[]
287,5,0,18720000,287,1,0,Monster_Name_287,,0,0,2,0,False,0,0,2,1,True,True,40,100,200,3000.0,"[7012801,7012802]",False,0,0,0,0,,,,[]
288,5,0,10812000,1,1,0,Monster_Name_288,,0,0,2,0,False,0,0,2,1,True,True,40,50,200,3000.0,"[7013101,7013102]",False,0,0,0,0,,,,[]
289,5,0,18750000,1,1,0,Monster_Name_289,,0,0,2,0,False,0,0,2,1,True,True,30,40,200,3000.0,"[7013201,7013202]",False,0,0,0,0,,,,[]
290,5,0,18760000,1,1,0,Monster_Name_290,,0,0,2,0,False,0,0,2,1,True,True,30,40,200,3000.0,[7013301],False,0,0,0,0,,,,[]
291,5,0,10310001,1,1,0,Monster_Name_291,Monster_Title_300,0,0,2,0,False,0,0,2,1,True,True,40,110,200,3000.0,"[7005801,7005802]",False,0,0,0,0,,,,[]
292,3,0,10010002,1,1,0,Monster_Name_292,Monster_Title_300,0,0,2,0,False,0,0,2,1,True,True,40,110,200,3000.0,[7000101],False,0,0,0,0,,,,[]
293,3,0,10032002,1,1,0,Monster_Name_293,Monster_Title_300,0,0,2,0,False,0,0,2,0,True,True,40,80,200,3000.0,[7000701],False,0,0,0,0,,,,[]
294,5,0,10130002,1,1,0,Monster_Name_294,Monster_Title_300,0,0,2,0,False,0,0,2,1,True,True,40,80,200,3000.0,[7008801],False,0,0,0,0,,,,[]
295,1,0,10180001,1,1,0,Monster_Name_295,Monster_Title_300,0,0,2,0,False,0,0,2,1,True,True,40,160,200,3000.0,[7000201],False,0,0,0,0,,,,[]
296,5,0,10260002,1,1,0,Monster_Name_296,Monster_Title_300,0,0,2,0,False,0,0,2,1,True,True,40,110,200,3000.0,[7004401],False,0,0,0,0,,,,[]
297,5,0,10290003,1,1,0,Monster_Name_297,Monster_Title_300,0,0,2,0,False,0,0,2,1,True,True,40,80,200,3000.0,"[7004101,7004102]",False,0,0,0,0,,,,[]
298,5,0,10300002,1,1,0,Monster_Name_298,Monster_Title_300,0,0,2,0,False,0,0,2,1,True,True,40,60,200,3000.0,"[7004301,7004302]",False,0,0,0,0,,,,[]
299,5,0,10550002,1,1,0,Monster_Name_299,Monster_Title_300,0,0,2,0,False,0,0,2,1,True,True,30,40,200,3000.0,"[7006201,7006202]",False,0,0,0,0,,,,[]
300,5,0,10750101,1,1,0,Monster_Name_300,Monster_Title_300,0,0,2,0,False,0,0,2,1,True,True,30,40,200,3000.0,[7003101],False,0,0,0,0,,,,[]
301,5,0,10810001,1,1,0,Monster_Name_301,Monster_Title_300,0,0,2,0,False,0,0,2,1,True,True,40,60,200,3000.0,"[7012401,7012402]",False,0,0,0,0,,,,[]
302,5,0,18770000,1,1,0,Monster_Name_289,,0,0,2,0,False,0,0,2,1,True,True,40,60,200,3000.0,"[7013401,7013402]",False,0,0,0,0,,,,[]
303,5,0,18780000,1,1,0,Monster_Name_289,,0,0,2,0,False,0,0,2,1,True,True,40,60,200,3000.0,"[7013501,7013502,7013503]",False,0,0,0,0,,,,[]
304,5,0,18790000,1,1,0,Monster_Name_289,,0,0,2,0,False,0,0,2,1,True,True,40,60,200,3000.0,"[7013601,7013602]",False,0,0,0,0,,,,[]
305,5,0,18800000,1,1,0,Monster_Name_289,,0,0,2,0,False,0,0,2,1,True,True,40,60,200,3000.0,"[7013701,7013702,7013703]",False,0,0,0,0,,,,[]
306,45,0,18810000,18810000,1,0,Monster_Name_46,,0,0,2,0,False,0,0,2,1,True,True,30,40,200,3000.0,"[91010001,91010002,91010003]",False,0,0,0,0,Atirador Predo,,,[]
307,45,0,18820000,18820000,1,0,Monster_Name_46,,0,0,2,0,False,0,0,2,1,True,True,30,40,200,3000.0,"[81010001,81010002,81010003]",False,0,0,0,0,Atirador Predo,,,[]
308,45,0,18830000,18830000,1,0,Monster_Name_46,,0,0,2,0,False,0,0,2,1,True,True,30,40,200,3000.0,"[91060001,91060002,91060003]",False,0,0,0,0,Atirador Predo,,,[]
309,45,0,18840000,18840000,1,0,Monster_Name_46,,0,0,2,0,False,0,0,2,1,True,True,30,40,200,3000.0,"[81030001,81030002,81030003,81030004]",False,0,0,0,0,Atirador Predo,,,[]
310,45,0,18850000,18850000,1,0,Monster_Name_46,,0,0,2,0,False,0,0,2,1,True,True,30,40,200,3000.0,[91020001],False,0,0,0,0,Atirador Predo,,,[]
311,45,0,18860000,18860000,1,0,Monster_Name_46,,0,0,2,0,False,0,0,2,1,True,True,30,40,200,3000.0,"[81050001,81050002,81050003,81050004]",False,0,0,0,0,Atirador Predo,,,[]
312,5,0,10819000,1,1,0,Monster_Name_289,,0,0,2,0,False,0,0,2,1,True,True,40,60,200,3000.0,[7013801],False,0,0,0,0,,,,[]
313,5,0,17320001,313,313,0,Monster_Name_313,,0,0,2,0,False,0,0,2,1,True,True,40,60,200,3000.0,[7103301],False,0,0,0,0,,,,[]
314,24,0,17320003,314,314,0,Monster_Name_314,,0,0,2,0,False,0,0,2,1,True,True,40,60,200,10000.0,[7103302],True,0,0,0,0,Sombra de Ada,,,[]
315,5,0,30080001,1,315,0,,,0,0,2,0,False,0,0,2,1,False,False,0,40,200,3000.0,[7103305],True,0,1,0,0,,,,[]
316,5,0,30080001,1,316,0,,,0,0,2,0,False,0,0,2,1,False,False,0,40,200,3000.0,[7103309],True,0,1,0,0,,,,[]
317,5,0,17430000,317,317,0,Monster_Name_317,,0,0,2,0,False,0,0,2,1,True,True,40,100,310,3000.0,"[7013901,7013902]",False,0,0,0,0,,,,[]
318,5,0,30080001,1,318,0,,,0,0,2,0,False,0,0,2,1,False,False,0,40,200,5000.0,[7100930],True,0,1,0,0,,,,[]
319,5,0,30080002,1,1,0,,,0,0,2,0,False,0,0,2,1,False,False,0,40,200,3000.0,[],True,0,1,0,0,,,,[]
320,5,0,18950000,320,320,0,Monster_Name_313,,0,0,2,0,False,0,0,2,1,True,True,40,60,200,3000.0,"[7103401,7103402]",False,0,0,0,0,,,,[]
321,5,0,17190000,1,1,0,Monster_Name_313,,0,0,2,0,False,0,0,2,1,True,True,30,40,200,3000.0,[7014001],False,0,0,0,0,,,,[]
322,5,0,10822000,1,1,0,Monster_Name_313,,0,0,2,0,False,0,0,2,1,True,True,40,60,200,3000.0,[7014101],False,0,0,0,0,,,,[]
323,5,0,10820000,1,1,0,Monster_Name_313,,0,0,2,0,False,0,0,2,1,True,True,40,80,200,3000.0,"[7014201,7014202,7014203]",False,0,0,0,0,,,,[]
324,5,0,10824000,1,1,0,Monster_Name_313,,0,0,2,0,False,0,0,2,1,True,True,30,40,200,3000.0,"[7014301,7014302]",False,0,0,0,0,,,,[]
325,5,0,10821000,1,1,0,Monster_Name_313,,0,0,2,0,False,0,0,2,1,True,True,40,60,200,3000.0,"[7014401,7014402,7014403,7014404,7014405]",False,0,0,0,0,,,,[]
326,5,0,10825000,1,1,0,Monster_Name_313,,0,0,2,0,False,0,0,2,1,True,True,30,40,200,3000.0,"[7014501,7014502,7014503]",False,0,0,0,0,,,,[]
327,5,0,17440000,327,1,0,Monster_Name_327,,0,0,2,0,False,0,0,2,1,True,True,40,100,200,3000.0,"[7014601,7014602]",False,0,0,0,0,,,,[]
328,5,0,18970000,328,1,0,Monster_Name_328,,0,0,2,0,False,0,0,2,1,True,True,40,100,200,3000.0,"[7014701,7014702]",False,0,0,0,0,,,,[]
329,5,0,18980000,329,1,0,Monster_Name_329,,0,0,2,0,False,0,0,2,1,True,True,40,60,200,3000.0,[7014801],False,0,0,0,0,,,,[]
330,5,0,16320000,330,1,0,Monster_Name_329,,0,0,2,104,False,0,2,2,1,True,True,80,220,150,3000.0,[7103501],False,0,0,0,0,,,,[]
331,5,0,30080001,331,331,0,,,0,0,2,122,False,0,0,2,1,False,False,0,40,200,5000.0,[7103511],True,0,1,0,0,,,,[]
332,5,0,16050000,332,1,0,Monster_Name_329,,0,0,2,104,False,0,2,2,1,True,True,40,60,110,3000.0,[7103601],False,0,0,0,0,,,,[]
333,5,0,10813000,1,1,0,Monster_Name_313,,0,0,2,0,False,0,0,2,1,True,True,40,50,80,3000.0,"[7014901,7014902]",False,0,0,0,0,,,,[]
334,5,0,10818000,1,1,0,Monster_Name_313,,0,0,2,0,False,0,0,2,1,True,True,40,40,110,3000.0,[7015001],False,0,0,0,0,,,,[]
335,5,0,10816000,1,1,0,Monster_Name_313,,0,0,2,0,False,0,0,2,1,True,True,40,40,110,3000.0,"[7015101,7015102]",False,0,0,0,0,,,,[]
336,5,0,10817000,1,1,0,Monster_Name_313,,0,0,2,0,False,0,0,2,1,True,True,40,60,130,3000.0,"[7015201,7015202]",False,0,0,0,0,,,,[]
337,5,0,10828000,1,1,0,Monster_Name_313,,0,0,2,0,False,0,0,2,1,True,True,40,50,110,3000.0,"[7015301,7015302]",False,0,0,0,0,,,,[]
338,5,0,16290000,338,1,0,Monster_Name_313,,0,0,2,104,False,0,2,2,1,True,True,230,230,150,3000.0,[7102801],False,0,0,0,0,,,,[]
339,5,0,10815000,1,1,0,Monster_Name_313,,0,0,2,0,False,0,0,2,1,True,True,40,50,100,3000.0,[7015401],False,0,0,0,0,,,,[]
340,5,0,10814000,1,1,0,Monster_Name_313,,0,0,2,0,False,0,0,2,1,True,True,40,50,80,3000.0,[7015501],False,0,0,0,0,,,,[]
341,5,0,10830000,1,1,0,Monster_Name_313,,0,0,2,0,False,0,0,2,1,True,True,40,40,110,3000.0,"[7015601,7015602]",False,0,0,0,0,,,,[]
342,5,0,10829000,1,1,0,Monster_Name_313,,0,0,2,0,False,0,0,2,1,True,True,40,50,110,3000.0,[7015701],False,0,0,0,0,,,,[]
343,5,0,10831000,1,1,0,Monster_Name_313,,0,0,2,0,False,0,0,2,1,True,True,40,80,140,3000.0,"[7015801,7015802,7015803,7015804]",False,0,0,0,0,,,,[]
344,5,0,10826000,1,1,0,Monster_Name_313,,0,0,2,0,False,0,0,2,1,True,True,40,60,120,3000.0,"[7015901,7015902]",False,0,0,0,0,,,,[]
345,5,0,10827000,1,1,0,Monster_Name_313,,0,0,2,0,False,0,0,2,1,True,True,40,60,120,3000.0,"[7016001,7016002]",False,0,0,0,0,,,,[]
346,5,0,10832000,1,1,0,Monster_Name_313,,0,0,2,0,False,0,0,2,1,True,True,60,150,130,3000.0,"[7016101,7016102,7016103]",False,0,0,0,0,,,,[]
347,5,0,10710100,347,1,0,Monster_Name_347,,0,0,2,0,False,0,0,2,1,True,True,30,40,160,3000.0,[7016201],False,0,0,0,0,,,,[]
348,5,0,10711100,348,1,0,Monster_Name_348,,0,0,2,0,False,0,0,2,1,True,True,30,40,160,3000.0,[7017201],False,0,0,0,0,,,,[]
349,5,0,30080001,1,349,0,,,0,0,2,125,False,0,0,2,1,False,False,0,40,200,5000.0,[7100114],True,0,1,0,0,,,,[]
350,5,0,30080000,1,350,0,,,0,0,2,125,False,0,0,2,1,False,False,0,40,10,3000.0,[8000023],True,0,1,0,0,,,,[]
351,5,0,30080000,1,351,0,,,0,0,2,125,False,0,0,2,1,False,False,0,40,10,3000.0,[7100931],True,0,1,0,0,,,,[]
352,5,0,30080001,1,352,0,,,0,0,2,125,False,0,0,2,1,False,False,0,40,10,5000.0,[7100118],True,0,1,0,0,,,,[]
353,5,0,10835000,1,1,0,Monster_Name_313,,0,0,2,0,False,0,0,2,1,True,True,50,70,120,3000.0,"[7017301,7017302]",False,0,0,0,0,,,,[]
354,5,0,10836000,1,1,0,Monster_Name_313,,0,0,2,0,False,0,0,2,1,True,True,40,60,120,3000.0,"[7017401,7017402]",False,0,0,0,0,,,,[]
355,2,0,30700000,355,1,0,Monster_Name_9017,,0,0,2,0,False,0,0,2,1,True,True,250,250,400,10000.0,[3611001],False,0,0,0,0,,,,[]
356,5,0,10470004,1,356,0,Monster_Name_356,,0,0,2,0,False,0,0,2,1,True,True,40,100,200,6000.0,[7100120],True,0,0,0,0,,,,[]
357,5,0,19030000,1,1,0,Monster_Name_328,,0,0,2,0,False,0,0,2,1,True,True,30,40,200,3000.0,"[7017501,7017502]",False,0,0,0,0,,,,[]
358,5,0,10838000,1,1,0,Monster_Name_313,,0,0,2,0,False,0,0,2,1,True,True,30,40,40,3000.0,[7017601],False,0,0,0,0,,,,[]
359,5,0,10833000,1,1,0,Monster_Name_313,,0,0,2,0,False,0,0,2,1,True,True,40,40,60,3000.0,[7017701],False,0,0,0,0,,,,[]
360,5,0,10834000,1,1,0,Monster_Name_313,,0,0,2,0,False,0,0,2,1,True,True,30,40,50,3000.0,"[7016301,7016302]",False,0,0,0,0,,,,[]
361,5,0,10823000,1,1,0,Monster_Name_313,,0,0,2,0,False,0,0,2,1,True,True,40,40,80,3000.0,"[7016401,7016402]",False,0,0,0,0,,,,[]
362,5,0,10839000,1,1,0,Monster_Name_313,,0,0,2,0,False,0,0,2,1,True,True,30,40,50,3000.0,"[7017801,7017802]",False,0,0,0,0,,,,[]
363,5,0,10840000,1,1,0,Monster_Name_313,,0,0,2,0,False,0,0,2,1,True,True,30,40,50,3000.0,[7017901],False,0,0,0,0,,,,[]
364,5,0,10841000,1,1,0,Monster_Name_313,,0,0,2,0,False,0,0,2,1,True,True,30,40,50,3000.0,"[7018001,7018002]",False,0,0,0,0,,,,[]
365,5,0,10837000,1,1,0,Monster_Name_313,,0,0,2,0,False,0,0,2,1,True,True,30,40,50,3000.0,[7018101],False,0,0,0,0,,,,[]
366,5,0,10843000,1,1,0,Monster_Name_313,,0,0,2,0,False,0,0,2,1,True,True,40,40,80,3000.0,[7018201],False,0,0,0,0,,,,[]
367,5,0,10842000,1,1,0,Monster_Name_313,,0,0,2,0,False,0,0,2,1,True,True,40,40,50,3000.0,[7018301],False,0,0,0,0,,,,[]
368,5,0,30080001,1,368,0,,,0,0,2,125,False,0,0,2,1,False,False,0,40,10,5000.0,[7100119],True,0,1,0,0,,,,[]
369,5,0,30080001,1,369,0,,,0,0,2,125,False,0,0,2,1,False,False,0,40,200,5000.0,[7100115],True,0,1,0,0,,,,[]
370,5,0,30080001,1,370,0,,,0,0,2,0,False,0,0,2,1,False,False,0,40,200,3000.0,[7103315],True,0,1,0,0,,,,[]
371,5,0,30080001,1,371,0,,,0,0,2,0,False,0,0,2,1,False,False,0,40,200,3000.0,[7103313],True,0,1,0,0,,,,[]
372,5,0,10720100,1,1,0,Monster_Name_313,,0,0,2,0,False,0,0,2,1,True,True,30,40,180,3000.0,"[7018401,7018402]",False,0,0,0,0,,,,[]
373,5,0,10730100,1,1,0,Monster_Name_313,,0,0,2,0,False,0,0,2,1,True,True,30,40,180,3000.0,[7018501],False,0,0,0,0,,,,[]
374,2,0,30700001,374,1,0,Monster_Name_9017,,0,0,2,0,False,0,0,2,1,True,True,250,250,400,10000.0,[3610001],False,0,0,0,0,,,,[]
375,2,0,30700002,375,1,0,Monster_Name_9017,,0,0,2,0,False,0,0,2,1,True,True,250,250,400,10000.0,[3612001],False,0,0,0,0,,,,[]
376,5,0,16180000,376,191,0,Monster_Name_142,,0,0,2,104,False,0,2,2,1,True,True,40,350,200,3000.0,[7101411],False,0,0,0,0,,,,[]
377,5,0,10692000,1,1,0,Monster_Name_313,,0,0,2,0,False,0,0,2,1,True,True,30,40,180,3000.0,"[7005404,7005405,7005406]",False,0,0,0,0,,,,[]
378,5,0,10691000,1,1,0,Monster_Name_313,,0,0,2,0,False,0,0,2,1,True,True,30,40,180,3000.0,"[7002603,7002604]",False,0,0,0,0,,,,[]
379,5,0,30080001,1,214,0,,,0,0,2,125,False,0,0,2,1,False,False,0,40,200,3000.0,[7210613],True,0,1,0,0,,,,[]
380,5,0,30080001,1,215,0,,,0,0,2,125,False,0,0,2,1,False,False,0,40,200,3000.0,[7210213],True,0,1,0,0,,,,[]
381,5,0,30080001,1,216,0,,,0,0,2,125,False,0,0,2,1,False,False,0,40,200,3000.0,[7210912],True,0,1,0,0,,,,[]
382,5,0,16330000,382,2,0,Monster_Name_313,,0,0,2,0,False,0,0,2,1,True,True,250,600,600,5000.0,"[7103701,7103702,7103703]",False,0,1,0,0,,,,[]
383,5,0,16340000,383,2,0,Monster_Name_383,,0,0,2,0,False,0,0,2,1,True,True,250,400,400,5000.0,"[7103801,7103802,7103803]",False,0,1,0,0,,,,[]
384,5,0,30080001,1,384,0,,,0,0,2,125,False,0,0,2,1,False,False,0,40,200,5000.0,[7103912],True,0,1,0,0,,,,[]
385,5,0,30080001,1,385,0,,,0,0,2,125,False,0,0,2,1,False,False,0,40,200,5000.0,[7103913],True,0,1,0,0,,,,[]
386,5,0,16350000,386,2,0,Monster_Name_383,,0,0,2,0,False,0,0,2,1,True,True,250,400,400,5000.0,"[7103901,7103903,7103905]",False,0,1,0,0,,,,[]
387,5,0,30080001,1,387,0,,,0,0,2,125,False,0,0,2,1,False,False,0,40,200,3000.0,[7103809],True,0,1,0,0,,,,[]
388,5,0,30080001,1,388,0,,,0,0,2,125,False,0,0,2,1,False,False,0,40,200,5000.0,[7103917],True,0,1,0,0,,,,[]
389,5,0,30080001,1,389,0,,,0,0,2,125,False,0,0,2,1,False,False,0,40,200,5000.0,[7103918],True,0,1,0,0,,,,[]
390,32,0,10685001,1,390,0,Monster_Name_390,,0,0,2,0,False,0,0,2,1,True,True,40,50,200,3000.0,[7010401],False,0,0,0,0,,,,[]
391,32,0,10684001,1,390,0,Monster_Name_391,,0,0,2,0,False,0,0,2,1,True,True,40,50,200,3000.0,"[7010501,7010502]",False,0,0,0,0,,,,[]
392,5,0,18750001,1,1,0,Monster_Name_391,,0,0,2,0,False,0,0,2,1,True,True,40,50,200,3000.0,"[7018601,7018602]",False,0,0,0,0,,,,[]
393,15,0,10683000,1,1,0,Monster_Name_300813,Monster_Title_301504,0,0,2,0,False,0,0,2,1,True,True,40,50,200,3000.0,"[7010901,7010902]",True,0,0,0,0,Karon Bruxo,Atacante de Bellato City,,[]
394,5,0,16360000,394,394,0,Monster_Name_394,,0,0,2,0,False,0,2,2,1,True,True,200,300,600,5000.0,[7104001],False,0,1,0,0,,,,[]
395,5,0,30080001,1,395,0,,,0,0,2,125,False,0,0,2,1,False,False,0,40,200,3000.0,[7104004],True,0,1,0,0,,,,[]
396,5,0,30080001,1,141,0,,,0,0,2,125,False,0,0,2,1,False,False,0,40,200,3000.0,[7104006],True,0,1,0,0,,,,[]
397,5,0,30080001,1,141,0,,,0,0,2,125,False,0,0,2,1,False,False,0,40,200,3000.0,[7104008],True,0,1,0,0,,,,[]
398,5,0,30080001,1,141,0,,,0,0,2,125,False,0,0,2,1,False,False,0,40,200,3000.0,[7104011],True,0,1,0,0,,,,[]
399,5,0,17740010,399,2,0,Monster_Name_317,,0,0,2,0,False,0,2,2,1,True,True,100,150,200,3000.0,"[7104101,7104102]",False,0,1,0,0,,,,[]
400,5,0,10280004,1,2,0,Monster_Name_91,,0,0,2,0,False,0,0,2,1,True,True,40,120,200,3000.0,"[7008501,7008502]",False,0,0,0,0,,,,[]
401,5,0,16040100,1,247,0,,,0,0,2,122,False,0,0,2,1,False,True,0,50,50,1000.0,[7102022],False,0,0,0,0,,,,[]
402,5,0,10660002,1,1,0,Monster_Name_74,,0,0,2,0,False,0,2,2,1,True,True,40,100,200,3000.0,"[7006801,7006802,7006803,7006804]",False,0,0,0,0,,,,[]
403,5,0,18680006,403,2,0,Monster_Name_283,,0,0,2,0,False,0,0,2,1,True,True,60,100,200,3000.0,"[7104201,7104202]",False,0,0,0,0,,,,[]
404,5,0,30080001,1,193,0,,,0,0,2,125,False,0,0,2,1,False,False,0,40,200,5000.0,[7101813],True,0,1,0,0,,,,[]
405,5,0,30080001,1,139,0,,,0,0,2,125,False,0,0,2,1,False,False,0,40,200,5000.0,[7101814],True,0,1,0,0,,,,[]
406,5,0,30080001,1,193,0,,,0,0,2,125,False,0,0,2,1,False,False,0,40,200,5000.0,[7101815],True,0,1,0,0,,,,[]
407,5,0,30080001,1,193,0,,,0,0,2,125,False,0,0,2,1,False,False,0,40,200,5000.0,[7101816],True,0,1,0,0,,,,[]
408,5,0,30080001,1,193,0,,,0,0,2,125,False,0,0,2,1,False,False,0,40,200,5000.0,[7101817],True,0,1,0,0,,,,[]
409,5,0,16370000,436,2,0,Monster_Name_409,,0,0,2,0,False,0,2,2,1,True,True,250,400,400,5000.0,"[7104601,7104602]",False,0,1,0,0,,,,[]
410,5,0,16380000,410,410,0,Monster_Name_410,,0,0,2,0,False,0,2,2,1,True,True,200,300,600,5000.0,[7104301],False,0,1,0,0,,,,[]
411,67,0,16380001,1,411,0,Monster_Name_411,,0,0,2,122,False,0,0,2,1,True,True,70,100,200,5000.0,[7104305],True,0,0,0,0,Véu de Urano,,,[]
412,67,0,16380001,1,411,0,Monster_Name_412,,0,0,2,122,False,0,0,2,1,True,True,70,100,200,5000.0,[7104306],True,0,0,0,0,Escudo de Urano,,,[]
413,67,0,16380001,1,411,0,Monster_Name_413,,0,0,2,122,False,0,0,2,1,True,True,70,100,200,5000.0,[7104307],True,0,0,0,0,Lança de Urano,,,[]
414,63,0,30080001,1,414,0,,,0,0,2,125,False,0,0,2,1,False,False,0,40,200,5000.0,[7104310],True,0,1,0,0,,,,[]
415,5,0,30080001,1,186,0,,,0,0,2,125,False,0,0,2,1,False,False,0,40,200,5000.0,[7100946],True,0,1,0,0,,,,[]
416,5,0,30080001,1,196,0,,,0,0,2,125,False,0,0,2,1,False,False,0,40,200,5000.0,[7100947],True,0,1,0,0,,,,[]
417,5,0,16390000,417,417,0,Monster_Name_383,,0,0,2,0,False,0,2,2,1,True,True,200,300,300,5000.0,"[7104401,7104402,7104403]",False,0,1,0,0,,,,[]
418,5,0,30080001,1,418,0,,,0,0,2,0,False,0,0,2,1,False,False,0,40,100,5000.0,[7104413],True,0,1,0,0,,,,[]
419,5,0,30080001,1,193,0,,,0,0,2,0,False,0,0,2,1,False,False,0,40,100,5000.0,[7104416],True,0,1,0,0,,,,[]
420,5,0,30080001,1,418,0,,,0,0,2,0,False,0,0,2,1,False,False,0,40,100,5000.0,[7104417],True,0,1,0,0,,,,[]
421,5,0,30080001,1,186,0,,,0,0,2,125,False,0,0,2,1,False,False,0,40,200,5000.0,[8010905],True,0,1,0,0,,,,[]
422,5,0,30080001,1,186,0,,,0,0,2,125,False,0,0,2,1,False,False,0,40,200,5000.0,[8010910],True,0,1,0,0,,,,[]
423,5,0,30080001,1,186,0,,,0,0,2,125,False,0,0,2,1,False,False,0,40,200,5000.0,[8010912],True,0,1,0,0,,,,[]
424,5,0,18570001,424,2,0,Monster_Name_283,,0,0,2,0,False,0,2,2,1,True,True,30,110,200,3000.0,"[7200501,7200502,7200503,7200504]",False,0,0,0,0,,,,[]
425,5,0,30080001,1,139,0,,,0,0,2,0,False,0,0,2,1,False,False,0,40,100,5000.0,[7104418],True,0,1,0,0,,,,[]
426,5,0,10590000,1,1,0,Monster_Name_65,,0,0,2,0,False,0,0,2,1,True,True,40,80,200,3000.0,[7006001],False,0,0,0,0,,,,[]
427,5,0,10842001,1,1,0,Monster_Name_313,,0,0,2,0,False,0,0,2,1,True,True,40,40,50,3000.0,[7018302],False,0,0,0,0,,,,[]
428,5,0,30080001,1,418,0,,,0,0,2,0,False,0,0,2,1,False,False,0,40,100,5000.0,[7104442],True,0,1,0,0,,,,[]
429,99,0,30080001,1,418,0,,,0,0,2,0,False,0,0,2,1,False,False,0,40,100,5000.0,[7104421],True,0,1,0,0,,,,[]
430,99,0,30080001,1,418,0,,,0,0,2,0,False,0,0,2,1,False,False,0,40,100,5000.0,[7104422],True,0,1,0,0,,,,[]
431,5,0,30080001,1,141,0,,,0,0,2,125,False,0,0,2,1,False,False,0,40,200,5000.0,[8010907],True,0,1,0,0,,,,[]
432,5,0,17750002,432,2,0,NPC_Name_111802,NPC_Title_111802,0,0,2,0,False,0,0,2,1,True,True,40,90,200,3000.0,[],True,0,0,0,0,Sitz Paro,Protetor das Estrelas,,[]
433,5,0,17760004,433,2,0,NPC_Name_111803,NPC_Title_111803,0,0,2,0,False,0,0,2,1,True,True,30,60,180,3000.0,[],True,0,0,0,0,Giz Kadasha,Protetor das Estrelas,,[]
434,5,0,30080001,1,214,0,,,0,0,2,0,False,0,0,2,1,False,False,0,40,100,5000.0,[7100409],True,0,1,0,0,,,,[]
435,5,0,17430001,435,317,0,Monster_Name_317,,0,0,2,0,False,0,0,2,1,True,True,40,100,310,3000.0,[7104501],False,0,0,0,0,,,,[]
436,43,0,10480000,437,1,0,Monster_Name_436,,0,0,2,122,False,0,0,2,1,True,True,40,50,200,3000.0,[7104610],False,0,0,0,0,,,,[]
437,5,0,30080001,1,437,0,,,0,0,2,125,False,0,0,2,1,False,False,0,40,200,5000.0,[7104612],True,0,1,0,0,,,,[]
438,5,0,30080001,1,438,0,,,0,0,2,125,False,0,0,2,1,False,False,0,40,200,5000.0,[7104613],True,0,1,0,0,,,,[]
439,5,0,10846000,1,1,0,,,0,0,2,0,False,0,0,2,1,True,True,40,120,120,3000.0,"[7018901,7018902,7018903]",False,0,0,0,0,,,,[]
440,5,0,10845000,1,1,0,,,0,0,2,0,False,0,0,2,1,True,True,40,50,120,3000.0,[7019001],False,0,0,0,0,,,,[]
441,5,0,10844000,1,1,0,,,0,0,2,0,False,0,0,2,1,True,True,40,50,120,3000.0,"[7019101,7019102,7019103]",False,0,0,0,0,,,,[]
442,43,0,16380001,1,411,0,Monster_Name_413,,0,0,2,122,False,0,0,2,1,True,True,70,100,200,5000.0,[7104315],True,0,0,0,0,Lança de Urano,,,[]
443,43,0,30080001,1,414,0,,,0,0,2,125,False,0,0,2,1,False,False,0,40,200,5000.0,[7104318],True,0,1,0,0,,,,[]
444,57,0,16380001,1,411,0,Monster_Name_412,,0,0,2,122,False,0,0,2,1,True,True,70,100,200,5000.0,[7104325],True,0,0,0,0,Escudo de Urano,,,[]
445,57,0,16380001,1,411,0,Monster_Name_413,,0,0,2,122,False,0,0,2,1,True,True,70,100,200,5000.0,[7104326],True,0,0,0,0,Lança de Urano,,,[]
446,53,0,30080001,1,414,0,,,0,0,2,125,False,0,0,2,1,False,False,0,40,200,5000.0,[7104329],True,0,1,0,0,,,,[]
447,57,0,10590000,1,1,0,Monster_Name_65,,0,0,2,0,False,0,0,2,1,True,True,40,80,200,3000.0,[7006001],False,0,0,0,0,,,,[]
448,67,0,10590000,1,1,0,Monster_Name_65,,0,0,2,0,False,0,0,2,1,True,True,40,80,200,3000.0,[7006001],False,0,0,0,0,,,,[]
449,5,0,10847000,1,1,0,,,0,0,2,0,False,0,0,2,1,True,True,40,90,90,3000.0,"[7019201,7019202]",False,0,0,0,0,,,,[]
450,5,0,10849000,1,1,0,,,0,0,2,0,False,0,0,2,1,True,True,40,90,90,3000.0,[7019301],False,0,0,0,0,,,,[]
451,5,0,10848000,1,1,0,,,0,0,2,0,False,0,0,2,1,True,True,40,70,120,3000.0,[7019401],False,0,0,0,0,,,,[]
452,5,0,10848001,1,1,0,,,0,0,2,0,False,0,0,2,1,True,True,40,70,120,3000.0,[7019402],False,0,0,0,0,,,,[]
453,5,0,10850000,1,1,0,,,0,0,2,0,False,0,0,2,1,True,True,40,90,90,3000.0,"[7019501,7019502,7019503]",False,0,0,0,0,,,,[]
454,91,0,10480000,437,1,0,Monster_Name_436,,0,0,2,122,False,0,0,2,1,True,True,40,50,200,3000.0,[7104623],False,0,0,0,0,,,,[]
455,5,0,30080001,1,437,0,,,0,0,2,125,False,0,0,2,1,False,False,0,40,200,5000.0,[7104625],True,0,1,0,0,,,,[]
456,5,0,30080001,1,439,0,,,0,0,2,125,False,0,0,2,1,False,False,0,40,200,5000.0,[7104626],True,0,1,0,0,,,,[]
457,67,0,10480000,437,1,0,Monster_Name_436,,0,0,2,122,False,0,0,2,1,True,True,40,50,200,3000.0,[7104636],False,0,0,0,0,,,,[]
458,5,0,30080001,1,437,0,,,0,0,2,125,False,0,0,2,1,False,False,0,40,200,5000.0,[7104638],True,0,1,0,0,,,,[]
459,5,0,30080001,1,440,0,,,0,0,2,125,False,0,0,2,1,False,False,0,40,200,5000.0,[7104639],True,0,1,0,0,,,,[]
460,5,0,10851000,1,1,0,,,0,0,2,0,False,0,0,2,1,True,True,40,100,110,3000.0,"[7019601,7019602,7019603]",False,0,0,0,0,,,,[]
461,5,0,10860000,1,1,0,,,0,0,2,0,False,0,0,2,1,True,True,40,40,100,3000.0,"[7019701,7019702,7019703]",False,0,0,0,0,,,,[]
462,5,0,10870000,1,1,0,,,0,0,2,0,False,0,0,2,1,True,True,40,40,100,3000.0,"[7019801,7019802]",False,0,0,0,0,,,,[]
463,5,0,10880000,1,1,0,,,0,0,2,0,False,0,0,2,1,True,True,40,180,180,3000.0,"[7019901,7019902]",False,0,0,0,0,,,,[]
464,5,0,10890000,1,1,0,,,0,0,2,0,False,0,0,2,1,True,True,40,70,150,3000.0,"[7020001,7020002,7020003]",False,0,0,0,0,,,,[]
465,5,0,10900000,1,1,0,,,0,0,2,0,False,0,0,2,1,True,True,40,50,150,3000.0,"[7020101,7020102]",False,0,0,0,0,,,,[]
466,5,0,16340001,466,2,0,Monster_Name_383,,0,0,2,0,False,0,0,2,1,True,True,80,150,150,5000.0,"[7103801,7103802,7103803]",False,0,1,0,0,,,,[]
467,5,0,10910000,1,1,0,,,0,0,2,0,False,0,0,2,1,True,True,40,40,80,1500.0,"[7020201,7020202]",False,0,0,0,0,,,,[]
468,5,0,10920000,1,1,0,,,0,0,2,0,False,0,0,2,1,True,True,40,40,80,1500.0,[7020301],False,0,0,0,0,,,,[]
469,5,0,30080001,1,139,0,,,0,0,2,0,False,0,0,2,1,False,False,0,40,100,5000.0,[7104440],True,0,1,0,0,,,,[]
470,5,0,30080001,1,139,0,,,0,0,2,0,False,0,0,2,1,False,False,0,40,100,5000.0,[7104462],True,0,1,0,0,,,,[]
471,5,0,30080001,1,418,0,,,0,0,2,0,False,0,0,2,1,False,False,0,40,100,5000.0,[7104435],True,0,1,0,0,,,,[]
472,5,0,30080001,1,418,0,,,0,0,2,0,False,0,0,2,1,False,False,0,40,100,5000.0,[7104457],True,0,1,0,0,,,,[]
473,5,0,30080001,1,193,0,,,0,0,2,0,False,0,0,2,1,False,False,0,40,100,5000.0,[7104438],True,0,1,0,0,,,,[]
474,5,0,30080001,1,418,0,,,0,0,2,0,False,0,0,2,1,False,False,0,40,100,5000.0,[7104439],True,0,1,0,0,,,,[]
475,5,0,30080001,1,193,0,,,0,0,2,0,False,0,0,2,1,False,False,0,40,100,5000.0,[7104460],True,0,1,0,0,,,,[]
476,5,0,30080001,1,418,0,,,0,0,2,0,False,0,0,2,1,False,False,0,40,100,5000.0,[7104461],True,0,1,0,0,,,,[]
477,5,0,30080001,1,418,0,,,0,0,2,0,False,0,0,2,1,False,False,0,40,100,5000.0,[7104464],True,0,1,0,0,,,,[]
478,5,0,30080001,1,418,0,,,0,0,2,0,False,0,0,2,1,False,False,0,40,100,5000.0,[7104443],True,0,1,0,0,,,,[]
479,5,0,30080001,1,418,0,,,0,0,2,0,False,0,0,2,1,False,False,0,40,100,5000.0,[7104444],True,0,1,0,0,,,,[]
480,5,0,30080001,1,418,0,,,0,0,2,0,False,0,0,2,1,False,False,0,40,100,5000.0,[7104465],True,0,1,0,0,,,,[]
481,5,0,30080001,1,418,0,,,0,0,2,0,False,0,0,2,1,False,False,0,40,100,5000.0,[7104466],True,0,1,0,0,,,,[]
482,5,0,10480003,1,482,0,,,0,0,2,125,False,0,0,2,1,False,False,0,40,200,5000.0,[8010914],True,0,1,0,0,,,,[]
483,5,0,30080001,1,483,0,,,0,0,2,125,False,0,0,2,1,False,False,0,40,200,5000.0,[8010916],True,0,1,0,0,,,,[]
484,5,0,30080001,1,484,0,,,0,0,2,125,False,0,0,2,1,False,False,0,40,200,5000.0,[8010918],True,0,1,0,0,,,,[]
485,5,0,30080001,1,139,0,,,0,0,2,0,False,0,0,2,1,False,False,0,40,100,5000.0,[7104467],True,0,1,0,0,,,,[]
486,5,0,30080001,1,176,0,,,0,0,2,125,False,0,0,2,1,False,False,0,40,200,5000.0,[7100234],True,0,1,0,0,,,,[]
487,5,0,30080001,1,176,0,,,0,0,2,125,False,0,0,2,1,False,False,0,40,200,5000.0,[7100233],True,0,1,0,0,,,,[]
488,5,0,30080001,1,176,0,,,0,0,2,125,False,0,0,2,1,False,False,0,40,200,5000.0,[7100235],True,0,1,0,0,,,,[]
489,5,0,30080001,1,176,0,,,0,0,2,125,False,0,0,2,1,False,False,0,40,200,5000.0,[7100236],True,0,1,0,0,,,,[]
490,5,0,30080001,1,490,0,,,0,0,2,125,False,0,0,2,1,False,False,0,40,200,5000.0,[7104906],True,0,1,0,0,,,,[]
491,5,0,10930000,1,1,0,,,0,0,2,0,False,0,0,2,1,True,True,40,30,90,1500.0,"[7020401,7020402]",False,0,0,0,0,,,,[]
492,5,0,10940000,1,1,0,,,0,0,2,0,False,0,0,2,1,True,True,40,40,90,1500.0,"[7020501,7020502]",False,0,0,0,0,,,,[]
493,5,0,17740010,493,2,0,Monster_Name_317,,0,0,2,0,False,0,2,2,1,True,True,100,150,200,3000.0,"[7104110,7104111]",False,0,1,0,0,,,,[]
494,5,0,30080001,1,214,0,,,0,0,2,125,False,0,0,2,1,False,False,0,40,200,5000.0,[7100237],True,0,1,0,0,,,,[]
495,5,0,30080001,1,214,0,,,0,0,2,125,False,0,0,2,1,False,False,0,40,200,5000.0,[7100238],True,0,1,0,0,,,,[]
496,5,0,30080001,1,214,0,,,0,0,2,125,False,0,0,2,1,False,False,0,40,200,5000.0,[7100239],True,0,1,0,0,,,,[]
497,5,0,10950000,1,1,0,,,0,0,2,0,False,0,0,2,1,True,True,40,40,90,1500.0,"[7020601,7020602]",False,0,0,0,0,,,,[]
498,5,0,16360000,498,394,0,Monster_Name_394,,0,0,2,0,False,0,2,2,1,True,True,200,300,600,5000.0,[7104013],False,0,1,0,0,,,,[]
499,67,0,40002001,1,499,0,Monster_Name_499,,0,0,2,122,False,0,0,2,1,True,True,100,40,400,10000.0,[7104025],True,0,0,0,0,Protetor da Geada,,,[]
500,5,0,10520000,1,1,0,Monster_Name_21,,0,0,2,0,False,0,0,2,1,True,True,40,40,200,10000.0,[7001502],False,0,0,0,0,,,,[]
501,2,0,30010000,0,501,0,,,0,0,2,0,False,0,0,2,0,True,True,150,320,400,5000.0,[10000013],True,0,0,0,0,,,,[]
502,5,0,30080001,1,502,0,,,0,0,2,0,False,0,0,2,1,False,False,0,40,200,3000.0,[3200011],True,0,1,0,0,,,,[]
503,5,0,10846002,1,1,0,,,0,0,2,0,False,0,0,2,1,True,True,40,120,120,3000.0,"[7018904,7018905,7018906]",False,0,0,0,0,,,,[]
504,2,0,-1,0,1,0,,,0,0,2,0,False,0,0,2,0,False,False,150,320,400,5000.0,[10000013],True,0,0,0,0,,,,[]
505,2,0,-1,0,1,0,,,0,0,2,0,False,0,0,2,0,False,False,150,320,400,5000.0,[10000016],True,0,0,0,0,,,,[]
506,2,0,-1,0,1,0,,,0,0,2,0,False,0,0,2,0,False,False,150,320,400,5000.0,[10000017],True,0,0,0,0,,,,[]
507,5,0,30080001,507,507,0,,,0,0,2,122,False,0,0,2,1,False,False,0,40,200,5000.0,[3015013],True,0,1,0,0,,,,[]
508,5,0,16573000,508,2,0,Monster_Name_383,,0,0,2,0,False,0,0,2,1,True,True,250,400,400,5000.0,"[7107001,7107002]",False,0,1,0,0,,,,[]
509,5,0,30080001,1,141,0,,,0,0,2,125,False,0,0,2,1,False,False,0,40,10,3000.0,[7107007],True,0,1,0,0,,,,[]
510,30,0,16010000,108,510,0,Monster_Name_108,,0,0,2,205,False,0,2,2,1,True,True,150,900,1200,5000.0,[7100101],False,0,1,0,0,,,,[]
511,2,0,16070000,511,511,0,Monster_Name_511,,0,0,2,103,False,0,2,2,1,True,True,100,220,200,2000.0,[7100001],False,0,0,0,0,,,,[]
512,5,0,16010000,112,1,0,Monster_Name_108,,0,0,2,103,False,0,2,2,1,True,True,150,900,1200,5000.0,[7100111],False,0,0,0,0,,,,[]
513,2,0,10510000,0,1,0,,,0,0,2,0,False,0,0,2,0,False,True,40,50,200,3000.0,[],False,0,0,0,0,,,,[]
514,5,0,16030000,514,514,0,Monster_Name_514,,0,0,2,205,False,0,2,2,1,True,True,150,1050,1000,5000.0,[7102901],False,0,1,0,0,,,,[]
515,30,0,16020000,515,515,0,Monster_Name_515,,0,0,2,205,False,0,2,2,1,True,True,200,450,800,10000.0,"[7103001,7103002]",True,0,1,0,0,,,,[]
516,5,0,16020100,516,516,0,Monster_Name_515,,0,0,2,205,False,0,2,2,1,True,True,200,450,800,10000.0,[7103101],True,0,1,0,0,,,,[]
517,30,0,16020200,517,517,0,Monster_Name_515,,0,0,2,205,False,0,2,2,1,True,True,250,600,600,10000.0,"[7103201,7103202]",True,0,1,0,0,,,,[]
518,5,0,16030000,518,1,0,Monster_Name_514,,0,0,2,205,False,0,2,2,1,True,True,150,1050,1000,5000.0,[7102901],False,0,0,0,0,,,,[]
519,5,0,30080001,1,519,0,,,0,0,2,125,False,0,0,2,1,False,False,0,40,200,5000.0,[7103106],True,0,1,0,0,,,,[]
520,5,0,30080001,1,520,0,,,0,0,2,125,False,0,0,2,1,False,False,0,40,200,5000.0,[7103107],True,0,1,0,0,,,,[]
521,5,0,30080001,1,521,0,,,0,0,2,0,False,0,0,2,1,False,False,0,40,200,5000.0,[],True,0,1,0,0,,,,[]
522,5,0,30080001,1,522,0,,,0,0,2,0,False,0,0,2,1,False,False,0,40,200,5000.0,[],True,0,1,0,0,,,,[]
523,5,0,30080001,1,523,0,,,0,0,2,0,False,0,0,2,1,False,False,0,40,200,5000.0,[],True,0,1,0,0,,,,[]
524,30,0,16010000,108,524,0,Monster_Name_108,,0,0,2,205,False,0,2,2,1,True,True,150,900,1200,5000.0,[7100101],False,0,0,0,0,,,,[]
525,5,0,10470002,1,525,0,,,0,0,2,0,False,0,0,2,1,False,False,0,1,200,5000.0,[7100110],True,0,1,0,0,,,,[]
526,5,0,10470003,1,526,0,,,0,0,2,0,False,0,0,2,1,False,False,0,1,200,10000.0,[7100112],True,0,1,0,0,,,,[]
527,5,0,10470005,1,527,0,,,0,0,2,0,False,0,0,2,1,False,False,0,1,200,5000.0,[7100121],True,0,1,0,0,,,,[]
528,5,0,10470006,1,528,0,,,0,0,2,0,False,0,0,2,1,False,False,0,1,200,5000.0,[7100122],True,0,1,0,0,,,,[]
529,5,0,16400000,529,3,0,Monster_Name_108,,0,0,2,205,False,0,2,2,1,True,True,150,300,500,5000.0,"[7104902,7104904]",False,0,1,0,0,,,,[]
530,85,0,10846000,1,531,0,Monster_Name_530,,0,0,2,0,False,0,0,2,1,True,True,40,120,120,5000.0,"[7018901,7018902,7018903]",False,0,0,0,0,,,,[]
531,5,0,16340003,466,2,0,Monster_Name_383,,0,0,2,0,False,0,0,2,1,True,True,80,150,150,5000.0,"[7103801,7103802,7103803]",False,0,0,0,0,,,,[]
532,5,0,16330002,532,2,0,Monster_Name_313,,0,0,2,0,False,0,0,2,1,True,True,150,300,300,5000.0,"[7103709,7103710,7103711]",False,0,0,0,0,,,,[]
533,5,0,16370001,533,2,0,Monster_Name_409,,0,0,2,103,False,0,2,2,1,True,True,150,300,300,5000.0,"[7104601,7104602]",False,0,0,0,0,,,,[]
534,5,0,16410000,534,3,0,Monster_Name_108,,0,0,2,205,False,0,2,2,1,True,True,150,250,400,5000.0,"[7105001,7105002]",False,0,0,0,0,,,,[]
535,5,0,30080001,1,490,0,,,0,0,2,125,False,0,0,2,1,False,False,0,40,200,5000.0,[7105004],True,0,1,0,0,,,,[]
536,5,0,30080001,1,490,0,,,0,0,2,125,False,0,0,2,1,False,False,0,40,200,5000.0,[7105006],True,0,1,0,0,,,,[]
537,5,0,10530003,1,1,0,Monster_Name_47,,0,0,2,0,False,0,0,2,1,True,True,40,50,200,3000.0,"[7003601,7003602]",False,0,0,0,0,,,,[]
538,5,0,10531002,1,1,0,Monster_Name_46,,0,0,2,0,False,0,0,2,1,True,True,40,50,200,3000.0,[7003501],False,0,0,0,0,Atirador Predo,,,[]
539,5,0,10540003,1,1,0,Monster_Name_40,,0,0,2,0,False,0,0,2,1,True,True,40,50,200,3000.0,[7002701],False,0,0,0,0,,,,[]
540,5,0,10541002,1,1,0,Monster_Name_41,,0,0,2,0,False,0,0,2,1,True,True,40,50,200,3000.0,[7002801],False,0,0,0,0,,,,[]
541,5,0,10550005,1,1,0,Monster_Name_66,,0,0,2,0,False,0,0,2,1,True,True,40,50,200,3000.0,"[7006201,7006202]",False,0,0,0,0,,,,[]
542,5,0,10551003,1,1,0,Monster_Name_67,,0,0,2,0,False,0,0,2,1,True,True,40,50,200,3000.0,[7006301],False,0,0,0,0,,,,[]
543,93,0,16410001,543,543,0,Monster_Name_543,,0,0,2,0,False,0,0,2,1,True,True,40,60,100,3000.0,[7105012],True,0,0,0,0,Tanque de Combustível Instável,,,[]
544,5,0,16430000,544,3,0,Monster_Name_108,,0,0,2,205,False,0,2,2,1,True,True,150,600,500,5000.0,"[7105101,7105102]",False,0,0,0,0,,,,[]
545,5,0,30080001,1,490,0,,,0,0,2,125,False,0,0,2,1,False,False,0,40,200,5000.0,[7105106],True,0,1,0,0,,,,[]
546,5,0,30080001,1,389,0,,,0,0,2,125,False,0,0,2,1,False,False,0,40,200,5000.0,[7105109],True,0,1,0,0,,,,[]
547,5,0,16420000,547,3,0,Monster_Name_108,,0,0,2,205,False,0,2,2,1,True,True,150,300,300,5000.0,"[7105201,7105202]",False,0,0,0,0,,,,[]
548,5,0,30080001,1,490,0,,,0,0,2,125,False,0,0,2,1,False,False,0,40,200,5000.0,[7105204],True,0,1,0,0,,,,[]
549,5,0,30080001,1,387,0,,,0,0,2,125,False,0,0,2,1,False,False,0,40,200,5000.0,[7105210],True,0,1,0,0,,,,[]
550,5,0,30080001,1,387,0,,,0,0,2,125,False,0,0,2,1,False,False,0,40,200,5000.0,[7105212],True,0,1,0,0,,,,[]
551,5,0,30080001,1,490,0,,,0,0,2,125,False,0,0,2,1,False,False,0,40,200,5000.0,[7105216],True,0,1,0,0,,,,[]
552,5,0,16440000,548,3,0,Monster_Name_359399,,0,0,2,103,False,0,2,2,1,True,True,150,300,480,3000.0,"[7105301,7105302]",False,0,0,0,0,Brontes,,,[]
553,5,0,40002100,262,553,0,Monster_Name_262,,0,0,2,122,False,0,0,2,1,True,True,10,15,10,3000.0,[91060141],False,0,0,0,0,,,,[]
554,5,0,30080001,1,554,0,,,0,0,2,125,False,0,0,2,1,False,False,0,40,200,5000.0,[7105310],True,0,1,0,0,,,,[]
555,5,0,30080001,1,555,0,,,0,0,2,125,False,0,0,2,1,False,False,0,40,200,5000.0,[7105309],True,0,1,0,0,,,,[]
556,5,0,16480000,556,3,0,Monster_Name_108,,0,0,2,205,False,0,2,2,1,True,True,150,800,800,5000.0,"[7105001,7105002]",False,0,0,0,0,,,,[]
557,5,0,30080001,1,543,0,,,0,0,2,125,False,0,0,2,1,False,False,0,60,100,3000.0,[7105412],True,0,0,0,0,,,,[]
558,5,0,30080001,1,558,0,,,0,0,2,125,False,0,0,2,1,False,False,0,40,200,5000.0,[7105409],True,0,1,0,0,,,,[]
559,95,0,16480001,1,559,0,Monster_Name_559,,0,0,2,0,False,0,0,2,1,True,True,150,350,250,5000.0,[7105413],True,0,0,0,0,Guindaste de Campo Magnético,,,[]
560,5,0,30080001,1,368,0,,,0,0,2,125,False,0,0,2,1,False,False,0,60,100,3000.0,[7105414],True,0,0,0,0,,,,[]
561,5,0,30080001,1,543,0,,,0,0,2,125,False,0,0,2,1,False,False,150,800,800,3000.0,[7105415],True,0,0,0,0,,,,[]
562,5,0,30080001,1,193,0,,,0,0,2,0,False,0,0,2,1,False,False,0,40,100,5000.0,[7104483],True,0,1,0,0,,,,[]
563,5,0,30080001,1,418,0,,,0,0,2,0,False,0,0,2,1,False,False,0,40,100,5000.0,[7104484],True,0,1,0,0,,,,[]
564,77,0,10370000,1,1,0,Monster_Name_89,,0,0,2,0,False,0,0,2,1,True,True,40,50,200,3000.0,[7008304],False,0,0,0,0,,,,[]
565,5,0,30080001,1,139,0,,,0,0,2,0,False,0,0,2,1,False,False,0,40,100,5000.0,[7104485],True,0,1,0,0,,,,[]
566,5,0,30080001,1,418,0,,,0,0,2,0,False,0,0,2,1,False,False,0,40,100,5000.0,[7104480],True,0,1,0,0,,,,[]
567,5,0,30080001,1,418,0,,,0,0,2,0,False,0,0,2,1,False,False,0,40,100,5000.0,[7104487],True,0,1,0,0,,,,[]
568,5,0,30080001,1,418,0,,,0,0,2,0,False,0,0,2,1,False,False,0,40,100,5000.0,[7104488],True,0,1,0,0,,,,[]
569,5,0,30080001,1,418,0,,,0,0,2,0,False,0,0,2,1,False,False,0,40,100,5000.0,[7104489],True,0,1,0,0,,,,[]
570,5,0,30080001,1,139,0,,,0,0,2,0,False,0,0,2,1,False,False,0,40,100,5000.0,[7104490],True,0,1,0,0,,,,[]
571,5,0,16380002,380405,410,0,Monster_Name_410,,0,0,2,0,False,0,2,2,1,True,True,200,300,600,5000.0,[7104330],False,0,1,0,0,,,,[]
572,77,0,16380001,1,411,0,Monster_Name_411,,0,0,2,122,False,0,0,2,1,True,True,70,100,200,5000.0,[7104334],True,0,0,0,0,Véu de Urano,,,[]
573,77,0,16380001,1,411,0,Monster_Name_412,,0,0,2,122,False,0,0,2,1,True,True,70,100,200,5000.0,[7104335],True,0,0,0,0,Escudo de Urano,,,[]
574,77,0,16380001,1,411,0,Monster_Name_413,,0,0,2,122,False,0,0,2,1,True,True,70,100,200,5000.0,[7104336],True,0,0,0,0,Lança de Urano,,,[]
575,77,0,16380003,1,411,0,Monster_Name_414,,0,0,2,122,False,0,0,2,1,True,True,70,100,200,5000.0,[7104337],True,0,0,0,0,Chama de Urano,,,[]
576,63,0,30080001,1,414,0,,,0,0,2,125,False,0,0,2,1,False,False,0,40,200,5000.0,[7104340],True,0,1,0,0,,,,[]
577,5,0,10970000,1,1,0,Monster_Name_577,,0,0,2,0,False,0,0,2,1,True,True,40,120,200,3000.0,[7020701],True,0,0,0,0,,,,[]
578,5,0,16450000,577,7,0,,,0,0,2,205,False,0,2,2,1,True,True,150,350,500,5000.0,[7105507],False,0,0,0,0,,,,[]
579,5,0,30080001,1,579,0,,,0,0,2,125,False,0,0,2,1,False,True,40,40,200,5000.0,[7105502],True,0,1,0,0,,,,[]
580,5,0,30080001,1,214,0,,,0,0,2,125,False,0,0,2,1,False,False,0,40,200,5000.0,[7105503],True,0,1,0,0,,,,[]
581,5,0,30080001,1,581,0,,,0,0,2,125,False,0,0,2,1,False,False,0,40,200,5000.0,[7105505],True,0,1,0,0,,,,[]
582,5,0,30080001,1,214,0,,,0,0,2,125,False,0,0,2,1,False,False,0,40,200,5000.0,[7105506],True,0,1,0,0,,,,[]
583,5,0,30080001,1,583,0,,,0,0,2,125,False,0,0,2,1,False,False,0,40,200,5000.0,[7105512],True,0,1,0,0,,,,[]
584,5,0,30080001,1,583,0,,,0,0,2,125,False,0,0,2,1,False,False,0,40,200,5000.0,[7105514],True,0,1,0,0,,,,[]
585,5,0,30080001,1,585,0,,,0,0,2,125,False,0,0,2,1,False,False,0,40,200,5000.0,[7105530],True,0,1,0,0,,,,[]
586,5,0,30080001,1,585,0,,,0,0,2,125,False,0,0,2,1,False,False,0,40,200,5000.0,[7105532],True,0,1,0,0,,,,[]
587,5,0,30080001,1,141,0,,,0,0,2,125,False,0,0,2,1,False,False,0,40,10,3000.0,[1070131],True,0,1,0,0,,,,[]
588,5,0,30080001,1,141,0,,,0,0,2,125,False,0,0,2,1,False,False,0,40,10,3000.0,[1070132],True,0,1,0,0,,,,[]
589,5,0,30080001,1,141,0,,,0,0,2,125,False,0,0,2,1,False,False,0,40,10,3000.0,[1070133],True,0,1,0,0,,,,[]
590,5,0,30080001,1,141,0,,,0,0,2,125,False,0,0,2,1,False,False,0,40,10,3000.0,[1070134],True,0,1,0,0,,,,[]
591,5,0,30080001,1,591,0,,,0,0,2,125,False,0,0,2,1,False,False,0,40,10,3000.0,[1070141],True,0,1,0,0,,,,[]
592,5,0,30080001,1,591,0,,,0,0,2,125,False,0,0,2,1,False,False,0,40,10,3000.0,[1070143],True,0,1,0,0,,,,[]
593,5,0,30080001,1,591,0,,,0,0,2,125,False,0,0,2,1,False,False,0,40,10,3000.0,[1070145],True,0,1,0,0,,,,[]
594,5,0,30080001,1,591,0,,,0,0,2,125,False,0,0,2,1,False,False,0,40,10,3000.0,[1070147],True,0,1,0,0,,,,[]
595,5,0,16460000,595,3,0,Monster_Name_595,,0,0,2,205,False,0,2,2,1,True,True,150,300,500,5000.0,"[7105601,7105602]",False,0,1,0,0,,,,[]
596,5,0,30080001,1,318,0,,,0,0,2,125,False,0,0,2,1,False,False,0,40,200,5000.0,[7105606],True,0,1,0,0,,,,[]
597,5,0,30080001,1,543,0,,,0,0,2,125,False,0,0,2,1,False,False,0,40,200,5000.0,[7105608],True,0,1,0,0,,,,[]
598,5,0,30080001,1,499,0,,,0,0,2,125,False,0,0,2,1,False,False,0,40,200,5000.0,[7105612],True,0,1,0,0,,,,[]
599,5,0,30080001,1,193,0,,,0,0,2,125,False,0,0,2,1,False,False,0,40,200,5000.0,[7105615],True,0,1,0,0,,,,[]
600,5,0,30080001,1,318,0,,,0,0,2,125,False,0,0,2,1,False,False,0,40,200,5000.0,[7105617],True,0,1,0,0,,,,[]
601,2,0,-1,0,1,0,,,0,0,2,0,False,0,0,2,0,False,True,150,320,400,3000.0,[],True,0,0,0,0,,,,[]
602,2,0,30341000,0,1,0,,,0,0,2,0,False,0,0,2,0,False,True,150,320,400,3000.0,[],True,0,0,0,0,,,,[]
603,2,0,30341000,0,1,0,,,0,0,2,0,False,0,0,2,0,False,True,150,320,400,3000.0,[],True,0,0,0,0,,,,[]
604,2,0,-1,0,1,0,,,0,0,2,0,False,0,0,2,0,True,True,150,320,400,3000.0,[],True,0,0,0,0,,,,[]
605,5,0,30080001,1,605,0,,,0,0,2,125,False,0,0,2,1,False,False,0,40,200,5000.0,[8010923],True,0,1,0,0,,,,[]
606,5,0,30080001,1,606,0,,,0,0,2,125,False,0,0,2,1,False,False,0,40,200,5000.0,[8010925],True,0,1,0,0,,,,[]
607,5,0,30080001,1,607,0,,,0,0,2,125,False,0,0,2,1,False,False,0,40,200,5000.0,[8010919],True,0,1,0,0,,,,[]
608,5,0,30080001,1,608,0,,,0,0,2,125,False,0,0,2,1,False,False,0,40,200,5000.0,[8010920],True,0,1,0,0,,,,[]
609,5,0,30080001,1,608,0,,,0,0,2,125,False,0,0,2,1,False,False,0,40,200,5000.0,[8010921],True,0,1,0,0,,,,[]
610,5,0,30080001,1,610,0,,,0,0,2,125,False,0,0,2,1,False,False,0,40,200,5000.0,[8010930],True,0,1,0,0,,,,[]
611,5,0,16470000,611,3,0,Monster_Name_595,,0,0,2,205,False,0,2,2,1,True,True,150,300,500,5000.0,[7105701],False,0,1,0,0,,,,[]
612,5,0,30080001,1,612,0,,,0,0,2,125,False,0,0,2,1,False,False,0,40,200,5000.0,[7105714],True,0,1,0,0,,,,[]
613,5,0,30080001,1,612,0,,,0,0,2,125,False,0,0,2,1,False,False,0,40,200,5000.0,[7105716],True,0,1,0,0,,,,[]
614,5,0,30080001,1,612,0,,,0,0,2,125,False,0,0,2,1,False,False,0,40,200,5000.0,[7105718],True,0,1,0,0,,,,[]
615,5,0,30080001,1,612,0,,,0,0,2,125,False,0,0,2,1,False,False,0,40,200,5000.0,[7105720],True,0,1,0,0,,,,[]
616,5,0,16450001,1,7,0,,,0,0,2,205,False,0,2,2,1,True,True,150,350,500,5000.0,[7105535],False,0,0,0,0,,,,[]
617,5,0,10320000,1,1,0,Monster_Name_96,,0,0,2,0,False,0,0,2,1,True,True,40,50,200,3000.0,[7009004],False,0,0,0,0,,,,[]
618,5,0,10960000,1,1,0,Monster_Name_618,,0,0,2,0,False,0,0,2,1,True,True,40,120,200,3000.0,[7020901],True,0,0,0,0,,,,[]
619,5,0,10980000,1,1,0,Monster_Name_619,,0,0,2,0,False,0,0,2,1,True,True,40,120,200,3000.0,"[7021001,7021002]",True,0,0,0,0,,,,[]
620,5,0,30080001,1,490,0,,,0,0,2,125,False,0,0,2,1,False,False,0,40,200,5000.0,[7105222],True,0,1,0,0,,,,[]
621,5,0,30080001,1,387,0,,,0,0,2,125,False,0,0,2,1,False,False,0,40,200,5000.0,[7105228],True,0,1,0,0,,,,[]
622,5,0,30080001,1,387,0,,,0,0,2,125,False,0,0,2,1,False,False,0,40,200,5000.0,[7105230],True,0,1,0,0,,,,[]
623,5,0,30080001,1,490,0,,,0,0,2,125,False,0,0,2,1,False,False,0,40,200,5000.0,[7105234],True,0,1,0,0,,,,[]
624,5,0,30080001,1,490,0,,,0,0,2,125,False,0,0,2,1,False,False,0,40,200,5000.0,[7105240],True,0,1,0,0,,,,[]
625,5,0,30080001,1,387,0,,,0,0,2,125,False,0,0,2,1,False,False,0,40,200,5000.0,[7105246],True,0,1,0,0,,,,[]
626,5,0,30080001,1,387,0,,,0,0,2,125,False,0,0,2,1,False,False,0,40,200,5000.0,[7105248],True,0,1,0,0,,,,[]
627,5,0,30080001,1,490,0,,,0,0,2,125,False,0,0,2,1,False,False,0,40,200,5000.0,[7105252],True,0,1,0,0,,,,[]
628,5,0,30080001,1,490,0,,,0,0,2,125,False,0,0,2,1,False,False,0,40,200,5000.0,[7105258],True,0,1,0,0,,,,[]
629,5,0,30080001,1,387,0,,,0,0,2,125,False,0,0,2,1,False,False,0,40,200,5000.0,[7105264],True,0,1,0,0,,,,[]
630,5,0,30080001,1,387,0,,,0,0,2,125,False,0,0,2,1,False,False,0,40,200,5000.0,[7105266],True,0,1,0,0,,,,[]
631,5,0,30080001,1,490,0,,,0,0,2,125,False,0,0,2,1,False,False,0,40,200,5000.0,[7105270],True,0,1,0,0,,,,[]
632,5,0,30080001,1,490,0,,,0,0,2,125,False,0,0,2,1,False,False,0,40,200,5000.0,[7105117],True,0,1,0,0,,,,[]
633,5,0,30080001,1,389,0,,,0,0,2,125,False,0,0,2,1,False,False,0,40,200,5000.0,[7105120],True,0,1,0,0,,,,[]
634,5,0,30080001,1,490,0,,,0,0,2,125,False,0,0,2,1,False,False,0,40,200,5000.0,[7105128],True,0,1,0,0,,,,[]
635,5,0,30080001,1,389,0,,,0,0,2,125,False,0,0,2,1,False,False,0,40,200,5000.0,[7105131],True,0,1,0,0,,,,[]
636,5,0,30080001,1,490,0,,,0,0,2,125,False,0,0,2,1,False,False,0,40,200,5000.0,[7105129],True,0,1,0,0,,,,[]
637,5,0,30080001,1,389,0,,,0,0,2,125,False,0,0,2,1,False,False,0,40,200,5000.0,[7105142],True,0,1,0,0,,,,[]
638,5,0,16420000,638,3,0,Monster_Name_108,,0,0,2,205,False,0,2,2,1,True,True,150,300,300,5000.0,"[7105201,7105202]",False,0,0,0,0,,,,[]
639,5,0,16420000,639,3,0,Monster_Name_108,,0,0,2,205,False,0,2,2,1,True,True,150,300,300,5000.0,"[7105201,7105202]",False,0,0,0,0,,,,[]
640,5,0,16420000,640,3,0,Monster_Name_108,,0,0,2,205,False,0,2,2,1,True,True,150,300,300,5000.0,"[7105201,7105202]",False,0,0,0,0,,,,[]
641,5,0,16430000,641,3,0,Monster_Name_108,,0,0,2,205,False,0,2,2,1,True,True,150,600,500,5000.0,"[7105101,7105102]",False,0,0,0,0,,,,[]
642,5,0,16430000,642,3,0,Monster_Name_108,,0,0,2,205,False,0,2,2,1,True,True,150,600,500,5000.0,"[7105101,7105102]",False,0,0,0,0,,,,[]
643,5,0,16430000,643,3,0,Monster_Name_108,,0,0,2,205,False,0,2,2,1,True,True,150,600,500,5000.0,"[7105101,7105102]",False,0,0,0,0,,,,[]
644,5,0,30080001,1,186,0,,,0,0,2,125,False,0,0,2,1,False,False,0,40,200,5000.0,[7100960],True,0,1,0,0,,,,[]
645,5,0,30080001,1,196,0,,,0,0,2,125,False,0,0,2,1,False,False,0,40,200,5000.0,[7100961],True,0,1,0,0,,,,[]
646,5,0,16220015,646,185,0,Monster_Name_137,,0,0,2,103,False,0,2,2,1,True,True,150,150,600,5000.0,[7100948],False,0,0,0,0,Protetor da Pedra Sagrada,,,[]
647,5,0,30080001,1,647,0,,,0,0,2,125,False,0,0,2,1,False,False,0,40,200,5000.0,[8010932],True,0,1,0,0,,,,[]
648,5,0,30080001,1,648,0,,,0,0,2,125,False,0,0,2,1,False,False,0,40,200,5000.0,[8010934],True,0,1,0,0,,,,[]
649,5,0,30080001,1,649,0,,,0,0,2,125,False,0,0,2,1,False,False,0,40,200,5000.0,[8010936],True,0,1,0,0,,,,[]
650,5,0,30080001,1,650,0,,,0,0,2,125,False,0,0,2,1,False,False,0,40,200,5000.0,[8010938],True,0,1,0,0,,,,[]
651,5,0,30080001,1,650,0,,,0,0,2,125,False,0,0,2,1,False,False,0,40,200,5000.0,[8010940],True,0,1,0,0,,,,[]
652,5,0,30080001,1,141,0,,,0,0,2,125,False,0,0,2,1,False,False,0,40,200,5000.0,[1080171],True,0,1,0,0,,,,[]
653,5,0,30080001,1,141,0,,,0,0,2,125,False,0,0,2,1,False,False,0,40,200,5000.0,[1080172],True,0,1,0,0,,,,[]
654,5,0,30080001,1,141,0,,,0,0,2,125,False,0,0,2,1,False,False,0,40,200,5000.0,[1080173],True,0,1,0,0,,,,[]
655,5,0,30080001,1,141,0,,,0,0,2,125,False,0,0,2,1,False,False,0,40,200,5000.0,[1080174],True,0,1,0,0,,,,[]
656,5,0,16500000,656,3,0,Monster_Name_96,,0,0,2,0,False,0,2,2,1,True,True,150,300,300,5000.0,[7105801],False,0,0,0,0,,,,[]
657,5,0,30080001,1,141,0,,,0,0,2,125,False,0,0,2,1,False,False,0,40,10,3000.0,[3115012],True,0,1,0,0,,,,[]
658,5,0,16520000,658,3,0,Monster_Name_375200,,0,0,2,0,False,0,2,2,1,True,True,150,300,300,5000.0,"[7106001,7106002]",False,0,0,0,0,Xenopsíquico,,,[]
659,5,0,10990000,1,1,0,Monster_Name_377028,,0,0,2,0,False,0,0,2,0,True,True,100,350,350,3000.0,[7105901],False,0,0,0,0,Torre de Guarda do Nether,,,[]
660,5,0,16520001,1,660,0,,,0,0,2,125,False,0,0,2,1,False,False,0,40,200,5000.0,[7106009],True,0,1,0,0,,,,[]
661,5,0,16520002,1,660,0,,,0,0,2,125,False,0,0,2,1,False,False,0,40,200,5000.0,[7106010],True,0,1,0,0,,,,[]
662,5,0,16520003,1,660,0,,,0,0,2,125,False,0,0,2,1,False,False,0,40,200,5000.0,[7106011],True,0,1,0,0,,,,[]
663,5,0,16520004,1,660,0,,,0,0,2,125,False,0,0,2,1,False,False,0,40,200,5000.0,[7106012],True,0,1,0,0,,,,[]
664,5,0,30080001,1,664,0,,,0,0,2,125,False,0,0,2,1,False,False,0,40,200,5000.0,[7106013],True,0,1,0,0,,,,[]
665,5,0,16530000,665,410,0,Monster_Name_377002,,0,0,2,0,False,0,2,2,1,True,True,100,350,350,3000.0,[7106101],False,0,0,0,0,Âncora Positiva,,,[]
666,5,0,16530001,666,410,0,Monster_Name_377003,,0,0,2,0,False,0,2,2,1,True,True,100,350,350,3000.0,[7106201],False,0,0,0,0,Âncora Negativa,,,[]
667,5,0,11010000,1,1,0,Monster_Name_667,,0,0,2,0,False,0,0,2,1,True,True,40,120,200,3000.0,[7021201],True,0,0,0,0,,,,[]
668,5,0,11000000,1,1,0,Monster_Name_668,,0,0,2,0,False,0,0,2,1,True,True,40,120,200,3000.0,[7021301],True,0,0,0,0,,,,[]
669,5,0,30080001,1,669,0,,,0,0,2,125,False,0,0,2,1,False,False,0,40,200,5000.0,[8010942],True,0,1,0,0,,,,[]
670,5,0,16520001,1,660,0,,,0,0,2,125,False,0,0,2,1,False,False,0,40,200,5000.0,[7106022],True,0,1,0,0,,,,[]
671,5,0,16520002,1,660,0,,,0,0,2,125,False,0,0,2,1,False,False,0,40,200,5000.0,[7106023],True,0,1,0,0,,,,[]
672,5,0,16520003,1,660,0,,,0,0,2,125,False,0,0,2,1,False,False,0,40,200,5000.0,[7106024],True,0,1,0,0,,,,[]
673,5,0,16520004,1,660,0,,,0,0,2,125,False,0,0,2,1,False,False,0,40,200,5000.0,[7106025],True,0,1,0,0,,,,[]
674,5,0,30080001,1,664,0,,,0,0,2,125,False,0,0,2,1,False,False,0,40,200,5000.0,[7106026],True,0,1,0,0,,,,[]
675,5,0,30080001,1,141,0,,,0,0,2,125,False,0,0,2,1,False,False,0,40,200,5000.0,[7106103],True,0,1,0,0,,,,[]
676,5,0,30080001,1,141,0,,,0,0,2,125,False,0,0,2,1,False,False,0,40,200,5000.0,[7106106],True,0,1,0,0,,,,[]
677,5,0,30080001,1,141,0,,,0,0,2,125,False,0,0,2,1,False,False,0,40,200,5000.0,[7106203],True,0,1,0,0,,,,[]
678,5,0,30080001,1,141,0,,,0,0,2,125,False,0,0,2,1,False,False,0,40,200,5000.0,[7106206],True,0,1,0,0,,,,[]
679,5,0,16550000,679,3,0,Monster_Name_96,,0,0,2,0,False,0,2,2,1,True,True,400,500,500,5000.0,"[7106301,7106302]",False,0,0,0,0,,,,[]
680,5,0,30080001,1,680,0,,,0,0,2,125,False,0,0,2,1,False,False,0,40,200,5000.0,[7106307],True,0,1,0,0,,,,[]
681,5,0,30080001,1,318,0,,,0,0,2,125,False,0,0,2,1,False,False,0,40,200,5000.0,[7106309],True,0,1,0,0,,,,[]
682,95,0,10630000,1,682,0,Monster_Name_682,,0,0,2,0,False,0,0,2,1,True,True,40,50,200,5000.0,"[7006701,7006702,7006703]",False,0,0,0,0,Soldado Infectado,,,[]
683,95,0,10670001,1,683,0,Monster_Name_683,,0,0,2,0,False,0,0,2,1,True,True,40,50,200,5000.0,"[7106311,7106312]",False,0,0,0,0,Delta Infectado,,,[]
684,95,0,10740000,1,682,0,Monster_Name_684,,0,0,2,0,False,0,0,2,1,True,True,40,50,200,5000.0,"[7010101,7010102,7010103,7010104,7010105,7010106]",False,0,0,0,0,Civil Infectado,,,[]
685,5,0,16510000,685,3,0,Monster_Name_3430304,,0,0,2,0,False,0,2,2,1,True,True,150,800,500,5000.0,"[7106401,7106402]",False,0,0,0,0,Gran Howler,,,[]
686,5,0,11020000,1,1,0,Monster_Name_668,,0,0,2,0,False,0,0,2,1,True,True,40,120,200,3000.0,[7021401],False,0,0,0,0,,,,[]
687,5,0,11030000,1,1,0,Monster_Name_668,,0,0,2,0,False,0,0,2,1,True,True,40,120,200,3000.0,"[7021501,7021502,7021503]",False,0,0,0,0,,,,[]
688,5,0,11040000,1,1,0,Monster_Name_668,,0,0,2,0,False,0,0,2,1,True,True,40,120,200,3000.0,"[7021601,7021602]",False,0,0,0,0,,,,[]
689,5,0,11050000,1,1,0,Monster_Name_668,,0,0,2,0,False,0,0,2,1,True,True,40,90,150,3000.0,"[7021701,7021702,7021703]",False,0,0,0,0,,,,[]
690,5,0,11060000,1,1,0,Monster_Name_668,,0,0,2,0,False,0,0,2,1,True,True,40,50,200,3000.0,[7021801],False,0,0,0,0,,,,[]
691,5,0,11070000,1,1,0,Monster_Name_668,,0,0,2,0,False,0,0,2,1,True,True,40,50,200,3000.0,[7021901],False,0,0,0,0,,,,[]
692,5,0,11080000,1,1,0,Monster_Name_668,,0,0,2,0,False,0,0,2,1,True,True,40,60,200,3000.0,"[7022101,7022102]",False,0,0,0,0,,,,[]
693,5,0,11090000,1,1,0,Monster_Name_668,,0,0,2,0,False,0,0,2,1,True,True,40,50,200,3000.0,"[7022201,7022202]",False,0,0,0,0,,,,[]
694,5,0,11100000,1,1,0,Monster_Name_668,,0,0,2,0,False,0,0,2,1,True,True,40,60,200,3000.0,[7022301],False,0,0,0,0,,,,[]
695,5,0,11110000,1,1,0,Monster_Name_668,,0,0,2,0,False,0,0,2,1,True,True,40,90,300,3000.0,"[7022401,7022402,7022403]",False,0,0,0,0,,,,[]
696,5,0,16510001,1,696,0,Monster_Name_685,,0,0,2,122,False,0,0,2,1,True,True,40,50,200,5000.0,[7106415],False,0,0,0,0,Tentáculo,,,[]
697,5,0,30080001,1,697,0,,,0,0,2,125,False,0,0,2,1,False,False,0,40,200,5000.0,[7106411],True,0,1,0,0,,,,[]
698,5,0,30080001,1,697,0,,,0,0,2,125,False,0,0,2,1,False,False,0,40,200,5000.0,[7106414],True,0,1,0,0,,,,[]
699,5,0,16581000,699,4,0,Monster_Name_148,,0,0,2,103,False,0,2,2,1,True,True,40,80,200,5000.0,[7108801],False,0,0,0,0,,,,[]
700,5,0,30080001,1,103,0,,,0,0,2,125,False,0,0,2,1,False,False,0,40,200,5000.0,[7108809],True,0,1,0,0,,,,[]
701,5,0,16100001,701,5,0,Monster_Name_133,,0,0,2,128,False,0,2,2,1,True,True,40,250,200,3000.0,[7100401],False,0,0,0,0,,,,[]
702,5,0,16270002,702,5,0,Monster_Name_258,,0,0,2,128,False,0,2,2,1,True,True,60,150,200,3000.0,[7102601],False,0,0,0,0,,,,[]
703,5,0,16320001,703,5,0,Monster_Name_329,,0,0,2,128,False,0,2,2,1,True,True,80,220,150,3000.0,[7103501],False,0,0,0,0,,,,[]
704,5,0,16040002,704,5,0,Monster_Name_246,,0,0,2,128,False,0,2,2,1,True,True,150,200,200,3000.0,[],False,0,0,0,0,,,,[]
705,5,0,16120002,705,5,0,Monster_Name_139,,0,0,2,128,False,0,2,2,1,True,True,40,300,200,3000.0,[7101101],False,0,0,0,0,,,,[]
706,5,0,16240001,706,5,0,Monster_Name_255,,0,0,2,128,False,0,2,2,1,True,True,120,200,200,3000.0,[7102301],False,0,0,0,0,,,,[]
707,5,0,16060001,707,5,0,Monster_Name_248,,0,0,2,128,False,0,2,2,1,True,True,150,200,200,3000.0,[7102101],False,0,0,0,0,,,,[]
708,5,0,16130002,708,5,0,Monster_Name_135,,0,0,2,128,False,0,2,2,1,True,True,40,250,200,3000.0,[7100601],False,0,0,0,0,,,,[]
709,5,0,16140002,709,5,0,Monster_Name_136,,0,0,2,128,False,0,2,2,1,True,True,40,180,200,3000.0,[7100701],False,0,0,0,0,,,,[]
710,5,0,16150002,710,5,0,Monster_Name_134,,0,0,2,128,False,0,2,2,1,True,True,40,250,200,3000.0,[7100501],False,0,0,0,0,,,,[]
711,5,0,16080001,711,5,0,Monster_Name_97,,0,0,2,128,False,0,2,2,1,True,True,40,300,200,3000.0,[7100301],False,0,0,0,0,,,,[]
712,5,0,16290001,712,5,0,Monster_Name_313,,0,0,2,128,False,0,2,2,1,True,True,230,230,150,3000.0,[7102801],False,0,0,0,0,,,,[]
713,5,0,16170002,713,5,0,Monster_Name_141,,0,0,2,128,False,0,2,2,1,True,True,40,250,200,3000.0,[7101301],False,0,0,0,0,,,,[]
714,5,0,16050001,714,5,0,Monster_Name_329,,0,0,2,128,False,0,2,2,1,True,True,40,60,110,3000.0,[7103601],False,0,0,0,0,,,,[]
715,5,0,16160003,715,5,0,Monster_Name_140,,0,0,2,128,False,0,2,2,1,True,True,40,300,200,3000.0,[7101201],False,0,0,0,0,,,,[]
716,5,0,16070002,716,5,0,Monster_Name_101,,0,0,2,128,False,0,2,2,1,True,True,100,220,200,2500.0,[7100008],False,0,0,0,0,,,,[]
717,5,0,16180002,717,5,0,Monster_Name_142,,0,0,2,128,False,0,2,2,1,True,True,40,350,200,3000.0,[7101401],False,0,0,0,0,,,,[]
718,5,0,16190002,718,5,0,Monster_Name_143,,0,0,2,128,False,0,2,2,1,True,True,40,200,200,3000.0,[7101501],False,0,0,0,0,,,,[]
719,5,0,16230002,719,5,0,Monster_Name_254,,0,0,2,128,False,0,2,2,1,True,True,100,230,200,3000.0,[7102201],False,0,0,0,0,,,,[]
720,5,0,16110002,720,5,0,Monster_Name_138,,0,0,2,128,False,0,2,2,1,True,True,40,300,200,3000.0,[7101001],False,0,0,0,0,,,,[]
721,5,0,16090001,721,5,0,Monster_Name_148,,0,0,2,128,False,0,2,2,1,True,True,40,80,200,3000.0,[7101801],False,0,0,0,0,,,,[]
722,5,0,16250003,722,5,0,Monster_Name_253,,0,0,2,128,False,0,2,2,1,True,True,40,100,200,3000.0,[7012201],False,0,0,0,0,,,,[]
723,5,0,16280002,723,5,0,Monster_Name_259,,0,0,2,128,False,0,2,2,1,True,True,100,200,200,3000.0,[7102701],False,0,0,0,0,,,,[]
724,5,0,16260001,724,5,0,Monster_Name_257,,0,0,2,128,False,0,2,2,1,True,True,150,250,200,3000.0,[7102501],False,0,0,0,0,,,,[]
725,5,0,16330003,725,5,0,Monster_Name_313,,0,0,2,128,False,0,2,2,1,True,True,150,300,300,5000.0,"[7103709,7103710,7103711]",False,0,0,0,0,,,,[]
726,5,0,16340004,726,5,0,Monster_Name_383,,0,0,2,128,False,0,2,2,1,True,True,80,150,150,5000.0,"[7103801,7103802,7103803]",False,0,0,0,0,,,,[]
727,5,0,16350002,727,5,0,Monster_Name_383,,0,0,2,128,False,0,2,2,1,True,True,250,400,400,5000.0,"[7103901,7103903,7103905]",False,0,1,0,0,,,,[]
728,5,0,16360001,728,5,0,Monster_Name_394,,0,0,2,128,False,0,2,2,1,True,True,200,300,600,5000.0,[7104001],False,0,1,0,0,,,,[]
729,5,0,16430001,729,5,0,Monster_Name_108,,0,0,2,128,False,0,2,2,1,True,True,150,600,500,5000.0,"[7105101,7105102]",False,0,0,0,0,,,,[]
730,5,0,30080001,1,5,0,,,0,0,2,128,False,0,2,2,1,False,False,0,40,200,5000.0,[7105106],True,0,1,0,0,,,,[]
731,5,0,16420001,731,5,0,Monster_Name_108,,0,0,2,128,False,0,2,2,1,True,True,150,600,500,5000.0,"[7105201,7105202]",False,0,0,0,0,,,,[]
732,5,0,30080001,1,5,0,,,0,0,2,128,False,0,2,2,1,False,False,0,40,200,5000.0,[7105204],True,0,1,0,0,,,,[]
733,5,0,16410002,733,5,0,Monster_Name_108,,0,0,2,128,False,0,2,2,1,True,True,150,250,400,5000.0,"[7105001,7105002]",False,0,0,0,0,,,,[]
734,5,0,30080001,1,5,0,,,0,0,2,128,False,0,2,2,1,False,False,0,40,200,5000.0,[7105004],True,0,1,0,0,,,,[]
735,5,0,30080001,1,5,0,,,0,0,2,128,False,0,2,2,1,False,False,0,40,200,5000.0,[7105006],True,0,1,0,0,,,,[]
736,5,0,16370002,736,5,0,Monster_Name_409,,0,0,2,128,False,0,2,2,1,True,True,150,300,300,5000.0,"[7104601,7104602]",False,0,0,0,0,,,,[]
737,5,0,10060001,737,6,0,Monster_Name_56,,0,0,2,129,False,0,0,2,1,True,True,40,80,200,3000.0,[7004901],False,0,0,0,0,,,,[]
738,5,0,10350001,738,6,0,Monster_Name_62,,0,0,2,129,False,0,0,2,1,True,True,40,50,200,3000.0,"[7005701,7005702]",False,0,0,0,0,,,,[]
739,5,0,10010005,739,6,0,Monster_Name_1,,0,0,2,129,False,0,0,2,1,True,True,40,100,200,3000.0,[7000101],False,0,0,0,0,,,,[]
740,5,0,10040001,740,6,0,Monster_Name_14,,0,0,2,129,False,0,0,2,1,True,True,40,50,200,3000.0,[7001201],False,0,0,0,0,,,,[]
741,5,0,10270002,741,6,0,Monster_Name_99,,0,0,2,129,False,0,0,2,1,True,True,40,100,200,3000.0,[7009201],False,0,0,0,0,,,,[]
742,5,0,10360002,742,6,0,Monster_Name_53,,0,0,2,129,False,0,0,2,1,True,True,40,50,200,3000.0,[7004201],False,0,0,0,0,,,,[]
743,5,0,10310005,743,6,0,Monster_Name_63,,0,0,2,129,False,0,0,2,1,True,True,40,130,200,3000.0,"[7005801,7005802]",False,0,0,0,0,,,,[]
744,5,0,10160002,744,6,0,Monster_Name_11,,0,0,2,129,False,0,0,2,1,True,True,40,50,200,3000.0,[7000901],False,0,0,0,0,,,,[]
745,5,0,10290005,745,6,0,Monster_Name_52,,0,0,2,129,False,0,0,2,1,True,True,40,80,200,3000.0,"[7004101,7004102]",False,0,0,0,0,,,,[]
746,5,0,10210003,746,6,0,Monster_Name_57,,0,0,2,129,False,0,0,2,1,True,True,40,80,200,3000.0,[7005001],False,0,0,0,0,,,,[]
747,5,0,10430003,747,6,0,Monster_Name_92,,0,0,2,129,False,0,0,2,1,True,True,40,50,200,3000.0,[7008601],False,0,0,0,0,,,,[]
748,5,0,10110001,748,6,0,Monster_Name_93,,0,0,2,129,False,0,0,2,1,True,True,40,120,200,3000.0,[7008701],False,0,0,0,0,,,,[]
749,5,0,10370001,749,6,0,Monster_Name_89,,0,0,2,129,False,0,0,2,1,True,True,40,50,200,3000.0,"[7008301,7008302]",False,0,0,0,0,,,,[]
750,5,0,10540004,750,6,0,Monster_Name_40,,0,0,2,129,False,0,0,2,1,True,True,40,50,200,3000.0,[7002701],False,0,0,0,0,,,,[]
751,5,0,10300003,751,6,0,Monster_Name_54,,0,0,2,129,False,0,0,2,1,True,True,40,80,200,3000.0,"[7004301,7004302]",False,0,0,0,0,,,,[]
752,5,0,10200003,752,6,0,Monster_Name_10,,0,0,2,129,False,0,0,2,1,True,True,50,120,200,3000.0,[7000801],False,0,0,0,0,,,,[]
753,5,0,10260003,753,6,0,Monster_Name_55,,0,0,2,129,False,0,0,2,1,True,True,40,80,200,3000.0,[7004401],False,0,0,0,0,,,,[]
754,5,0,10100003,754,6,0,Monster_Name_58,,0,0,2,129,False,0,0,2,1,True,True,40,50,200,3000.0,[7005101],False,0,0,0,0,,,,[]
755,5,0,10120003,755,6,0,Monster_Name_83,,0,0,2,129,False,0,0,2,1,True,True,40,80,200,3000.0,"[7007701,7007702]",False,0,0,0,0,,,,[]
756,5,0,10030002,756,6,0,Monster_Name_9,,0,0,2,129,False,0,0,2,1,True,True,40,80,200,3000.0,[7000701],False,0,0,0,0,,,,[]
757,5,0,10550006,757,6,0,Monster_Name_66,,0,0,2,129,False,0,0,2,1,True,True,40,50,200,3000.0,"[7006201,7006202]",False,0,0,0,0,,,,[]
758,5,0,10450003,758,6,0,Monster_Name_253,,0,0,2,129,False,0,0,2,1,True,True,40,100,200,3000.0,[7012201],False,0,0,0,0,,,,[]
759,5,0,10080004,759,6,0,Monster_Name_61,,0,0,2,129,False,0,0,2,1,True,True,40,80,200,3000.0,[7005601],False,0,0,0,0,,,,[]
760,5,0,10070002,760,6,0,Monster_Name_84,,0,0,2,129,False,0,0,2,1,True,True,80,80,200,3000.0,[7007801],False,0,0,0,0,,,,[]
761,5,0,10824001,761,6,0,Monster_Name_313,,0,0,2,129,False,0,0,2,1,True,True,30,40,200,3000.0,"[7014301,7014302]",False,0,0,0,0,,,,[]
762,5,0,10410003,762,6,0,Monster_Name_88,,0,0,2,129,False,0,0,2,1,True,True,40,50,200,3000.0,[7008201],False,0,0,0,0,,,,[]
763,5,0,10842005,763,6,0,Monster_Name_313,,0,0,2,129,False,0,0,2,1,True,True,40,40,50,3000.0,[7018301],False,0,0,0,0,,,,[]
764,5,0,10849001,764,6,0,,,0,0,2,129,False,0,0,2,1,True,True,40,90,90,3000.0,[7019301],False,0,0,0,0,,,,[]
765,5,0,10837001,765,6,0,Monster_Name_313,,0,0,2,129,False,0,0,2,1,True,True,40,60,120,3000.0,[7018101],False,0,0,0,0,,,,[]
766,5,0,10832004,766,6,0,Monster_Name_313,,0,0,2,129,False,0,0,2,1,True,True,60,150,130,3000.0,"[7016101,7016102,7016103]",False,0,0,0,0,,,,[]
767,5,0,10831004,767,6,0,Monster_Name_313,,0,0,2,129,False,0,0,2,1,True,True,40,80,140,3000.0,"[7015801,7015802,7015803,7015804]",False,0,0,0,0,,,,[]
768,5,0,16440001,548,6,0,Monster_Name_359399,,0,0,2,128,False,0,2,2,1,True,True,150,300,480,3000.0,"[7105301,7105302]",False,0,0,0,0,Brontes,,,[]
769,5,0,16400001,769,5,0,Monster_Name_108,,0,0,2,128,False,0,2,2,1,True,True,150,300,500,5000.0,"[7104902,7104904]",False,0,1,0,0,,,,[]
770,5,0,16450002,770,5,0,,,0,0,2,128,False,0,2,2,1,True,True,150,350,500,5000.0,[7105507],False,0,0,0,0,,,,[]
771,5,0,16460001,771,5,0,Monster_Name_595,,0,0,2,128,False,0,2,2,1,True,True,150,300,500,5000.0,"[7105601,7105602]",False,0,1,0,0,,,,[]
772,5,0,16470001,772,5,0,Monster_Name_595,,0,0,2,128,False,0,2,2,1,True,True,150,300,500,5000.0,[7105701],False,0,1,0,0,,,,[]
773,5,0,10846004,1,6,0,,,0,0,2,129,False,0,0,2,1,True,True,40,120,120,3000.0,"[7018901,7018902,7018903]",False,0,0,0,0,,,,[]
774,5,0,10960001,1,6,0,Monster_Name_618,,0,0,2,129,False,0,0,2,1,True,True,40,120,200,3000.0,[7020901],True,0,0,0,0,,,,[]
775,5,0,10970001,1,6,0,Monster_Name_577,,0,0,2,129,False,0,0,2,1,True,True,40,120,200,3000.0,[7020701],True,0,0,0,0,,,,[]
776,5,0,10980001,1,6,0,Monster_Name_619,,0,0,2,129,False,0,0,2,1,True,True,40,120,200,3000.0,"[7021001,7021002]",True,0,0,0,0,,,,[]
777,5,0,17740013,494,2,0,Monster_Name_317,,0,0,2,0,False,0,0,2,1,True,True,100,150,200,3000.0,"[7104128,7104129]",False,0,0,0,0,,,,[]
778,5,0,30080001,1,778,0,,,0,0,2,125,False,0,0,2,1,False,False,0,40,200,5000.0,[8010944],True,0,1,0,0,,,,[]
779,5,0,30080001,1,778,0,,,0,0,2,125,False,0,0,2,1,False,False,0,40,200,5000.0,[8010948],True,0,1,0,0,,,,[]
780,5,0,30080001,1,778,0,,,0,0,2,125,False,0,0,2,1,False,False,0,40,200,5000.0,[8010950],True,0,1,0,0,,,,[]
781,5,0,30080001,1,778,0,,,0,0,2,125,False,0,0,2,1,False,False,0,40,200,5000.0,[8010952],True,0,1,0,0,,,,[]
782,5,0,30080001,1,778,0,,,0,0,2,125,False,0,0,2,1,False,False,0,40,200,5000.0,[8010954],True,0,1,0,0,,,,[]
783,5,0,30080001,1,778,0,,,0,0,2,125,False,0,0,2,1,False,False,0,40,200,5000.0,[8010956],True,0,1,0,0,,,,[]
784,5,0,16510001,1,696,0,Monster_Name_685,,0,0,2,122,False,0,0,2,1,True,True,40,50,200,5000.0,[7106435],False,0,0,0,0,Tentáculo,,,[]
785,5,0,30080001,1,697,0,,,0,0,2,125,False,0,0,2,1,False,False,0,40,200,5000.0,[7106431],True,0,1,0,0,,,,[]
786,5,0,30080001,1,697,0,,,0,0,2,125,False,0,0,2,1,False,False,0,40,200,5000.0,[7106434],True,0,1,0,0,,,,[]
787,5,0,16030010,787,514,0,Monster_Name_514,,0,0,2,205,False,0,2,2,1,True,True,150,1050,1000,5000.0,[7107200],False,0,1,0,0,,,,[]
788,5,0,30080001,1,788,0,,,0,0,2,125,False,0,0,2,1,False,False,0,40,200,5000.0,[7107209],True,0,1,0,0,,,,[]
789,5,0,30080001,1,141,0,,,0,0,2,125,False,0,0,2,1,False,False,0,40,200,5000.0,[7107212],True,0,1,0,0,,,,[]
790,5,0,30080001,1,141,0,,,0,0,2,125,False,0,0,2,1,False,False,0,40,200,5000.0,[7107215],True,0,1,0,0,,,,[]
791,5,0,30080001,1,791,0,,,0,0,2,125,False,0,0,2,1,False,False,0,40,200,5000.0,[7107217],True,0,1,0,0,,,,[]
792,5,0,30080001,1,141,0,,,0,0,2,125,False,0,0,2,1,False,False,0,40,200,5000.0,[7107220],True,0,1,0,0,,,,[]
793,5,0,30080001,1,650,0,,,0,0,2,125,False,0,0,2,1,False,False,0,40,200,5000.0,[8010958],True,0,1,0,0,,,,[]
794,5,0,30080001,1,650,0,,,0,0,2,125,False,0,0,2,1,False,False,0,40,200,5000.0,[8010960],True,0,1,0,0,,,,[]
795,5,0,30080001,1,778,0,,,0,0,2,125,False,0,0,2,1,False,False,0,40,200,5000.0,[8010962],True,0,1,0,0,,,,[]
796,5,0,30080001,1,605,0,,,0,0,2,125,False,0,0,2,1,False,False,0,40,200,5000.0,[8010964],True,0,1,0,0,,,,[]
797,5,0,30080001,1,778,0,,,0,0,2,125,False,0,0,2,1,False,False,0,40,200,5000.0,[8010966],True,0,1,0,0,,,,[]
798,5,0,30080001,1,647,0,,,0,0,2,125,False,0,0,2,1,False,False,0,40,200,5000.0,[8010968],True,0,1,0,0,,,,[]
800,5,0,10810003,1,1,0,Monster_Name_260,,0,0,2,0,False,0,0,2,1,True,True,40,60,200,3000.0,"[7012401,7012402]",False,0,0,0,0,,,,[]
801,5,0,10831002,1,1,0,Monster_Name_313,,0,0,2,0,False,0,0,2,1,True,True,40,80,140,3000.0,"[7015801,7015802]",False,0,0,0,0,,,,[]
802,5,0,10842001,1,1,0,Monster_Name_313,,0,0,2,0,False,0,0,2,1,True,True,40,40,50,3000.0,[7018302],False,0,0,0,0,,,,[]
803,5,0,10050002,1,1,0,Monster_Name_48,,0,0,2,0,False,0,0,2,1,True,True,40,50,200,3000.0,"[7003701,7003702,7003703]",False,0,0,0,0,,,,[]
804,5,0,10130001,1,1,0,Monster_Name_94,,0,0,2,0,False,0,0,2,1,True,True,40,80,200,3000.0,[7008801],False,0,0,0,0,,,,[]
805,5,0,10010003,1,1,0,Monster_Name_1,,0,0,2,0,False,0,0,2,1,True,True,40,100,200,3000.0,[7000101],False,0,0,0,0,,,,[]
806,5,0,10310003,1,1,0,Monster_Name_63,,0,0,2,0,False,0,0,2,1,True,True,40,130,200,3000.0,"[7005801,7005802]",False,0,0,0,0,,,,[]
807,5,0,10460002,1,1,0,Monster_Name_90,,0,0,2,0,False,0,0,2,1,True,True,40,80,200,3000.0,[7008401],False,0,0,0,0,,,,[]
808,5,0,10823002,1,1,0,Monster_Name_313,,0,0,2,0,False,0,0,2,1,True,True,40,40,80,3000.0,"[7016401,7016402]",False,0,0,0,0,,,,[]
809,5,0,10620001,1,1,0,Monster_Name_85,,0,0,2,0,False,0,0,2,1,True,True,40,200,200,3000.0,"[7007901,7007904]",False,0,0,0,0,,,,[]
810,5,0,10610001,1,1,0,Monster_Name_72,,0,0,2,0,False,0,0,2,1,True,True,40,80,200,3000.0,"[7006601,7006602,7006603]",False,0,0,0,0,,,,[]
811,5,0,10590001,1,1,0,Monster_Name_65,,0,0,2,0,False,0,0,2,1,True,True,40,80,200,3000.0,[7006003],False,0,0,0,0,,,,[]
812,5,0,10823003,1,1,0,Monster_Name_313,,0,0,2,0,False,0,0,2,1,True,True,40,40,80,3000.0,"[7016401,7016402]",False,0,0,0,0,,,,[]
813,5,0,10842002,1,1,0,Monster_Name_313,,0,0,2,0,False,0,0,2,1,True,True,40,40,50,3000.0,[7018302],False,0,0,0,0,,,,[]
814,5,0,16560000,687,3,0,Monster_Name_108,,0,0,2,205,False,0,2,2,1,True,True,150,650,500,5000.0,[7106601],False,0,0,0,0,,,,[]
815,5,0,16560001,1,815,0,Monster_Name_686,,0,0,2,122,False,0,0,2,1,True,True,0,50,200,5000.0,[7106612],False,0,0,0,0,Cilindro de Gás,,,[]
816,5,0,30080001,1,816,0,,,0,0,2,125,False,0,0,2,1,False,False,0,40,200,5000.0,[7106607],True,0,1,0,0,,,,[]
817,5,0,30080001,1,817,0,,,0,0,2,125,False,0,0,2,1,False,False,0,40,200,5000.0,[7106609],True,0,1,0,0,,,,[]
818,5,0,16500001,686,3,0,Monster_Name_96,,0,0,2,0,False,0,2,2,1,True,True,150,300,300,5000.0,"[7106501,7106502]",False,0,0,0,0,,,,[]
819,5,0,16490000,819,3,0,Monster_Name_819,,0,0,2,0,False,0,2,2,1,True,True,150,300,300,5000.0,"[7106801,7106802]",False,0,0,0,0,,,,[]
820,5,0,30080001,1,820,0,,,0,0,2,125,False,0,0,2,1,False,False,0,40,200,5000.0,[7106805],True,0,1,0,0,,,,[]
821,5,0,30080001,1,821,0,,,0,0,2,125,False,0,0,2,1,False,False,0,40,200,5000.0,[7106809],True,0,1,0,0,,,,[]
822,5,0,30080001,1,822,0,,,0,0,2,125,False,0,0,2,1,False,False,0,40,200,5000.0,[7106811],True,0,1,0,0,,,,[]
823,5,0,30080001,1,822,0,,,0,0,2,125,False,0,0,2,1,False,False,0,40,200,5000.0,[7106813],True,0,1,0,0,,,,[]
824,5,0,30080001,1,824,0,,,0,0,2,125,False,0,0,2,1,False,False,0,40,200,5000.0,[7106817],True,0,1,0,0,,,,[]
825,5,0,30080001,1,824,0,,,0,0,2,125,False,0,0,2,1,False,False,0,40,200,5000.0,[7106818],True,0,1,0,0,,,,[]
826,5,0,30080001,1,824,0,,,0,0,2,125,False,0,0,2,1,False,False,0,40,200,5000.0,[7106819],True,0,1,0,0,,,,[]
827,5,0,30080001,1,824,0,,,0,0,2,125,False,0,0,2,1,False,False,0,40,200,5000.0,[7106820],True,0,1,0,0,,,,[]
828,5,0,30080001,1,824,0,,,0,0,2,125,False,0,0,2,1,False,False,0,40,200,5000.0,[7106821],True,0,1,0,0,,,,[]
829,5,0,30080001,1,824,0,,,0,0,2,125,False,0,0,2,1,False,False,0,40,200,5000.0,[7106822],True,0,1,0,0,,,,[]
830,5,0,30080001,1,824,0,,,0,0,2,125,False,0,0,2,1,False,False,0,40,200,5000.0,[7106823],True,0,1,0,0,,,,[]
831,5,0,30080001,1,824,0,,,0,0,2,125,False,0,0,2,1,False,False,0,40,200,5000.0,[7106824],True,0,1,0,0,,,,[]
832,5,0,16571000,832,2,0,Monster_Name_383,,0,0,2,0,False,0,0,2,1,True,True,250,400,400,5000.0,[7106700],False,0,1,0,0,,,,[]
833,95,0,16571001,1,833,0,Monster_Name_833,,0,0,2,0,False,0,0,2,1,True,True,0,0,0,3000.0,"[7021101,7021102]",False,0,0,0,0,Drone Vespa,,,[]
834,5,0,30080001,1,820,0,,,0,0,2,125,False,0,0,2,1,False,False,0,40,200,5000.0,[7106807],True,0,1,0,0,,,,[]
835,5,0,16570000,835,3,0,Monster_Name_4504318,,0,0,2,0,False,0,2,2,1,True,True,250,300,300,5000.0,[7107101],False,0,0,0,0,Sentinela Orbital,,,[]
836,5,0,30080001,1,836,0,,,0,0,2,125,False,0,0,2,1,False,False,0,40,200,5000.0,[7107105],True,0,1,0,0,,,,[]
837,5,0,30080001,1,837,0,,,0,0,2,125,False,0,0,2,1,False,False,0,40,200,5000.0,[7107109],True,0,1,0,0,,,,[]
838,5,0,30080001,1,838,0,,,0,0,2,125,False,0,0,2,1,False,False,0,40,200,5000.0,[7107111],True,0,1,0,0,,,,[]
839,5,0,30080001,1,839,0,,,0,0,2,125,False,0,0,2,1,False,False,0,40,200,5000.0,[7107113],True,0,1,0,0,,,,[]
840,5,0,30080001,1,840,0,,,0,0,2,125,False,0,0,2,1,False,False,0,40,200,5000.0,[7107115],True,0,1,0,0,,,,[]
841,5,0,11050002,1,3,0,,,0,0,2,0,False,0,0,2,0,True,True,40,180,200,3000.0,"[7021711,7021712,7021713]",True,0,0,0,0,,,,[]
842,5,0,16572000,842,3,0,,,0,0,2,0,False,0,0,2,0,True,True,40,180,200,3000.0,[7106901],True,0,0,0,0,,,,[]
843,5,0,30080001,1,388,0,,,0,0,2,125,False,0,0,2,1,False,False,0,40,200,5000.0,[7106709],True,0,1,0,0,,,,[]
844,5,0,30080001,1,389,0,,,0,0,2,125,False,0,0,2,1,False,False,0,40,200,5000.0,[7106710],True,0,1,0,0,,,,[]
845,5,0,16220100,845,3,0,Monster_Name_3460399,,0,0,2,106,False,0,2,2,0,True,True,150,150,600,5000.0,[7107701],False,0,0,0,0,Guardião Tyrant Origin,,,[]
846,5,0,16220101,846,3,0,Monster_Name_3462599,,0,0,2,106,False,0,2,2,0,True,True,150,180,600,5000.0,[7107801],False,0,0,0,0,Guardião Abissal Origin,,,[]
847,5,0,16390000,847,417,0,Monster_Name_383,,0,0,2,103,False,0,2,2,1,True,True,200,300,300,5000.0,"[7107301,7107302,7107303]",False,0,1,0,0,,,,[]
848,5,0,30080001,1,418,0,,,0,0,2,125,False,0,0,2,1,False,False,0,40,100,5000.0,[7107318],True,0,1,0,0,,,,[]
849,5,0,30080001,1,139,0,,,0,0,2,125,False,0,0,2,1,False,False,0,40,100,5000.0,[7107317],True,0,1,0,0,,,,[]
850,5,0,30080001,1,418,0,,,0,0,2,125,False,0,0,2,1,False,False,0,40,100,5000.0,[7107312],True,0,1,0,0,,,,[]
851,5,0,30080001,1,193,0,,,0,0,2,125,False,0,0,2,1,False,False,0,40,100,5000.0,[7107315],True,0,1,0,0,,,,[]
852,5,0,30080001,1,418,0,,,0,0,2,125,False,0,0,2,1,False,False,0,40,100,5000.0,[7107316],True,0,1,0,0,,,,[]
853,5,0,30080001,1,418,0,,,0,0,2,125,False,0,0,2,1,False,False,0,40,100,5000.0,[7107319],True,0,1,0,0,,,,[]
854,5,0,30080001,1,418,0,,,0,0,2,125,False,0,0,2,1,False,False,0,40,100,5000.0,[7107320],True,0,1,0,0,,,,[]
855,5,0,30080001,1,855,0,,,0,0,2,125,False,0,0,2,1,False,False,0,40,100,5000.0,[7107321],True,0,1,0,0,,,,[]
856,5,0,30080001,1,856,0,,,0,0,2,125,False,0,0,2,1,False,False,0,40,100,5000.0,[7107322],True,0,1,0,0,,,,[]
857,5,0,16340000,857,2,0,Monster_Name_383,,0,0,2,0,False,0,0,2,1,True,True,250,400,400,5000.0,"[7107401,7107402,7107403]",False,0,1,0,0,,,,[]
858,91,0,10480000,858,1,0,Monster_Name_436,,0,0,2,122,False,0,0,2,1,True,True,40,50,200,3000.0,[7107411],False,0,0,0,0,,,,[]
859,5,0,30080001,1,387,0,,,0,0,2,125,False,0,0,2,1,False,False,0,40,200,3000.0,[7107409],True,0,1,0,0,,,,[]
860,5,0,16520000,860,3,0,Monster_Name_375200,,0,0,2,0,False,0,2,2,1,True,True,150,300,300,5000.0,"[7107501,7107502]",False,0,0,0,0,Xenopsíquico,,,[]
861,5,0,16520001,1,660,0,,,0,0,2,125,False,0,0,2,1,False,False,0,40,200,5000.0,[7107509],True,0,1,0,0,,,,[]
862,5,0,16520002,1,660,0,,,0,0,2,125,False,0,0,2,1,False,False,0,40,200,5000.0,[7107510],True,0,1,0,0,,,,[]
863,5,0,16520003,1,660,0,,,0,0,2,125,False,0,0,2,1,False,False,0,40,200,5000.0,[7107511],True,0,1,0,0,,,,[]
864,5,0,16520004,1,660,0,,,0,0,2,125,False,0,0,2,1,False,False,0,40,200,5000.0,[7107512],True,0,1,0,0,,,,[]
865,5,0,30080001,1,664,0,,,0,0,2,125,False,0,0,2,1,False,False,0,40,200,5000.0,[7107513],True,0,1,0,0,,,,[]
866,5,0,16520001,1,660,0,,,0,0,2,125,False,0,0,2,1,False,False,0,40,200,5000.0,[7107522],True,0,1,0,0,,,,[]
867,5,0,16520002,1,660,0,,,0,0,2,125,False,0,0,2,1,False,False,0,40,200,5000.0,[7107523],True,0,1,0,0,,,,[]
868,5,0,16520003,1,660,0,,,0,0,2,125,False,0,0,2,1,False,False,0,40,200,5000.0,[7107524],True,0,1,0,0,,,,[]
869,5,0,16520004,1,660,0,,,0,0,2,125,False,0,0,2,1,False,False,0,40,200,5000.0,[7107525],True,0,1,0,0,,,,[]
870,5,0,30080001,1,664,0,,,0,0,2,125,False,0,0,2,1,False,False,0,40,200,5000.0,[7107526],True,0,1,0,0,,,,[]
871,5,0,16380002,380415,410,0,Monster_Name_410,,0,0,2,0,False,0,2,2,1,True,True,200,300,600,5000.0,[7104369],False,0,1,0,0,,,,[]
872,95,0,16380001,1,411,0,Monster_Name_411,,0,0,2,122,False,0,0,2,1,True,True,70,100,200,5000.0,[7104373],True,0,0,0,0,Véu de Urano,,,[]
873,95,0,16380001,1,411,0,Monster_Name_412,,0,0,2,122,False,0,0,2,1,True,True,70,100,200,5000.0,[7104374],True,0,0,0,0,Escudo de Urano,,,[]
874,95,0,16380001,1,411,0,Monster_Name_413,,0,0,2,122,False,0,0,2,1,True,True,70,100,200,5000.0,[7104375],True,0,0,0,0,Lança de Urano,,,[]
875,95,0,16380003,1,411,0,Monster_Name_414,,0,0,2,122,False,0,0,2,1,True,True,70,100,200,5000.0,[7104376],True,0,0,0,0,Chama de Urano,,,[]
876,63,0,30080001,1,414,0,,,0,0,2,125,False,0,0,2,1,False,False,0,40,200,5000.0,[7104379],True,0,1,0,0,,,,[]
877,5,0,30080001,1,877,0,,,0,0,2,125,False,0,0,2,1,False,False,0,40,200,5000.0,[7107712],True,0,1,0,0,,,,[]
878,5,0,30080001,1,878,0,,,0,0,2,125,False,0,0,2,1,False,False,0,40,200,5000.0,[7107716],False,0,1,0,0,,,,[]
879,109,0,10819000,1,50001,0,Monster_Name_327705,,0,0,2,122,False,0,0,2,1,True,True,40,60,200,3000.0,[7013801],False,0,0,0,0,Purificador da Pedra Sagrada,,,[]
880,109,0,10820000,1,50001,0,Monster_Name_327706,,0,0,2,122,False,0,0,2,1,True,True,40,80,200,3000.0,"[7014201,7014202,7014203]",False,0,0,0,0,Buscador da Pedra Sagrada,,,[]
881,5,0,30080001,1,877,0,,,0,0,2,125,False,0,0,2,1,False,False,0,40,200,5000.0,[7107812],True,0,1,0,0,,,,[]
882,5,0,30080001,1,878,0,,,0,0,2,125,False,0,0,2,1,False,False,0,40,200,5000.0,[7107816],False,0,1,0,0,,,,[]
883,5,0,16320010,883,3,0,Monster_Name_329,,0,0,2,104,False,0,2,2,1,True,True,80,150,150,3000.0,[7103521],False,0,0,0,0,,,,[]
884,5,0,18650003,884,3,0,Monster_Name_243,,0,0,2,0,False,0,0,2,1,True,True,60,100,200,3000.0,"[7011711,7011712]",False,0,0,0,0,,,,[]
885,91,0,16574000,885,3,0,Monster_Name_3430304,,0,0,2,0,False,0,2,2,1,True,True,250,400,800,5000.0,[7107901],False,0,0,0,0,Gran Howler,,,[]
886,5,0,30080001,1,886,0,,,0,0,2,125,False,0,0,2,1,False,False,0,40,200,5000.0,[7107905],True,0,1,0,0,,,,[]
887,5,0,30080001,1,887,0,,,0,0,2,125,False,0,0,2,1,False,False,0,40,200,5000.0,[7107906],True,0,1,0,0,,,,[]
888,5,0,30080001,1,888,0,,,0,0,2,125,False,0,0,2,1,False,False,0,40,200,5000.0,[7107908],True,0,1,0,0,,,,[]
889,111,0,16574001,1,889,0,Monster_Name_889,,0,0,2,122,False,0,0,2,1,True,True,100,150,200,5000.0,[7107911],False,0,0,0,0,Ovo de Corrupção,,,[]
890,110,0,10960000,1,50001,0,Monster_Name_3430124,,0,0,2,0,False,0,0,2,1,True,True,40,120,200,5000.0,[7020901],True,0,0,0,0,Regenerador Carmesim,,,[]
891,110,0,10970000,1,50001,0,Monster_Name_3430125,,0,0,2,0,False,0,0,2,1,True,True,40,120,200,5000.0,[7020701],True,0,0,0,0,Arremessador Carmesim,,,[]
892,5,0,30080001,1,892,0,,,0,0,2,125,False,0,0,2,1,False,False,0,40,200,5000.0,[7107913],True,0,1,0,0,,,,[]
893,5,0,30080001,1,893,0,,,0,0,2,125,False,0,0,2,1,False,False,0,40,200,5000.0,[7107915],True,0,1,0,0,,,,[]
894,5,0,16580000,894,3,0,Monster_Name_96,,0,0,2,0,False,0,2,2,0,True,True,150,600,700,5000.0,[7108901],False,0,0,0,0,,,,[]
895,5,0,30080001,1,141,0,,,0,0,2,125,False,0,0,2,1,False,False,0,40,200,5000.0,[7108904],True,0,1,0,0,,,,[]
896,5,0,30080001,1,141,0,,,0,0,2,125,False,0,0,2,1,False,False,0,40,200,5000.0,[7108906],True,0,1,0,0,,,,[]
897,5,0,30080001,1,141,0,,,0,0,2,125,False,0,0,2,1,False,False,0,40,200,5000.0,[7108909],True,0,1,0,0,,,,[]
898,5,0,30080001,1,141,0,,,0,0,2,125,False,0,0,2,1,False,False,0,40,200,5000.0,[7108911],True,0,1,0,0,,,,[]
899,5,0,30080001,1,141,0,,,0,0,2,125,False,0,0,2,1,False,False,0,40,200,5000.0,[7108913],True,0,1,0,0,,,,[]
900,5,0,10610000,0,1,0,Monster_Name_72,,0,0,2,0,False,0,0,2,0,True,True,40,80,200,3000.0,"[7006601,7006602,7006603]",False,0,0,0,0,,,,[]
901,5,0,10610000,0,1,0,Monster_Name_72,,0,0,2,0,False,0,0,2,0,True,True,40,80,200,3000.0,"[7006601,7006602,7006603]",False,0,0,0,0,,,,[]
902,5,0,30580000,0,309707,902,Monster_Name_28,,0,0,3,116,False,0,0,2,0,True,False,150,200,400,3000.0,[],True,0,0,0,0,Portão Dimensional,,,[]
903,2,0,10510001,0,1,0,,,0,0,2,0,False,0,0,2,0,True,True,40,50,200,3000.0,[],False,0,0,0,0,,,,[]
904,91,0,16575000,904,3,0,Monster_Name_3901608,,0,0,2,0,False,0,2,2,1,True,True,1200,1300,1400,5000.0,[7108001],False,0,0,0,0,EI-01,,,[]
905,91,0,30080001,1,905,0,,,0,0,2,125,False,0,0,2,1,False,False,0,40,200,5000.0,[7108005],True,0,1,0,0,,,,[]
906,91,0,30080001,1,905,0,,,0,0,2,125,False,0,0,2,1,False,False,0,40,200,5000.0,[7108007],True,0,1,0,0,,,,[]
907,91,0,30080001,1,905,0,,,0,0,2,125,False,0,0,2,1,False,False,0,40,200,5000.0,[7108012],True,0,1,0,0,,,,[]
908,91,0,16576000,908,3,0,Monster_Name_3901608,,0,0,2,0,False,0,2,2,1,True,True,250,400,800,5000.0,[7108100],False,0,0,0,0,EI-01,,,[]
909,91,0,30080001,1,817,0,,,0,0,2,125,False,0,0,2,1,False,False,0,40,200,5000.0,[7108109],True,0,1,0,0,,,,[]
910,91,0,30080001,1,905,0,,,0,0,2,125,False,0,0,2,1,False,False,0,40,200,5000.0,[7108205],True,0,1,0,0,,,,[]
911,91,0,30080001,1,905,0,,,0,0,2,125,False,0,0,2,1,False,False,0,40,200,5000.0,[7108207],True,0,1,0,0,,,,[]
912,91,0,30080001,1,905,0,,,0,0,2,125,False,0,0,2,1,False,False,0,40,200,5000.0,[7108212],True,0,1,0,0,,,,[]
913,91,0,16220020,913,185,0,Monster_Name_137,,0,0,2,103,False,0,2,2,1,True,True,150,150,600,5000.0,[7108301],False,0,0,0,0,Protetor da Pedra Sagrada,,,[]
914,91,0,30080001,1,186,0,,,0,0,2,125,False,0,0,2,1,False,False,0,40,200,5000.0,[7108313],True,0,1,0,0,,,,[]
915,91,0,30080001,1,196,0,,,0,0,2,125,False,0,0,2,1,False,False,0,40,200,5000.0,[7108314],True,0,1,0,0,,,,[]
916,91,0,16578000,916,515,0,Monster_Name_515,,0,0,2,205,False,0,2,2,1,True,True,200,450,800,10000.0,"[7108401,7108401]",True,0,1,0,0,,,,[]
917,91,0,16578001,917,517,0,Monster_Name_515,,0,0,2,205,False,0,2,2,1,True,True,250,600,600,10000.0,"[7108501,7108501]",True,0,1,0,0,,,,[]
918,91,0,30080001,1,918,0,,,0,0,2,125,False,0,0,2,1,False,False,0,40,200,5000.0,[7108407],True,0,1,0,0,,,,[]
919,91,0,30080001,1,919,0,,,0,0,2,125,False,0,0,2,1,False,False,0,40,200,5000.0,[7108409],True,0,1,0,0,,,,[]
920,91,0,30080001,1,920,0,,,0,0,2,125,False,0,0,2,1,False,False,0,40,200,5000.0,[7108412],True,0,1,0,0,,,,[]
921,91,0,30080001,1,921,0,,,0,0,2,125,False,0,0,2,1,False,False,0,40,200,5000.0,[7108505],True,0,1,0,0,,,,[]
922,91,0,30080001,1,922,0,,,0,0,2,125,False,0,0,2,1,False,False,0,40,200,5000.0,[7108508],True,0,1,0,0,,,,[]
923,91,0,30080001,1,923,0,,,0,0,2,125,False,0,0,2,1,False,False,0,40,200,5000.0,[7108511],True,0,1,0,0,,,,[]
924,91,0,30080001,1,924,0,,,0,0,2,125,False,0,0,2,1,False,False,0,40,200,5000.0,[7108512],True,0,1,0,0,,,,[]
925,91,0,30080001,1,925,0,,,0,0,2,125,False,0,0,2,1,False,False,0,40,200,5000.0,[7108515],True,0,1,0,0,,,,[]
926,91,0,16579000,926,3,0,Monster_Name_375300,,0,0,2,0,False,0,2,2,1,True,True,250,450,500,5000.0,"[7108701,7108702]",False,0,0,0,0,Bestia 6,,,[]
927,91,0,30080001,1,927,0,,,0,0,2,125,False,0,0,2,1,False,False,0,40,200,5000.0,[7108706],True,0,1,0,0,,,,[]
928,91,0,30080001,1,928,0,,,0,0,2,125,False,0,0,2,1,False,False,0,40,200,5000.0,[7108709],True,0,1,0,0,,,,[]
929,91,0,30080001,1,929,0,,,0,0,2,125,False,0,0,2,1,False,False,0,40,200,5000.0,[7108711],True,0,1,0,0,,,,[]
930,91,0,30080001,1,930,0,,,0,0,2,125,False,0,0,2,1,False,False,0,40,200,5000.0,[7108713],True,0,1,0,0,,,,[]
931,91,0,30080001,1,931,0,,,0,0,2,125,False,0,0,2,1,False,False,0,40,200,5000.0,[7108715],True,0,1,0,0,,,,[]
932,91,0,30080001,1,932,0,,,0,0,2,125,False,0,0,2,1,False,False,0,40,200,5000.0,[7108716],True,0,1,0,0,,,,[]
933,91,0,16582000,933,515,0,Monster_Name_515,,0,0,2,205,False,0,2,2,1,True,True,200,450,800,10000.0,"[7109201,7109202]",True,0,1,0,0,,,,[]
934,91,0,16582001,934,517,0,Monster_Name_515,,0,0,2,205,False,0,2,2,1,True,True,350,600,800,10000.0,"[7109301,7109302]",True,0,1,0,0,,,,[]
935,2,0,11122000,1,1,0,,,0,0,2,0,False,0,0,2,1,True,True,40,80,150,3000.0,"[7022701,7022702]",False,0,0,0,0,,,,[]
936,2,0,11123000,1,1,0,,,0,0,2,0,False,0,0,2,1,True,True,40,80,200,3000.0,"[7022801,7022802]",False,0,0,0,0,,,,[]
937,2,0,11124000,1,1,0,,,0,0,2,0,False,0,0,2,1,True,True,40,80,200,3000.0,[7022901],False,0,0,0,0,,,,[]
938,2,0,11125000,1,1,0,,,0,0,2,0,False,0,0,2,1,True,True,40,80,200,3000.0,[7023001],False,0,0,0,0,,,,[]
939,2,0,11126000,1,1,0,,,0,0,2,0,False,0,0,2,1,True,True,40,80,200,3000.0,"[7023101,7023102,7023103]",False,0,0,0,0,,,,[]
940,2,0,11127000,1,1,0,,,0,0,2,0,False,0,0,2,1,True,True,40,80,200,3000.0,[7023201],False,0,0,0,0,,,,[]
941,2,0,11128000,1,1,0,,,0,0,2,0,False,0,0,2,1,True,True,40,100,200,3000.0,"[7023301,7023302,7023303]",False,0,0,0,0,,,,[]
942,2,0,11129000,1,1,0,,,0,0,2,0,False,0,0,2,1,True,True,40,100,200,3000.0,"[7023401,7023402,7023403]",False,0,0,0,0,,,,[]
943,2,0,11130000,1,1,0,,,0,0,2,0,False,0,0,2,1,True,True,40,100,200,3000.0,"[7023501,7023502]",False,0,0,0,0,,,,[]
944,2,0,10032100,1,1,0,,,0,0,2,0,False,0,0,2,1,True,True,40,80,200,3000.0,[7023601],False,0,0,0,0,,,,[]
945,2,0,11131000,1,1,0,,,0,0,2,0,False,0,0,2,1,True,True,40,80,200,3000.0,"[7023701,7023702]",False,0,0,0,0,,,,[]
946,2,0,11132000,1,1,0,,,0,0,2,0,False,0,0,2,1,True,True,40,80,200,3000.0,"[7023801,7023802]",False,0,0,0,0,,,,[]
947,2,0,11133000,1,1,0,,,0,0,2,0,False,0,0,2,1,True,True,40,80,200,3000.0,"[7023901,7023902,7023903]",False,0,0,0,0,,,,[]
948,2,0,11134000,1,1,0,,,0,0,2,0,False,0,0,2,1,True,True,40,80,200,3000.0,"[7024001,7024002,7024003]",False,0,0,0,0,,,,[]
949,2,0,11135000,1,1,0,,,0,0,2,0,False,0,0,2,1,True,True,40,80,200,3000.0,"[7024101,7024102]",False,0,0,0,0,,,,[]
950,2,0,11136000,1,1,0,,,0,0,2,0,False,0,0,2,1,True,True,40,80,200,3000.0,"[7024201,7024202,7024203,7024204]",False,0,0,0,0,,,,[]
951,2,0,11121000,1,1,0,,,0,0,2,0,False,0,0,2,1,True,True,40,80,200,3000.0,"[7024301,7024302,7024303]",False,0,0,0,0,,,,[]
952,91,0,16583000,952,3,0,,,0,0,2,0,False,0,2,2,1,True,True,40,300,600,5000.0,"[7109001,7109002]",False,0,0,0,0,,,,[]
953,91,0,16584000,953,3,0,,,0,0,2,0,False,0,2,2,1,True,True,40,200,400,5000.0,"[7109101,7109102]",False,0,0,0,0,,,,[]
954,91,0,30080001,1,927,0,,,0,0,2,125,False,0,0,2,1,False,False,0,40,200,5000.0,[7109006],True,0,1,0,0,,,,[]
955,91,0,30080001,1,955,0,,,0,0,2,125,False,0,0,2,1,False,False,0,40,200,5000.0,[7109009],True,0,1,0,0,,,,[]
956,91,0,30080001,1,956,0,,,0,0,2,125,False,0,0,2,1,False,False,0,40,200,5000.0,[7109011],True,0,1,0,0,,,,[]
957,91,0,30080001,1,954,0,,,0,0,2,125,False,0,0,2,1,False,False,0,40,200,5000.0,[7109013],True,0,1,0,0,,,,[]
958,91,0,30080001,1,927,0,,,0,0,2,125,False,0,0,2,1,False,False,0,40,200,5000.0,[7109106],True,0,1,0,0,,,,[]
959,91,0,30080001,1,927,0,,,0,0,2,125,False,0,0,2,1,False,False,0,40,200,5000.0,[7109109],True,0,1,0,0,,,,[]
960,91,0,30080001,1,960,0,,,0,0,2,125,False,0,0,2,1,False,False,0,40,200,5000.0,[7109111],True,0,1,0,0,,,,[]
961,91,0,30080001,1,927,0,,,0,0,2,125,False,0,0,2,1,False,False,0,40,200,5000.0,[7109113],True,0,1,0,0,,,,[]
962,91,0,30080001,1,962,0,,,0,0,2,125,False,0,0,2,1,False,False,0,40,200,5000.0,[7109207],True,0,1,0,0,,,,[]
963,91,0,30080001,1,962,0,,,0,0,2,125,False,0,0,2,1,False,False,0,40,200,5000.0,[7109307],True,0,1,0,0,,,,[]
964,91,0,30080001,1,927,0,,,0,0,2,125,False,0,0,2,1,False,False,0,40,200,5000.0,[7108706],True,0,1,0,0,,,,[]
965,91,0,30080001,1,927,0,,,0,0,2,125,False,0,0,2,1,False,False,0,40,200,5000.0,[7109310],True,0,1,0,0,,,,[]
966,91,0,30080001,1,966,0,,,0,0,2,125,False,0,0,2,1,False,False,0,40,200,5000.0,[7109312],True,0,1,0,0,,,,[]
1000,5,0,16100000,1,1,0,Monster_Name_56,,0,0,2,104,False,0,2,2,1,True,True,40,250,200,3000.0,[7004901],False,0,0,0,0,,,,[]
1001,3,0,10030000,1,1,0,Monster_Name_9,,0,0,2,0,False,0,0,2,0,True,True,40,80,200,3000.0,[7000701],False,0,0,0,0,,,,[]
1011,2,0,10510000,0,99,0,,,0,0,2,0,False,0,0,2,0,True,True,40,50,200,3000.0,[],False,0,0,0,0,,,,[]
1012,2,0,10810000,0,99,0,,,0,0,2,0,False,0,0,2,0,True,True,40,50,200,3000.0,[],False,0,0,0,0,,,,[]
1013,2,0,10030000,0,99,0,,,0,0,2,0,False,0,0,2,0,True,True,40,50,200,3000.0,[],False,0,0,0,0,,,,[]
1021,5,0,10818000,1,1,0,Monster_Name_313,,0,0,2,129,False,0,0,2,1,True,True,40,40,110,3000.0,[7015001],False,0,0,0,0,,,,[]
1022,5,0,10816000,1,1,0,Monster_Name_313,,0,0,2,129,False,0,0,2,1,True,True,40,40,110,3000.0,"[7015101,7015102]",False,0,0,0,0,,,,[]
1023,5,0,10817000,1,1,0,Monster_Name_313,,0,0,2,129,False,0,0,2,1,True,True,40,60,130,3000.0,"[7015201,7015202]",False,0,0,0,0,,,,[]
1024,5,0,16040000,246,3,0,Monster_Name_246,,0,0,2,128,False,0,2,2,1,True,True,150,200,200,3000.0,[],False,0,0,0,0,,,,[]
1025,5,0,16370000,436,3,0,Monster_Name_409,,0,0,2,128,False,0,2,2,1,True,True,250,400,400,5000.0,"[7104601,7104602]",False,0,1,0,0,,,,[]
1026,5,0,30080001,1,583,0,,,0,0,2,125,False,0,0,2,1,False,False,0,40,200,5000.0,[7105512],True,0,1,0,0,,,,[]
1027,5,0,30080001,1,583,0,,,0,0,2,125,False,0,0,2,1,False,False,0,40,200,5000.0,[7105513],True,0,1,0,0,,,,[]
1028,5,0,30080001,1,583,0,,,0,0,2,125,False,0,0,2,1,False,False,0,40,200,5000.0,[7105514],True,0,1,0,0,,,,[]
1029,5,0,30080001,1,583,0,,,0,0,2,125,False,0,0,2,1,False,False,0,40,200,5000.0,[7105515],True,0,1,0,0,,,,[]
1030,5,0,30080001,1,583,0,,,0,0,2,125,False,0,0,2,1,False,False,0,40,200,5000.0,[7105517],True,0,1,0,0,,,,[]
1031,5,0,30080001,1,583,0,,,0,0,2,125,False,0,0,2,1,False,False,0,40,200,5000.0,[7105518],True,0,1,0,0,,,,[]
1032,5,0,30080001,1,583,0,,,0,0,2,125,False,0,0,2,1,False,False,0,40,200,5000.0,[7105519],True,0,1,0,0,,,,[]
1033,5,0,30080001,1,583,0,,,0,0,2,125,False,0,0,2,1,False,False,0,40,200,5000.0,[7105520],True,0,1,0,0,,,,[]
2000,1,0,17090001,999999,1,0,NPC_Name_2000,,0,0,1,0,False,0,0,2,0,True,False,30,40,200,3000.0,[],False,0,0,0,0,,,,[]
2001,1,0,17090000,999999,1,0,NPC_Name_2001,,0,0,1,0,False,0,0,2,0,True,False,30,40,200,3000.0,[],False,0,0,0,0,,,,[]
2002,1,0,17570000,0,1,0,NPC_Name_2002,,0,0,1,0,False,0,0,2,0,True,False,40,40,200,3000.0,[],False,0,0,0,0,,,,[]
2003,1,0,17540000,0,1,0,NPC_Name_2003,,0,0,1,0,False,0,0,2,0,True,False,40,40,200,3000.0,[],False,0,0,0,0,,,,[]
2004,1,0,17560000,0,1,0,NPC_Name_2004,,0,0,1,0,False,0,0,2,0,True,False,40,40,200,3000.0,[],False,0,0,0,0,,,,[]
2005,1,0,17550000,0,1,0,NPC_Name_2005,,0,0,1,0,False,0,0,2,0,True,False,40,40,200,3000.0,[],False,0,0,0,0,,,,[]
2006,1,0,17550000,0,1,0,NPC_Name_2005,,0,0,1,0,False,0,0,2,0,True,True,40,40,200,3000.0,[],False,0,0,0,0,,,,[]
2007,1,0,17550000,0,1,0,NPC_Name_2005,,0,0,1,0,False,0,0,2,0,True,True,40,40,200,3000.0,[],False,0,0,0,0,,,,[]
2008,1,0,17550000,0,1,0,NPC_Name_2005,,0,0,1,0,False,0,0,2,0,True,True,40,40,200,3000.0,[],False,0,0,0,0,,,,[]
2009,1,0,17550000,0,1,0,NPC_Name_2005,,0,0,1,0,False,0,0,2,0,True,True,40,40,200,3000.0,[],False,0,0,0,0,,,,[]
2010,1,0,17080000,999999,1,0,NPC_Name_2010,,0,0,1,0,False,0,0,2,0,True,False,40,40,200,3000.0,[],False,0,0,0,0,,,,[]
2011,1,0,17080001,999999,1,0,NPC_Name_2011,,0,0,1,0,False,0,0,2,0,True,False,40,40,200,3000.0,[],False,0,0,0,0,,,,[]
2012,1,0,17470000,0,1,0,NPC_Name_2012,NPC_Title_LowerClassA,0,0,1,0,False,0,0,2,0,True,False,40,50,200,3000.0,[],False,0,0,0,0,,,,[]
2013,1,0,17050000,0,1,0,NPC_Name_2013,,0,0,1,0,False,0,0,2,0,True,False,40,50,200,3000.0,[],False,0,0,0,0,,,,[]
2014,1,0,17051000,0,1,0,NPC_Name_2014,,0,0,1,0,False,0,0,2,0,True,False,40,50,200,3000.0,[],False,0,0,0,0,,,,[]
2015,1,0,17480000,0,1,0,NPC_Name_2015,NPC_Title_LowerClassA,0,0,1,0,False,0,0,2,0,True,False,40,50,200,3000.0,[],False,0,0,0,0,,,,[]
2016,1,0,17100000,0,1,0,NPC_Name_2016,NPC_Title_MajorNPC,0,0,1,0,False,0,0,2,0,True,False,40,50,200,3000.0,[],False,0,0,0,0,,,,[]
2017,1,0,17030000,0,1,0,NPC_Name_2017,NPC_Title_MajorNPC,0,0,1,0,False,0,0,2,0,True,False,40,40,200,3000.0,[],False,0,0,0,0,,,,[]
2018,1,0,17500000,0,1,0,NPC_Name_2018,NPC_Title_LowerClassA,0,0,1,0,False,0,0,2,0,True,False,30,30,160,3000.0,[],False,0,0,0,0,,,,[]
2019,1,0,17630000,0,1,0,NPC_Name_2019,NPC_Title_LowerClassB,0,0,1,0,False,0,0,2,0,True,False,40,40,180,3000.0,[],False,0,0,0,0,,,,[]
2020,1,0,17640000,0,1,0,NPC_Name_2020,NPC_Title_LowerClassB,0,0,1,0,False,0,0,2,0,True,False,40,40,180,3000.0,[],False,0,0,0,0,,,,[]
2021,1,0,17370000,0,1,0,NPC_Name_2021,NPC_Title_HighClassA,0,0,1,0,False,0,0,2,0,True,False,40,40,180,3000.0,[],False,0,0,0,0,,,,[]
2022,1,0,17350000,0,1,0,NPC_Name_2022,NPC_Title_HighClassA,0,0,1,0,False,0,0,2,0,True,False,40,40,180,3000.0,[],False,0,0,0,0,,,,[]
2023,1,0,17620000,0,1,0,NPC_Name_2023,NPC_Title_LowerClassB,0,0,1,0,False,0,0,2,0,True,False,40,40,180,3000.0,[],False,0,0,0,0,,,,[]
2024,1,0,17360000,0,1,0,NPC_Name_2024,NPC_Title_HighClassA,0,0,1,0,False,0,0,2,0,True,False,40,40,180,3000.0,[],False,0,0,0,0,,,,[]
2025,1,0,17400000,0,1,0,NPC_Name_2025,NPC_Title_HighClassA,0,0,1,0,False,0,0,2,0,True,False,30,30,160,3000.0,[],False,0,0,0,0,,,,[]
2026,1,0,17170000,0,1,0,NPC_Name_2026,NPC_Title_MajorNPC,0,0,1,0,False,0,0,2,0,True,False,40,50,200,3000.0,[],False,0,0,0,0,,,,[]
2027,1,0,17180000,0,1,0,NPC_Name_2027,NPC_Title_MajorNPC,0,0,1,0,False,0,0,2,0,True,False,40,40,180,3000.0,[],False,0,0,0,0,,,,[]
2028,1,0,17660000,0,1,0,NPC_Name_2028,NPC_Title_LowerClassB,0,0,1,0,False,0,0,2,0,True,False,40,40,180,3000.0,[],False,0,0,0,0,,,,[]
2029,1,0,17490000,0,1,0,NPC_Name_2029,NPC_Title_LowerClassA,0,0,1,0,False,0,0,2,0,True,False,40,40,180,3000.0,[],False,0,0,0,0,,,,[]
2030,1,0,17150000,0,1,0,NPC_Name_2030,NPC_Title_MajorNPC,0,0,1,0,False,0,0,2,0,True,False,40,40,180,3000.0,[],False,0,0,0,0,,,,[]
2031,1,0,17520000,0,1,0,NPC_Name_2031,NPC_Title_LowerClassA,0,0,1,0,False,0,0,2,0,True,False,40,40,180,3000.0,[],False,0,0,0,0,,,,[]
2032,1,0,17160000,0,1,0,NPC_Name_2032,NPC_Title_MajorNPC,0,0,1,0,False,0,0,2,0,True,False,40,40,180,3000.0,[],False,0,0,0,0,,,,[]
2033,1,0,17390000,0,1,0,NPC_Name_2033,NPC_Title_HighClassA,0,0,1,0,False,0,0,2,0,True,False,30,30,160,3000.0,[],False,0,0,0,0,,,,[]
2034,1,0,17510000,0,1,0,NPC_Name_2034,NPC_Title_LowerClassA,0,0,1,0,False,0,0,2,0,True,False,40,40,180,3000.0,[],False,0,0,0,0,,,,[]
2035,1,0,17380000,0,1,0,NPC_Name_2035,NPC_Title_HighClassA,0,0,1,0,False,0,0,2,0,True,False,40,40,180,3000.0,[],False,0,0,0,0,,,,[]
2036,1,0,10320000,0,1,0,,,0,0,1,0,False,0,0,2,0,False,False,40,50,200,3000.0,[],False,0,0,0,0,,,,[]
2037,1,0,17180000,0,1,0,NPC_Name_2027,NPC_Title_MajorNPC,0,0,1,0,False,0,0,2,0,True,False,40,40,180,3000.0,[],False,0,0,0,0,,,,[]
2038,1,0,17180000,0,1,0,NPC_Name_2027,NPC_Title_MajorNPC,0,0,1,0,False,0,0,2,0,True,False,40,40,180,3000.0,[],False,0,0,0,0,,,,[]
2039,1,0,17180000,0,1,0,NPC_Name_2027,NPC_Title_MajorNPC,0,0,1,0,False,0,0,2,0,True,False,40,40,180,3000.0,[],False,0,0,0,0,,,,[]
2040,5,0,10130050,1,1,0,Monster_Name_94,,0,0,2,0,False,0,0,2,1,True,True,40,80,200,3000.0,[7008801],False,0,0,0,0,,,,[]
2041,5,0,10130051,1,1,0,Monster_Name_94,,0,0,2,0,False,0,0,2,1,True,True,40,80,200,3000.0,[7008801],False,0,0,0,0,,,,[]
2042,5,0,10130053,1,1,0,Monster_Name_94,,0,0,2,0,False,0,0,2,1,True,True,40,80,200,3000.0,[7008801],False,0,0,0,0,,,,[]
2043,5,0,10220003,1,1,0,Monster_Name_33,,0,0,2,0,False,0,0,2,0,True,True,40,50,200,3000.0,[7001901],False,0,0,0,0,,,,[]
2044,5,0,10380001,1,1,0,Monster_Name_98,,0,0,2,0,False,0,0,2,1,True,True,40,50,200,3000.0,[7009101],False,0,0,0,0,,,,[]
2045,5,0,10380002,1,1,0,Monster_Name_98,,0,0,2,0,False,0,0,2,1,True,True,40,50,200,3000.0,[7009101],False,0,0,0,0,,,,[]
2046,5,0,10400050,1,1,0,Monster_Name_100,,0,0,2,0,False,0,0,2,1,True,True,40,80,200,3000.0,"[7009303,7009304]",False,0,0,0,0,,,,[]
2047,5,0,10571050,1,1,0,Monster_Name_77,,0,0,2,0,False,0,0,2,1,True,True,40,50,200,3000.0,[7007101],False,0,0,0,0,,,,[]
2048,5,0,10573050,1,1,0,Monster_Name_79,,0,0,2,0,False,0,0,2,1,True,True,40,50,200,3000.0,[7007303],False,0,0,0,0,,,,[]
2049,5,0,10824002,1,1,0,Monster_Name_313,,0,0,2,0,False,0,0,2,1,True,True,30,40,200,3000.0,"[7014301,7014302]",False,0,0,0,0,,,,[]
2050,5,0,17750004,1,1,0,,,0,0,2,0,False,0,0,2,0,True,True,40,50,200,3000.0,"[7022501,7022502,7022503]",False,0,0,0,0,,,,[]
2900,1,0,-1,0,1,0,NPC_Name_2023,,0,0,1,0,False,0,0,2,0,True,False,40,40,180,3000.0,[],False,0,0,0,0,,,,[]
2901,1,0,-1,0,1,0,NPC_Name_2023,,0,0,1,0,False,0,0,2,0,True,False,40,40,180,3000.0,[],False,0,0,0,0,,,,[]
2902,1,0,-1,0,1,0,NPC_Name_2023,,0,0,1,0,False,0,0,2,0,True,False,40,40,180,3000.0,[],False,0,0,0,0,,,,[]
2903,74,0,40000207,340057,1,0,Monster_Name_340057,,0,0,2,103,False,0,2,2,1,True,True,30,110,200,10000.0,[7201201],False,0,0,0,0,Treinamento Virtual Punisher de Grau 57,,,[]
2904,75,0,40000217,340051,1,0,Monster_Name_340051,,0,0,2,103,False,0,2,2,1,True,True,30,110,200,10000.0,[7200201],False,0,0,0,0,Treinamento Virtual Punisher de Grau 51,,,[]
3000,1,0,31180001,3000,1,0,,,0,0,2,122,False,0,0,2,1,False,False,0,50,50,1000.0,[7020801],False,0,0,0,0,,,,[]
3001,1,0,30080001,1,3001,0,,,0,0,2,125,False,0,2,2,1,False,False,0,50,50,1000.0,[10000028],True,0,0,0,0,,,,[]
5000,3,0,10030000,1,5000,0,Monster_Name_9,,0,0,2,102,False,0,1,2,0,True,True,40,80,200,3000.0,"[7000711,7000712]",False,0,0,0,0,,,,[]
5001,5,0,10060000,1,5001,0,Monster_Name_56,,0,0,2,102,False,0,1,2,0,True,True,80,80,200,3000.0,"[7004911,7004912]",False,0,0,0,0,,,,[]
5002,2,0,10490000,1,5002,0,Monster_Name_107,,0,0,2,102,False,0,1,2,0,True,True,50,50,200,5000.0,"[7003211,7003212,7003213,7003214]",False,0,0,0,0,,,,[]
5003,5,0,10041000,1,5003,0,Monster_Name_13,,0,0,2,102,False,0,1,2,0,True,True,40,80,200,3000.0,"[7001111,7001112]",False,0,0,0,0,,,,[]
5004,5,0,10511000,1,5004,0,Monster_Name_51,,0,0,2,102,False,0,1,2,0,True,True,40,50,200,3000.0,"[7004011,7004012,7004013]",False,0,0,0,0,,,,[]
5005,5,0,10540000,1,5005,0,Monster_Name_40,,0,0,2,102,False,0,1,2,0,True,True,40,50,200,3000.0,"[7002711,7002712]",False,0,0,0,0,,,,[]
5006,5,0,31400000,1,5006,0,Monster_Name_376301,,0,0,2,0,False,0,0,2,0,True,True,50,150,400,3000.0,[],False,0,0,0,0,Baliza de Ocupação do Nether,,,[]
5007,5,0,31400001,1,5006,0,Monster_Name_376303,,0,0,2,0,False,0,0,2,0,True,True,50,150,400,3000.0,[],False,0,0,0,0,Beacon de Ocupação da Equipe A,,,[]
5008,5,0,31400002,1,5006,0,Monster_Name_376304,,0,0,2,0,False,0,0,2,0,True,True,50,150,400,3000.0,[],False,0,0,0,0,Baliza de Ocupação da Equipe B,,,[]
5009,5,0,31400003,1,5006,0,Monster_Name_376305,,0,0,2,0,False,0,0,2,0,True,True,50,150,400,3000.0,[],False,0,0,0,0,Baliza de Ocupação da Equipe C,,,[]
5011,5,0,42000201,1,5011,0,,,0,0,2,0,False,0,0,2,1,False,False,0,0,0,3600.0,[3702011],False,0,0,0,0,,,,[]
5012,5,0,42000202,1,5012,0,,,0,0,2,0,False,0,0,2,1,False,False,0,0,0,3600.0,[3703011],False,0,0,0,0,,,,[]
5013,5,0,14110000,1,5013,0,,,0,0,2,0,False,0,0,2,1,False,False,0,0,0,3600.0,[3701012],False,0,0,0,0,,,,[]
5014,5,0,42000211,1,5014,0,,,0,0,2,0,False,0,0,2,1,False,False,0,0,0,3600.0,[3706012],False,0,0,0,0,,,,[]
5015,5,0,42000212,1,5015,0,,,0,0,2,0,False,0,0,2,1,False,False,0,0,0,3600.0,[3707012],False,0,0,0,0,,,,[]
5016,5,0,42000213,1,5016,0,,,0,0,2,0,False,0,0,2,1,False,False,0,0,0,3600.0,[3708011],False,0,0,0,0,,,,[]
5017,5,0,42000214,1,5017,0,,,0,0,2,0,False,0,0,2,1,False,False,0,0,0,3600.0,[3709011],False,0,0,0,0,,,,[]
5018,5,0,42000215,1,5018,0,,,0,0,2,0,False,0,0,2,1,False,False,0,0,0,3600.0,[3710011],False,0,0,0,0,,,,[]
5019,5,0,42000216,1,5019,0,,,0,0,2,0,False,0,0,2,1,False,False,0,0,0,3600.0,[3712011],False,0,0,0,0,,,,[]
5020,5,0,42000217,1,5020,0,,,0,0,2,0,False,0,0,2,1,False,False,0,0,0,3600.0,[3711011],False,0,0,0,0,,,,[]
5021,5,0,42000218,1,5021,0,,,0,0,2,0,False,0,0,2,1,False,False,0,0,0,3600.0,[3713011],False,0,0,0,0,,,,[]
6000,1,0,30160000,999999,1,1000,Object_Name_6000,,0,0,3,117,False,0,0,2,0,True,False,40,40,80,3000.0,[],False,0,0,0,0,,,,[]
6001,1,0,30150000,999999,1,1001,Object_Name_6001,,0,0,3,117,False,0,0,2,0,True,False,40,40,80,3000.0,[],False,0,0,0,0,,,,[]
6002,1,0,30170000,999999,1,1002,Object_Name_6002,,0,0,3,117,False,0,0,2,0,True,False,40,50,80,3000.0,[],False,0,0,0,0,,,,[]
6003,1,0,30180000,999999,1,1003,Object_Name_6003,,0,0,3,117,False,0,0,2,0,True,False,40,40,80,3000.0,[],False,0,0,0,0,,,,[]
6004,1,0,30190000,999999,1,1004,Object_Name_6004,,0,0,3,117,False,0,0,2,0,True,False,40,40,80,3000.0,[],False,0,0,0,0,,,,[]
6005,1,0,30280000,999999,1,1005,Object_Name_6005,,0,0,3,117,False,0,0,2,0,True,False,40,40,80,3000.0,[],False,0,0,0,0,,,,[]
6006,1,0,30290000,999999,1,1006,Object_Name_6006,,0,0,3,117,False,0,0,2,0,True,False,40,40,80,3000.0,[],False,0,0,0,0,,,,[]
6007,1,0,30200000,999999,1,1007,Object_Name_6007,,0,0,3,117,False,0,0,2,0,True,False,40,40,80,3000.0,[],False,0,0,0,0,,,,[]
6008,1,0,30050000,999999,1,1008,Object_Name_6008,,0,0,3,117,False,0,0,2,0,True,False,40,40,80,3000.0,[],False,0,0,0,0,,,,[]
6009,1,0,30130000,999999,1,1009,Object_Name_6010,,0,0,3,117,False,0,0,2,0,True,False,40,40,80,3000.0,[],False,0,0,0,0,,,,[]
6010,1,0,30140000,999999,1,1010,Object_Name_6011,,0,0,3,117,False,0,0,2,0,True,False,40,40,80,3000.0,[],False,0,0,0,0,,,,[]
6011,1,0,30260000,999999,1,1011,Object_Name_6012,,0,0,3,117,False,0,0,2,0,True,False,40,40,80,3000.0,[],False,0,0,0,0,,,,[]
6012,1,0,30240000,999999,1,1012,Object_Name_6013,,0,0,3,117,False,0,0,2,0,True,False,40,40,80,3000.0,[],False,0,0,0,0,,,,[]
6013,1,0,30220000,999999,1,1013,Object_Name_6014,,0,0,3,117,False,0,0,2,0,True,False,40,40,80,3000.0,[],False,0,0,0,0,,,,[]
6014,1,0,30110000,999999,1,1014,Object_Name_6015,,0,0,3,117,False,0,0,2,0,True,False,40,40,80,3000.0,[],False,0,0,0,0,,,,[]
7001,1,0,30310000,999999,1,1015,Object_Name_7001,,0,0,3,117,False,0,0,2,0,True,False,40,40,80,3000.0,[],False,0,0,0,0,,,,[]
7002,1,0,30310000,999999,1,1016,Object_Name_7002,,0,0,3,117,False,0,0,2,0,True,False,40,40,80,3000.0,[],False,0,0,0,0,,,,[]
7003,1,0,30310000,999999,1,1017,Object_Name_7003,,0,0,3,117,False,0,0,2,0,True,False,40,40,80,3000.0,[],False,0,0,0,0,,,,[]
7004,1,0,30270000,999999,1,1018,Object_Name_7004,,0,0,3,117,False,0,0,2,0,True,False,40,40,80,3000.0,[],False,0,0,0,0,,,,[]
7005,1,0,30120000,999999,1,1019,Object_Name_7005,,0,0,3,117,False,0,0,2,0,True,False,40,40,80,3000.0,[],False,0,0,0,0,,,,[]
7006,1,0,30090000,999999,1,1020,Object_Name_7006,,0,0,3,117,False,0,0,2,0,True,False,40,40,80,3000.0,[],False,0,0,0,0,,,,[]
7007,1,0,30100000,999999,1,1021,Object_Name_7007,,0,0,3,117,False,0,0,2,0,True,False,40,40,80,3000.0,[],False,0,0,0,0,,,,[]
7008,1,0,30250000,999999,1,1022,Object_Name_7008,,0,0,3,117,False,0,0,2,0,True,False,40,40,80,3000.0,[],False,0,0,0,0,,,,[]
7009,1,0,30230000,999999,1,1023,Object_Name_7009,,0,0,3,117,False,0,0,2,0,True,False,40,40,80,3000.0,[],False,0,0,0,0,,,,[]
8000,5,0,30080000,1,8000,0,,,0,0,2,125,False,0,0,2,1,False,False,0,40,10,3000.0,[7100931],True,0,1,0,0,,,,[]
8001,80,1000238,10581000,1,1,0,Monster_Name_307501,Monster_Title_75000001,0,0,2,0,False,0,0,2,0,True,True,40,50,200,3000.0,"[7009601,7009602]",False,0,0,0,0,Rastreador de Caldeirão,Gangue Belphegor,,[869]
8002,80,1000238,10810000,1,1,0,Monster_Name_307599,,0,0,2,0,False,0,0,2,1,True,True,40,60,200,1500.0,"[7012401,7012402]",False,0,0,0,0,Junker Desenfreado,,,[869]
9000,45,0,-1,1,9000,0,Monster_Name_46,,0,0,2,0,False,0,0,2,1,True,True,30,40,200,3000.0,[1020001],False,0,0,0,0,Atirador Predo,,,[]
9001,45,0,-1,1,9001,0,Monster_Name_46,,0,0,2,0,False,0,0,2,1,True,True,30,40,200,3000.0,[1020001],False,0,0,0,0,Atirador Predo,,,[]
9002,45,0,-1,1,9002,0,Monster_Name_46,,0,0,2,0,False,0,0,2,1,True,True,30,40,200,3000.0,"[1030001,1030041]",False,0,0,0,0,Atirador Predo,,,[]
9003,45,0,-1,1,9003,0,Monster_Name_46,,0,0,2,0,False,0,0,2,1,True,True,30,40,200,3000.0,"[1030001,1030041]",False,0,0,0,0,Atirador Predo,,,[]
9004,45,0,-1,1,9004,0,Monster_Name_46,,0,0,2,0,False,0,0,2,1,True,True,30,40,200,3000.0,[1020001],False,0,0,0,0,Atirador Predo,,,[]
9005,45,0,-1,1,9005,0,Monster_Name_46,,0,0,2,0,False,0,0,2,1,True,True,30,40,200,3000.0,"[1030001,1030041]",False,0,0,0,0,Atirador Predo,,,[]
9006,1,0,-1,0,9006,0,,,0,0,2,0,False,0,0,2,0,True,True,150,1000,500,5000.0,[],False,0,0,0,0,,,,[]
9007,45,0,40000606,999999,1,0,Monster_Name_46,,0,0,2,0,False,0,0,2,1,True,True,30,40,200,3000.0,[],False,0,0,0,0,Atirador Predo,,,[]
9008,45,0,40000516,999999,1,0,Monster_Name_46,,0,0,2,0,False,0,0,2,1,True,True,30,40,200,3000.0,[],False,0,0,0,0,Atirador Predo,,,[]
9010,45,0,40000100,9010,1,0,Monster_Name_46,,0,0,2,0,False,0,0,2,1,True,True,30,40,200,3000.0,"[91010001,91010002,91010003]",False,0,0,0,0,Atirador Predo,,,[]
9011,45,0,40000200,9011,1,0,Monster_Name_46,,0,0,2,0,False,0,0,2,1,True,True,30,40,200,3000.0,[91020001],False,0,0,0,0,Atirador Predo,,,[]
9012,45,0,40000300,9012,1,0,Monster_Name_46,,0,0,2,0,False,0,0,2,1,True,True,30,40,200,3000.0,"[91030001,91030002,91030003,91030004]",False,0,0,0,0,Atirador Predo,,,[]
9013,45,0,40000400,9013,1,0,Monster_Name_46,,0,0,2,0,False,0,0,2,1,True,True,30,40,200,3000.0,"[91040001,91040002,91040003]",False,0,0,0,0,Atirador Predo,,,[]
9014,45,0,40000500,9014,1,0,Monster_Name_46,,0,0,2,0,False,0,0,2,1,True,True,30,40,200,3000.0,"[91050001,91050002,91050003,91050004]",False,0,0,0,0,Atirador Predo,,,[]
9015,45,0,40000600,9015,1,0,Monster_Name_46,,0,0,2,0,False,0,0,2,1,True,True,30,40,200,3000.0,"[91060001,91060002,91060003]",False,0,0,0,0,Atirador Predo,,,[]
9016,2,0,14000001,9016,9016,0,Monster_Name_9016,,0,0,2,0,False,0,2,2,1,True,True,95,100,360,10000.0,"[7210101,7210102,7210103]",False,0,0,0,0,,,,[]
9017,2,0,14010001,9017,9017,0,Monster_Name_9017,,0,0,2,0,False,0,2,2,1,True,True,95,100,360,10000.0,"[7210201,7210202,7210203]",False,0,0,0,0,,,,[]
9018,2,0,14020001,9018,9018,0,Monster_Name_9018,,0,0,2,0,False,0,2,2,1,True,True,110,110,360,10000.0,[7210301],False,0,0,0,0,,,,[]
9019,2,0,14030001,9019,9019,0,Monster_Name_9019,,0,0,2,0,False,0,2,2,1,True,True,100,100,460,10000.0,"[7210401,7210402,7210403]",False,0,0,0,0,,,,[]
9020,2,0,14040001,9020,9020,0,Monster_Name_9020,,0,0,2,0,False,0,2,2,1,True,True,100,100,460,10000.0,"[7210501,7210502,7210503]",False,0,0,0,0,,,,[]
9021,2,0,14050001,9021,9021,0,Monster_Name_9021,,0,0,2,0,False,0,2,2,1,True,True,130,130,460,10000.0,"[7210601,7210602]",False,0,0,0,0,,,,[]
9022,2,0,14060001,9022,9022,0,Monster_Name_9022,,0,0,2,0,False,0,2,2,1,True,True,130,130,540,10000.0,"[7210701,7210702,7210703,7210704,7210705]",False,0,0,0,0,,,,[]
9023,2,0,14070001,9023,9023,0,Monster_Name_9023,,0,0,2,0,False,0,2,2,1,True,True,130,130,540,10000.0,"[7210801,7210802,7210803,7210804]",False,0,0,0,0,,,,[]
9024,2,0,14080001,9024,9024,0,Monster_Name_9024,,0,0,2,0,False,0,2,2,1,True,True,180,180,540,10000.0,"[7210901,7210902,7210903,7210904,7210905]",False,0,0,0,0,,,,[]
9025,2,0,14090001,9025,9025,0,Monster_Name_9025,,0,0,2,0,False,0,2,2,1,True,True,180,180,540,10000.0,"[7210001,7210002,7210003]",False,0,0,0,0,,,,[]
9026,45,0,40000104,9010,1,0,Monster_Name_46,,0,0,2,0,False,0,0,2,1,True,True,30,40,200,3000.0,"[91010001,91010002,91010003]",False,0,0,0,0,Atirador Predo,,,[]
9027,45,0,40000203,9011,1,0,Monster_Name_46,,0,0,2,0,False,0,0,2,1,True,True,30,40,200,3000.0,[91020001],False,0,0,0,0,Atirador Predo,,,[]
9028,45,0,40000304,9012,1,0,Monster_Name_46,,0,0,2,0,False,0,0,2,1,True,True,30,40,200,3000.0,"[91030001,91030002,91030003,91030004]",False,0,0,0,0,Atirador Predo,,,[]
9029,45,0,40000403,9013,1,0,Monster_Name_46,,0,0,2,0,False,0,0,2,1,True,True,30,40,200,3000.0,"[91040001,91040002,91040003]",False,0,0,0,0,Atirador Predo,,,[]
9030,45,0,40000503,9014,1,0,Monster_Name_46,,0,0,2,0,False,0,0,2,1,True,True,30,40,200,3000.0,"[91050001,91050002,91050003,91050004]",False,0,0,0,0,Atirador Predo,,,[]
9031,45,0,40000603,9015,1,0,Monster_Name_46,,0,0,2,0,False,0,0,2,1,True,True,30,40,200,3000.0,"[91060001,91060002,91060003]",False,0,0,0,0,Atirador Predo,,,[]
9032,45,0,40000105,9010,1,0,Monster_Name_46,,0,0,2,0,False,0,0,2,1,True,True,30,40,200,3000.0,"[91010001,91010002,91010003]",False,0,0,0,0,Atirador Predo,,,[]
9033,45,0,40000204,9011,1,0,Monster_Name_46,,0,0,2,0,False,0,0,2,1,True,True,30,40,200,3000.0,[91020001],False,0,0,0,0,Atirador Predo,,,[]
9034,45,0,40000305,9012,1,0,Monster_Name_46,,0,0,2,0,False,0,0,2,1,True,True,30,40,200,3000.0,"[91030001,91030002,91030003,91030004]",False,0,0,0,0,Atirador Predo,,,[]
9035,45,0,40000404,9013,1,0,Monster_Name_46,,0,0,2,0,False,0,0,2,1,True,True,30,40,200,3000.0,"[91040001,91040002,91040003]",False,0,0,0,0,Atirador Predo,,,[]
9036,45,0,40000504,9014,1,0,Monster_Name_46,,0,0,2,0,False,0,0,2,1,True,True,30,40,200,3000.0,"[91050001,91050002,91050003,91050004]",False,0,0,0,0,Atirador Predo,,,[]
9037,45,0,40000604,9015,1,0,Monster_Name_46,,0,0,2,0,False,0,0,2,1,True,True,30,40,200,3000.0,"[91060001,91060002,91060003]",False,0,0,0,0,Atirador Predo,,,[]
9038,5,0,16390000,417,417,0,Monster_Name_383,,0,0,2,103,False,0,2,2,1,True,True,200,300,300,5000.0,"[7104401,7104402,7104403]",False,0,1,0,0,,,,[]
9039,5,0,16390000,418,417,0,Monster_Name_383,,0,0,2,103,False,0,2,2,1,True,True,200,300,300,5000.0,"[7104423,7104424,7104425]",False,0,1,0,0,,,,[]
9040,5,0,16390000,419,417,0,Monster_Name_383,,0,0,2,103,False,0,2,2,1,True,True,200,300,300,5000.0,"[7104445,7104446,7104447]",False,0,1,0,0,,,,[]
9041,5,0,16370000,436,436,0,Monster_Name_409,,0,0,2,103,False,0,2,2,1,True,True,250,400,400,5000.0,"[7104601,7104602]",False,0,1,0,0,,,,[]
9042,5,0,16370000,438,436,0,Monster_Name_409,,0,0,2,103,False,0,2,2,1,True,True,250,400,400,5000.0,"[7104614,7104615]",False,0,1,0,0,,,,[]
9043,5,0,16370000,440,436,0,Monster_Name_409,,0,0,2,103,False,0,2,2,1,True,True,250,400,400,5000.0,"[7104627,7104628]",False,0,1,0,0,,,,[]
9044,5,0,16390001,420,417,0,Monster_Name_383,,0,0,2,103,False,0,2,2,1,True,True,200,300,300,5000.0,"[7104468,7104469,7104470]",False,0,1,0,0,,,,[]
9045,2,0,14130000,9045,9023,0,Monster_Name_9023,,0,0,2,0,False,0,2,2,1,True,True,130,130,540,10000.0,"[7211001,7211002,7211003,7211004]",False,0,0,0,0,,,,[]
9046,2,0,14140000,9046,9024,0,Monster_Name_9024,,0,0,2,0,False,0,2,2,1,True,True,180,180,540,10000.0,"[7212001,7212002,7212003]",False,0,0,0,0,,,,[]
9047,2,0,14150000,9047,9025,0,Monster_Name_9025,,0,0,2,0,False,0,2,2,1,True,True,180,180,540,10000.0,"[7213001,7213002,7213003]",False,0,0,0,0,,,,[]
9048,2,0,14160000,9048,9048,0,Monster_Name_9025,,0,0,2,0,False,0,2,2,1,True,True,180,180,540,10000.0,"[3517001,3517002]",False,0,0,0,0,,,,[]
9049,2,0,14170000,9049,9025,0,Monster_Name_9025,,0,0,2,0,False,0,2,2,1,True,True,180,180,540,10000.0,[7214001],False,0,0,0,0,,,,[]
10000,5,0,30080001,1,1,0,,,0,0,2,0,False,0,0,2,1,True,True,30,40,200,5000.0,[10000024],False,0,1,0,0,,,,[]
10001,2,0,41000100,1,1,0,Monster_Name_46,,0,0,1,0,False,0,0,2,1,True,True,30,40,200,3000.0,"[91010001,91010002,91010003]",False,0,0,0,0,Atirador Predo,,,[]
10002,2,0,41000200,1,1,0,Monster_Name_46,,0,0,1,0,False,0,0,2,1,True,True,30,40,200,3000.0,[91020001],False,0,0,0,0,Atirador Predo,,,[]
10003,45,0,41000300,1,1,0,Monster_Name_46,,0,0,1,0,False,0,0,2,1,True,True,30,40,200,3000.0,"[91030001,91030002,91030003,91030004]",False,0,0,0,0,Atirador Predo,,,[]
10004,45,0,41000400,1,1,0,Monster_Name_46,,0,0,1,0,False,0,0,2,1,True,True,30,40,200,3000.0,"[91040001,91040002,91040003]",False,0,0,0,0,Atirador Predo,,,[]
10005,45,0,41000500,1,1,0,Monster_Name_46,,0,0,1,0,False,0,0,2,1,True,True,30,40,200,3000.0,"[91050001,91050002,91050003,91050004]",False,0,0,0,0,Atirador Predo,,,[]
10006,45,0,41000600,1,1,0,Monster_Name_46,,0,0,1,0,False,0,0,2,1,True,True,30,40,200,3000.0,"[91060001,91060002,91060003]",False,0,0,0,0,Atirador Predo,,,[]
10007,45,0,41000700,1,1,0,Monster_Name_46,,0,0,1,0,False,0,0,2,1,True,True,30,40,200,3000.0,"[91010001,91010002,91010003]",False,0,0,0,0,Atirador Predo,,,[]
10008,45,0,41000800,1,1,0,Monster_Name_46,,0,0,1,0,False,0,0,2,1,True,True,30,40,200,3000.0,[91020001],False,0,0,0,0,Atirador Predo,,,[]
10009,45,0,41000900,1,1,0,Monster_Name_46,,0,0,1,0,False,0,0,2,1,True,True,30,40,200,3000.0,"[91030001,91030002,91030003,91030004]",False,0,0,0,0,Atirador Predo,,,[]
10010,45,0,41001000,1,1,0,Monster_Name_46,,0,0,1,0,False,0,0,2,1,True,True,30,40,200,3000.0,"[91040001,91040002,91040003]",False,0,0,0,0,Atirador Predo,,,[]
10011,45,0,41001100,1,1,0,Monster_Name_46,,0,0,1,0,False,0,0,2,1,True,True,30,40,200,3000.0,"[91050001,91050002,91050003,91050004]",False,0,0,0,0,Atirador Predo,,,[]
10012,45,0,41001200,1,1,0,Monster_Name_46,,0,0,1,0,False,0,0,2,1,True,True,30,40,200,3000.0,"[91060001,91060002,91060003]",False,0,0,0,0,Atirador Predo,,,[]
20000,45,0,31620000,0,20000,0,Monster_Name_3430105,,0,0,2,242,False,0,0,2,0,True,True,60,300,800,3000.0,[],True,0,0,0,0,Barreira Carmesim,,,[]
20001,45,0,31620000,0,1,0,Monster_Name_3430105,,0,0,2,242,False,0,0,2,0,False,False,60,300,800,3000.0,[],True,0,0,0,0,Barreira Carmesim,,,[]
20002,45,0,49000001,1,1,1535,Monster_Name_46,,0,0,3,0,False,0,0,2,0,True,False,30,40,200,3000.0,[],True,0,0,0,0,Atirador Predo,,,[]
20003,45,0,49000001,1,1,1536,Monster_Name_46,,0,0,3,0,False,0,0,2,0,True,False,30,40,200,3000.0,[],True,0,0,0,0,Atirador Predo,,,[]
20004,45,0,49000001,1,1,1539,Monster_Name_46,,0,0,3,0,False,0,0,2,0,True,False,30,40,200,3000.0,[],True,0,0,0,0,Atirador Predo,,,[]
20005,45,0,49000001,1,1,1540,Monster_Name_46,,0,0,3,0,False,0,0,2,0,True,False,30,40,200,3000.0,[],True,0,0,0,0,Atirador Predo,,,[]
50001,63,0,10480002,1,50001,0,Monster_Name_42,,0,0,2,0,False,0,0,2,1,True,True,40,50,200,3000.0,[7002901],False,0,0,0,0,,,,[]
50002,48,0,10310004,1,50001,0,Monster_Name_63,,0,0,2,0,False,0,0,2,1,True,True,40,130,200,3000.0,"[7005801,7005802]",False,0,0,0,0,,,,[]
50003,56,0,10450002,1,50001,0,Monster_Name_253,,0,0,2,0,False,0,0,2,1,True,True,40,100,200,3000.0,[7012201],False,0,0,0,0,,,,[]
50004,37,0,10450002,1,50001,0,Monster_Name_253,,0,0,2,0,False,0,0,2,1,True,True,40,100,200,3000.0,[7012201],False,0,0,0,0,,,,[]
50005,51,0,10450002,1,50001,0,Monster_Name_253,,0,0,2,0,False,0,0,2,1,True,True,40,100,200,3000.0,[7012201],False,0,0,0,0,,,,[]
50006,61,0,10450002,1,50001,0,Monster_Name_253,,0,0,2,0,False,0,0,2,1,True,True,40,100,200,3000.0,[7012201],False,0,0,0,0,,,,[]
50007,83,0,10480002,1,50001,0,Monster_Name_42,,0,0,2,0,False,0,0,2,1,True,True,40,50,200,3000.0,[7002901],False,0,0,0,0,,,,[]
50008,57,0,10450002,1,50001,0,Monster_Name_253,,0,0,2,0,False,0,0,2,1,True,True,40,100,200,3000.0,[7012201],False,0,0,0,0,,,,[]
50009,49,0,10160000,1,50001,0,Monster_Name_11,,0,0,2,0,False,0,0,2,1,True,True,40,50,200,3000.0,[7000901],False,0,0,0,0,,,,[]
50010,76,0,10100000,1,50001,0,Monster_Name_58,,0,0,2,0,False,0,0,2,1,True,True,40,50,200,3000.0,[7005101],False,0,0,0,0,,,,[]
50011,67,0,10520000,1,50001,0,Monster_Name_21,,0,0,2,0,False,0,0,2,1,True,True,40,50,200,3000.0,[7001502],False,0,0,0,0,,,,[]
50012,71,0,10450002,1,50001,0,Monster_Name_253,,0,0,2,0,False,0,0,2,1,True,True,40,100,200,3000.0,[7012201],False,0,0,0,0,,,,[]
50013,98,0,10501002,50013,50013,0,Monster_Name_126,,0,0,2,0,False,0,0,2,1,True,True,40,50,200,3000.0,[7009401],False,0,0,0,0,,,,[]
50014,98,0,10501003,50013,50013,0,Monster_Name_126,,0,0,2,0,False,0,0,2,1,True,True,40,50,200,3000.0,[7009401],False,0,0,0,0,,,,[]
50015,92,0,30080001,1,414,0,,,0,0,2,125,False,0,0,2,1,False,False,0,40,200,5000.0,[7104348],True,0,1,0,0,,,,[]
50016,92,0,30080001,1,414,0,,,0,0,2,125,False,0,0,2,1,False,False,0,40,200,5000.0,[7104358],True,0,1,0,0,,,,[]
50017,92,0,30080001,1,414,0,,,0,0,2,125,False,0,0,2,1,False,False,0,40,200,5000.0,[7104368],True,0,1,0,0,,,,[]
50018,92,0,30080001,1,50018,0,,,0,0,2,125,False,0,0,2,1,False,False,0,40,200,5000.0,[7106911],True,0,1,0,0,,,,[]
50019,92,0,30080001,1,50019,0,,,0,0,2,125,False,0,0,2,1,False,False,0,40,200,5000.0,[7106912],True,0,1,0,0,,,,[]
50020,92,0,30080001,1,50020,0,,,0,0,2,125,False,0,0,2,1,False,False,0,40,200,5000.0,[7106913],True,0,1,0,0,,,,[]
50021,89,0,10450002,1,50001,0,Monster_Name_253,,0,0,2,0,False,0,0,2,1,True,True,40,100,200,3000.0,[7012201],False,0,0,0,0,,,,[]
50022,5,0,30080001,1,193,0,,,0,0,2,0,False,0,0,2,1,False,False,0,40,100,5000.0,[7107616],True,0,1,0,0,,,,[]
50023,5,0,30080001,1,418,0,,,0,0,2,0,False,0,0,2,1,False,False,0,40,100,5000.0,[7107617],True,0,1,0,0,,,,[]
50024,95,0,10370000,1,1,0,Monster_Name_89,,0,0,2,0,False,0,0,2,1,True,True,40,50,200,3000.0,[7008305],False,0,0,0,0,,,,[]
50025,5,0,30080001,1,139,0,,,0,0,2,0,False,0,0,2,1,False,False,0,40,100,5000.0,[7107618],True,0,1,0,0,,,,[]
50026,5,0,30080001,1,418,0,,,0,0,2,0,False,0,0,2,1,False,False,0,40,100,5000.0,[7107613],True,0,1,0,0,,,,[]
50027,5,0,30080001,1,418,0,,,0,0,2,0,False,0,0,2,1,False,False,0,40,100,5000.0,[7107620],True,0,1,0,0,,,,[]
50028,5,0,30080001,1,418,0,,,0,0,2,0,False,0,0,2,1,False,False,0,40,100,5000.0,[7107621],True,0,1,0,0,,,,[]
50029,5,0,30080001,1,418,0,,,0,0,2,0,False,0,0,2,1,False,False,0,40,100,5000.0,[7107622],True,0,1,0,0,,,,[]
50030,5,0,30080001,1,139,0,,,0,0,2,0,False,0,0,2,1,False,False,0,40,100,5000.0,[7107623],True,0,1,0,0,,,,[]
50031,5,0,30080001,331,331,0,,,0,0,2,122,False,0,0,2,1,False,False,0,40,200,5000.0,[7103521],True,0,1,0,0,,,,[]
50032,5,0,30080001,1,418,0,,,0,0,2,0,False,0,0,2,1,False,False,0,40,100,5000.0,[7107347],True,0,1,0,0,,,,[]
50033,5,0,30080001,1,139,0,,,0,0,2,125,False,0,0,2,1,False,False,0,40,100,5000.0,[7107346],True,0,1,0,0,,,,[]
50034,5,0,30080001,1,418,0,,,0,0,2,125,False,0,0,2,1,False,False,0,40,100,5000.0,[7107342],True,0,1,0,0,,,,[]
50035,5,0,30080001,1,193,0,,,0,0,2,125,False,0,0,2,1,False,False,0,40,100,5000.0,[7107344],True,0,1,0,0,,,,[]
50036,5,0,30080001,1,418,0,,,0,0,2,125,False,0,0,2,1,False,False,0,40,100,5000.0,[7107345],True,0,1,0,0,,,,[]
50037,5,0,30080001,1,418,0,,,0,0,2,125,False,0,0,2,1,False,False,0,40,100,5000.0,[7107348],True,0,1,0,0,,,,[]
50038,5,0,30080001,1,418,0,,,0,0,2,125,False,0,0,2,1,False,False,0,40,100,5000.0,[7107349],True,0,1,0,0,,,,[]
50039,5,0,30080001,1,855,0,,,0,0,2,125,False,0,0,2,1,False,False,0,40,100,5000.0,[7107350],True,0,1,0,0,,,,[]
50040,5,0,30080001,1,856,0,,,0,0,2,125,False,0,0,2,1,False,False,0,40,100,5000.0,[7107351],True,0,1,0,0,,,,[]
50041,5,0,30080001,1,855,0,,,0,0,2,125,False,0,0,2,1,False,False,0,40,100,5000.0,[7107354],True,0,1,0,0,,,,[]
50042,5,0,30080001,1,856,0,,,0,0,2,125,False,0,0,2,1,False,False,0,40,100,5000.0,[7107355],True,0,1,0,0,,,,[]
50043,5,0,30080001,1,418,0,,,0,0,2,125,False,0,0,2,1,False,False,0,40,100,5000.0,[7107356],True,0,1,0,0,,,,[]
50044,5,0,30080001,1,855,0,,,0,0,2,125,False,0,0,2,1,False,False,0,40,100,5000.0,[7107358],True,0,1,0,0,,,,[]
50045,5,0,30080001,1,856,0,,,0,0,2,125,False,0,0,2,1,False,False,0,40,100,5000.0,[7107359],True,0,1,0,0,,,,[]
50046,5,0,30080001,1,418,0,,,0,0,2,125,False,0,0,2,1,False,False,0,40,100,5000.0,[7107360],True,0,1,0,0,,,,[]
50047,5,0,30080001,1,855,0,,,0,0,2,125,False,0,0,2,1,False,False,0,40,100,5000.0,[7107362],True,0,1,0,0,,,,[]
50048,5,0,30080001,1,856,0,,,0,0,2,125,False,0,0,2,1,False,False,0,40,100,5000.0,[7107363],True,0,1,0,0,,,,[]
50049,5,0,30080001,1,418,0,,,0,0,2,125,False,0,0,2,1,False,False,0,40,100,5000.0,[7107364],True,0,1,0,0,,,,[]
50050,5,0,30080001,1,418,0,,,0,0,2,125,False,0,0,2,1,False,False,0,40,100,5000.0,[7107367],True,0,1,0,0,,,,[]
50051,5,0,30080001,1,418,0,,,0,0,2,125,False,0,0,2,1,False,False,0,40,100,5000.0,[7107368],True,0,1,0,0,,,,[]
50052,5,0,30080001,1,418,0,,,0,0,2,125,False,0,0,2,1,False,False,0,40,100,5000.0,[7107371],True,0,1,0,0,,,,[]
50053,5,0,30080001,1,418,0,,,0,0,2,125,False,0,0,2,1,False,False,0,40,100,5000.0,[7107372],True,0,1,0,0,,,,[]
50054,5,0,30080001,1,418,0,,,0,0,2,125,False,0,0,2,1,False,False,0,40,100,5000.0,[7107375],True,0,1,0,0,,,,[]
50055,5,0,30080001,1,418,0,,,0,0,2,125,False,0,0,2,1,False,False,0,40,100,5000.0,[7107376],True,0,1,0,0,,,,[]
50056,5,0,30080001,1,181,0,,,0,0,2,125,False,0,0,2,1,False,False,0,40,200,5000.0,[7100717],True,0,1,0,0,,,,[]
50057,5,0,30080001,50057,331,0,,,0,0,2,122,False,0,0,2,1,False,False,0,40,200,10000.0,[7103551],True,0,1,0,0,,,,[]
50058,104,0,18700001,1,12,0,Monster_Name_50058,,0,0,2,0,False,0,0,2,1,True,True,0,40,200,5000.0,[7013004],True,0,0,0,0,Mago de Batalha Buscador da Verdade,,,[]
50059,104,0,18700001,1,12,0,Monster_Name_50059,,0,0,2,0,False,0,0,2,1,True,True,0,40,200,5000.0,[7013005],True,0,0,0,0,Guardião Mago Buscador da Verdade,,,[]
50060,5,0,30080001,1,50060,0,,,0,0,2,125,False,0,0,2,1,False,False,0,40,200,5000.0,[7100146],True,0,1,0,0,,,,[]
50061,5,0,30080001,1,193,0,,,0,0,2,125,False,0,0,2,1,False,False,0,40,100,5000.0,[7108618],True,0,1,0,0,,,,[]
50062,5,0,30080001,1,418,0,,,0,0,2,125,False,0,0,2,1,False,False,0,40,100,5000.0,[7108619],True,0,1,0,0,,,,[]
50063,5,0,30080001,1,855,0,,,0,0,2,125,False,0,0,2,1,False,False,0,40,100,5000.0,[7108609],True,0,1,0,0,,,,[]
50064,5,0,30080001,1,856,0,,,0,0,2,125,False,0,0,2,1,False,False,0,40,100,5000.0,[7108610],True,0,1,0,0,,,,[]
50065,5,0,30080001,1,418,0,,,0,0,2,125,False,0,0,2,1,False,False,0,40,100,5000.0,[7108611],True,0,1,0,0,,,,[]
50066,104,0,18640001,1,50066,0,Monster_Name_50066,,0,0,2,0,False,0,0,2,1,True,True,40,50,200,3000.0,[7011805],True,0,0,0,0,Guerreiro Guardião da Guerra Santa,,,[]
50067,104,0,18640001,50067,50067,0,Monster_Name_50066,,0,0,2,0,False,0,0,2,1,True,True,40,50,200,3000.0,"[7011803,7011804]",True,0,0,0,0,Guerreiro Guardião da Guerra Santa,,,[]
50068,5,0,30080001,1,139,0,,,0,0,2,125,False,0,0,2,1,False,False,0,40,100,5000.0,[7108620],True,0,1,0,0,,,,[]
50069,5,0,30080001,1,418,0,,,0,0,2,125,False,0,0,2,1,False,False,0,40,100,5000.0,[7108615],True,0,1,0,0,,,,[]
50070,5,0,30080001,1,418,0,,,0,0,2,125,False,0,0,2,1,False,False,0,40,100,5000.0,[7108616],True,0,1,0,0,,,,[]
50071,5,0,30080001,1,418,0,,,0,0,2,125,False,0,0,2,1,False,False,0,40,100,5000.0,[7108622],True,0,1,0,0,,,,[]
50072,5,0,30080001,1,418,0,,,0,0,2,125,False,0,0,2,1,False,False,0,40,100,5000.0,[7108623],True,0,1,0,0,,,,[]
50073,104,0,18640001,50068,50067,0,Monster_Name_50066,,0,0,2,0,False,0,0,2,1,True,True,40,50,200,3000.0,"[7011803,7011804]",True,0,0,0,0,Guerreiro Guardião da Guerra Santa,,,[]
60040,92,0,16572001,1,5,0,Monster_Name_340773,,0,0,2,128,False,0,2,2,0,True,True,150,300,300,5000.0,"[7106801,7106802]",True,0,0,0,0,Rhamnousia,,,[]
60041,92,0,16573001,60041,5,0,Monster_Name_340773,,0,0,2,128,False,0,2,2,0,True,True,150,300,300,5000.0,"[7107001,7107002]",True,0,0,0,0,Rhamnousia,,,[]
60042,92,0,16571002,60042,5,0,Monster_Name_340773,,0,0,2,128,False,0,2,2,0,True,True,150,300,300,5000.0,[7106700],True,0,0,0,0,Rhamnousia,,,[]
60043,92,0,16570001,1,5,0,Monster_Name_340773,,0,0,2,128,False,0,2,2,0,True,True,150,300,300,5000.0,"[7106801,7106802]",True,0,0,0,0,Rhamnousia,,,[]
60140,92,0,10843002,1,6,0,Monster_Name_313,,0,0,2,129,False,0,0,2,0,True,True,40,40,80,3000.0,[7018201],True,0,0,0,0,,,,[]
60141,92,0,10834002,1,6,0,Monster_Name_313,,0,0,2,129,False,0,0,2,0,True,True,30,40,50,3000.0,"[7016301,7016302]",True,0,0,0,0,,,,[]
60142,92,0,10812002,1,6,0,Monster_Name_288,,0,0,2,129,False,0,0,2,0,True,True,40,50,200,3000.0,"[7013101,7013102]",True,0,0,0,0,,,,[]
60143,92,0,10811002,1,6,0,Monster_Name_261,,0,0,2,129,False,0,0,2,0,True,True,40,60,200,3000.0,"[7012501,7012502]",True,0,0,0,0,,,,[]
90001,2,0,43000100,1,2,0,Monster_Name_9017,,0,0,2,0,False,0,0,2,1,True,True,250,250,400,10000.0,[3101001],False,0,0,0,0,,,,[]
90002,2,0,43000101,1,2,0,Monster_Name_9017,,0,0,2,0,False,0,0,2,1,True,True,250,250,400,10000.0,[3102001],False,0,0,0,0,,,,[]
90003,2,0,43000102,1,2,0,Monster_Name_9017,,0,0,2,0,False,0,0,2,1,True,True,250,250,400,10000.0,[3103001],False,0,0,0,0,,,,[]
90004,2,0,43000103,90004,2,0,Monster_Name_9017,,0,0,2,0,False,0,0,2,1,True,True,250,250,400,10000.0,[3104001],False,0,0,0,0,,,,[]
90005,2,0,43000104,90005,2,0,Monster_Name_9017,,0,0,2,0,False,0,0,2,1,True,True,250,250,400,10000.0,[3105001],False,0,0,0,0,,,,[]
90006,2,0,43000105,90006,2,0,Monster_Name_9017,,0,0,2,0,False,0,0,2,1,True,True,250,250,400,10000.0,[3106001],False,0,0,0,0,,,,[]
90007,2,0,43000106,90007,2,0,Monster_Name_9017,,0,0,2,0,False,0,0,2,1,True,True,250,250,400,10000.0,[3107001],False,0,0,0,0,,,,[]
90008,2,0,43000107,90008,2,0,Monster_Name_9017,,0,0,2,0,False,0,0,2,1,True,True,250,250,400,10000.0,[3108001],False,0,0,0,0,,,,[]
90009,2,0,43000108,90009,2,0,Monster_Name_9017,,0,0,2,0,False,0,0,2,1,True,True,250,250,400,10000.0,[3109001],False,0,0,0,0,,,,[]
90010,2,0,43000109,90010,2,0,Monster_Name_9017,,0,0,2,0,False,0,0,2,1,True,True,250,250,400,10000.0,[3110001],False,0,0,0,0,,,,[]
90011,2,0,43000110,90011,2,0,Monster_Name_9017,,0,0,2,0,False,0,0,2,1,True,True,250,250,400,10000.0,[3111001],False,0,0,0,0,,,,[]
90012,2,0,43000111,90012,2,0,Monster_Name_9017,,0,0,2,0,False,0,0,2,1,True,True,250,250,400,10000.0,[3112001],False,0,0,0,0,,,,[]
90100,2,0,49000000,0,99,0,,,0,0,2,0,False,0,0,2,0,True,True,40,50,200,3000.0,[],False,0,0,0,0,,,,[]
99000,2,0,44000001,1,1,0,Monster_Name_99000,,0,0,1,24,False,0,0,2,0,False,False,30,40,200,3000.0,"[91010001,91010002,91010003]",False,0,0,0,0,Pirata Rakan,,,[]
100025,1,0,17000002,0,1,0,NPC_Name_100025,,0,0,1,0,False,0,0,2,0,True,False,40,50,200,3000.0,[],False,0,0,0,0,Inez Allen,,,[]
100026,1,0,17010001,0,1,0,NPC_Name_100026,NPC_Title_100915,0,0,1,0,False,0,0,2,0,True,False,40,50,200,3000.0,[],False,0,0,0,0,Bigbass,Mercenário Veterano,,[]
100027,1,0,17020003,0,1,0,NPC_Name_100027,,0,0,1,0,False,0,0,2,0,True,False,40,50,200,3000.0,[],False,0,0,0,0,Sheera Lumen,,,[]
100028,1,0,17030000,0,1,0,NPC_Name_100028,,0,0,1,0,False,0,0,2,0,True,False,40,50,200,3000.0,[],False,0,0,0,0,Frankie,,,[]
100029,1,0,17100001,0,1,0,NPC_Name_100029,,0,0,1,0,False,0,0,2,0,True,False,40,50,200,3000.0,[],False,0,0,0,0,Chen Grayson,,,[]
100030,1,0,17110001,0,1,0,NPC_Name_100030,,0,0,1,0,False,0,0,2,0,True,False,40,50,200,3000.0,[],False,0,0,0,0,Lucius Valentine Oz,,,[]
100031,1,0,17130001,0,1,0,NPC_Name_100031,,0,0,1,0,False,0,0,2,0,True,False,40,50,200,3000.0,[],False,0,0,0,0,Miranda Rojas,,,[]
100032,1,0,17290001,0,1,0,NPC_Name_100032,,0,0,1,0,False,0,0,2,0,True,False,40,50,200,3000.0,[],False,0,0,0,0,MacPherson Gaucho,,,[]
100033,1,0,17780000,0,1,0,NPC_Name_100033,,0,0,1,0,False,0,0,2,0,True,False,40,50,200,3000.0,[],False,0,0,0,0,Scalar Ion,,,[]
100034,1,0,17150001,0,1,0,NPC_Name_100034,,0,0,1,0,False,0,0,2,0,True,False,40,50,200,3000.0,[],False,0,0,0,0,Oswald,,,[]
100035,1,0,17160001,0,1,0,NPC_Name_100035,,0,0,1,0,False,0,0,2,0,True,False,40,50,200,3000.0,[],False,0,0,0,0,Stan Morris,,,[]
100036,1,0,17170001,0,1,0,NPC_Name_100036,,0,0,1,0,False,0,0,2,0,True,False,40,50,200,3000.0,[],False,0,0,0,0,Zizelon Earhart,,,[]
100037,1,0,17180002,0,1,0,NPC_Name_100037,,0,0,1,0,False,0,0,2,0,True,False,40,50,200,3000.0,[],False,0,0,0,0,Kundera,,,[]
100038,1,0,17200001,0,1,0,NPC_Name_100038,,0,0,1,0,False,0,0,2,0,True,False,40,50,200,3000.0,[],False,0,0,0,0,Aquil Fassbender,,,[]
100039,1,0,17210001,0,1,0,NPC_Name_100039,,0,0,1,0,False,0,0,2,0,True,False,40,50,200,3000.0,[],False,0,0,0,0,Javier Marquez,,,[]
100040,1,0,17230001,0,1,0,NPC_Name_100040,,0,0,1,0,False,0,0,2,0,True,False,40,50,200,3000.0,[],False,0,0,0,0,Octavia Mistral,,,[]
100041,1,0,17240001,0,1,0,NPC_Name_100041,,0,0,1,0,False,0,0,2,0,True,False,40,50,200,3000.0,[],False,0,0,0,0,Kirill Everrune,,,[]
100042,1,0,17250001,0,1,0,NPC_Name_100042,,0,0,1,0,False,0,0,2,0,True,False,40,50,200,3000.0,[],False,0,0,0,0,Transeo Vickers,,,[]
100043,1,0,17260001,0,1,0,NPC_Name_100043,,0,0,1,0,False,0,0,2,0,True,False,40,50,200,3000.0,[],False,0,0,0,0,Celdin Karoph,,,[]
100044,1,0,17740001,0,1,0,NPC_Name_100044,,0,0,1,0,False,0,0,2,0,True,False,40,50,200,3000.0,[],False,0,0,0,0,Lotan III,,,[]
100045,1,0,17750001,0,1,0,NPC_Name_100045,,0,0,1,0,False,0,0,2,0,True,False,40,50,200,3000.0,[],False,0,0,0,0,Sitz Paro,,,[]
100046,1,0,17760002,0,1,0,NPC_Name_100046,,0,0,1,0,False,0,0,2,0,True,False,40,50,200,3000.0,[],False,0,0,0,0,Giz Kadasha,,,[]
100047,1,0,19020000,0,1,0,NPC_Name_100047,,0,0,1,0,False,0,0,2,0,True,False,40,50,200,3000.0,[],False,0,0,0,0,Silhueta Anônima,,,[]
100048,1,0,18990003,0,1,0,NPC_Name_100048,,0,0,1,0,False,0,0,2,0,True,False,40,50,200,3000.0,[],False,0,0,0,0,Redtail,,,[]
100049,1,0,17320000,0,1,0,NPC_Name_100049,,0,0,1,0,False,0,0,2,0,True,False,40,50,200,3000.0,[],False,0,0,0,0,Ada,,,[]
100050,1,0,17190001,0,1,0,NPC_Name_100050,,0,0,1,0,False,0,0,2,0,True,False,40,50,200,3000.0,[],False,0,0,0,0,Strus,,,[]
100051,1,0,18820001,0,1,0,NPC_Name_101502,NPC_Title_101502,0,0,1,0,False,0,0,2,0,True,False,40,50,200,3000.0,[],False,0,0,0,0,Dane Whitaker,Mercenários Supremos,,[]
100052,1,0,18810001,0,1,0,NPC_Name_101503,NPC_Title_101503,0,0,1,0,False,0,0,2,0,True,False,40,50,200,3000.0,[],False,0,0,0,0,Mars Gudelj,Mercenários Supremos,,[]
100053,1,0,17120001,0,1,0,NPC_Name_100053,,0,0,1,0,False,0,0,2,0,True,False,40,50,200,3000.0,[],False,0,0,0,0,Kamiel Lorgana,,,[]
100054,1,0,17411111,0,1,0,NPC_Name_100054,NPC_Title_100054,0,0,1,0,False,0,0,2,0,True,False,40,50,200,3000.0,[],False,0,0,0,0,Marius,Agente de Inteligência,,[]
100055,1,0,19045000,0,1,0,NPC_Name_100055,,0,0,1,0,False,0,0,2,0,True,False,40,50,200,3000.0,[],False,0,0,0,0,Reto,,,[]
100056,1,0,17000010,0,1,0,NPC_Name_100056,,0,0,1,0,False,0,0,2,0,True,False,40,50,200,3000.0,[],False,0,0,0,0,Inez Allen,,,[]
100057,1,0,17200011,0,1,0,NPC_Name_100057,,0,0,1,0,False,0,0,2,0,True,False,40,50,200,3000.0,[],False,0,0,0,0,Starlock,,,[]
100058,1,0,19082000,0,1,0,NPC_Name_100058,,0,0,1,0,False,0,0,2,0,True,False,40,50,200,3000.0,[],False,0,0,0,0,Edrick Beloa,,,[]
100059,1,0,19020000,0,1,0,NPC_Name_100059,,0,0,1,0,False,0,0,2,0,True,False,40,50,200,3000.0,[],False,0,0,0,0,Agente Timothy,,,[]
100060,1,0,19054002,0,1,0,NPC_Name_100060,,0,0,1,0,False,0,0,2,0,True,False,40,50,200,3000.0,[],False,0,0,0,0,Maximiliano,,,[]
100061,1,0,19068001,0,1,0,NPC_Name_100061,,0,0,1,0,False,0,0,2,0,True,False,40,50,200,3000.0,[],False,0,0,0,0,Fab,,,[]
100103,1,0,17020000,0,1,10002,NPC_Name_100103,NPC_Title_100103,0,0,1,0,False,0,0,2,0,True,False,40,50,200,3000.0,[],False,0,0,0,0,Sheera Lumen,Comandante Interino,,[]
100301,1,0,17470000,0,1,0,,,0,0,1,0,False,0,0,2,0,False,False,40,50,200,3000.0,[],False,0,1,0,0,,,,[]
100302,1,0,17480000,0,1,0,,,0,0,1,0,False,0,0,2,0,False,False,40,50,200,3000.0,[],False,0,1,0,0,,,,[]
100303,1,0,17370000,0,1,0,,,0,0,1,0,False,0,0,2,0,False,False,40,50,200,3000.0,[],False,0,1,0,0,,,,[]
100304,1,0,17400000,0,1,0,,,0,0,1,0,False,0,0,2,0,False,False,40,50,200,3000.0,[],False,0,1,0,0,,,,[]
100305,1,0,10480000,0,1,0,,,0,0,1,0,False,0,0,2,0,False,False,40,50,200,3000.0,[],False,0,1,0,0,,,,[]
100306,1,0,17411111,0,1,0,,,0,0,1,0,False,0,0,2,0,False,False,40,50,200,3000.0,[],False,0,1,0,0,,,,[]
100307,1,0,17411113,0,1,0,,,0,0,1,0,False,0,0,2,0,False,False,40,50,200,3000.0,[],False,0,1,0,0,,,,[]
100308,1,0,18400000,0,1,0,,,0,0,1,0,False,0,0,2,0,False,False,40,50,200,3000.0,[],False,0,1,0,0,,,,[]
100309,1,0,17460052,0,1,0,,,0,0,1,0,False,0,0,2,0,False,False,40,50,200,3000.0,[],False,0,1,0,0,,,,[]
100310,1,0,17560000,0,1,0,,,0,0,1,0,False,0,0,2,0,False,False,40,50,200,3000.0,[],False,0,1,0,0,,,,[]
100321,1,0,17421100,0,1,10002,NPC_Name_100321,NPC_Title_100321,0,0,1,0,False,0,0,2,0,True,False,40,50,200,3000.0,[],False,0,0,0,0,Valentina,Supervisor de Ponto de Controle,,[]
100322,1,0,17780000,0,1,10002,NPC_Name_100322,NPC_Title_100322,0,0,1,0,False,0,0,2,0,True,False,40,50,200,3000.0,[],False,0,0,0,0,Scalar Ion,Fantasma Vermelho,,[]
100351,1,0,17100000,0,1,10002,NPC_Name_100351,NPC_Title_100351,0,0,1,0,False,0,0,2,0,True,False,40,50,200,3000.0,[],False,0,0,0,0,Chen Grayson,Assistente do Oz,,[]
100352,1,0,17290000,0,1,10002,NPC_Name_100352,NPC_Title_100352,0,0,1,0,False,0,0,2,0,True,False,40,50,200,3000.0,[],False,0,0,0,0,MacPherson Gaucho,Comandante Imperial,,[]
100353,1,0,18590002,0,1,10002,NPC_Name_100353,NPC_Title_100353,0,0,1,0,False,0,0,2,0,True,False,40,50,200,3000.0,[],False,0,0,0,0,Euclid Nova,Presidente Overmind,,[]
100361,1,0,18400000,1,1,0,,,0,0,1,0,True,0,0,2,0,True,False,40,100,200,3000.0,[],False,0,1,0,0,,,,[]
100362,1,0,17460052,1,1,0,,,0,0,1,0,True,0,0,2,0,True,False,40,100,200,3000.0,[],False,0,1,0,0,,,,[]
100371,1,0,17450000,0,1,0,,,0,0,1,0,False,0,0,2,0,False,False,40,50,200,3000.0,[],False,0,1,0,0,,,,[]
100372,1,0,17460000,0,1,0,,,0,0,1,0,False,0,0,2,0,False,False,40,50,200,3000.0,[],False,0,1,0,0,,,,[]
100391,1,0,30080000,100019,1,10002,,,0,0,1,0,False,0,0,2,0,False,False,40,50,200,3000.0,[],False,0,0,0,0,,,,[]
100392,1,0,30080000,100019,1,10002,,,0,0,1,0,False,0,0,2,0,False,False,40,50,200,3000.0,[],False,0,0,0,0,,,,[]
100393,1,0,30080000,100019,1,10002,,,0,0,1,0,False,0,0,2,0,False,False,40,50,200,3000.0,[],False,0,0,0,0,,,,[]
100401,1,0,10320000,0,1,10002,NPC_Name_100401,,0,0,1,0,True,0,0,2,0,True,False,40,50,200,3000.0,[],False,0,1,0,0,,,,[]
100402,1,0,18540010,0,1,10002,NPC_Name_100402,,0,0,1,0,True,0,0,2,0,True,False,40,50,200,3000.0,[],False,0,1,0,0,,,,[]
100403,1,0,18530000,1,1,0,NPC_Name_100403,,0,0,1,0,True,0,0,2,0,True,False,40,100,200,30000.0,[7003001],False,0,1,0,0,,,,[]
100404,1,0,18540000,1,1,0,NPC_Name_100404,,0,0,1,0,True,0,0,2,0,True,False,40,100,200,3000.0,[7003101],False,0,1,0,0,,,,[]
100405,1,0,10320001,0,1,10002,NPC_Name_100405,NPC_Title_100405,0,0,1,0,True,0,0,2,0,True,False,40,50,200,3000.0,[],False,0,0,0,0,Chutiness,Mestre das Trevas,,[]
100406,1,0,17100000,0,1,10002,NPC_Name_100406,NPC_Title_100406,0,0,1,0,True,0,0,2,0,True,False,40,50,200,3000.0,[],False,0,0,0,0,Chen Grayson,Assistente do Oz,,[]
100407,1,0,18540010,0,1,10002,NPC_Name_100402,,0,0,1,0,True,0,0,2,0,True,False,40,50,200,3000.0,[],False,0,1,0,0,,,,[]
100408,1,0,10320000,0,1,10002,NPC_Name_100408,,0,0,1,0,True,0,0,2,0,True,False,40,50,200,3000.0,[],False,0,0,0,0,Judy,,,[]
100409,1,0,18540010,0,1,10002,NPC_Name_100402,,0,0,1,0,True,0,0,2,0,True,False,40,50,200,3000.0,[],False,0,1,0,0,,,,[]
100410,1,0,18540000,1,1,0,NPC_Name_100404,,0,0,1,0,True,0,0,2,0,True,False,40,100,200,3000.0,[7003101],False,0,1,0,0,,,,[]
100411,1,0,18540010,0,1,10002,NPC_Name_100402,,0,0,1,0,True,0,0,2,0,True,False,40,50,200,3000.0,[],False,0,1,0,0,,,,[]
100412,1,0,18540000,1,1,0,NPC_Name_100404,,0,0,1,0,True,0,0,2,0,True,False,40,100,200,3000.0,[7003101],False,0,1,0,0,,,,[]
100501,30,0,17010000,100019,1,10002,NPC_Name_100501,NPC_Title_100501,0,0,1,0,True,0,0,2,0,True,False,40,50,200,3000.0,"[7002201,7002202,7002203]",False,0,0,0,0,Bigbass,Mercenário Veterano,,[]
100551,30,0,17010000,100019,1,10002,NPC_Name_100551,NPC_Title_100551,0,0,1,0,True,0,0,2,0,True,False,40,50,200,3000.0,"[7002201,7002202,7002203]",True,100501,0,0,0,Bigbass,Mercenário Veterano,,[]
100552,30,0,17010000,100019,1,10002,NPC_Name_100552,NPC_Title_100552,0,0,1,0,True,0,0,2,0,True,True,40,50,200,30000.0,"[7002201,7002202,7002203]",True,0,0,0,0,Bigbass,Mercenário Veterano,,[]
100561,1,0,30080000,100019,1,10002,,,0,0,1,0,False,0,0,2,0,False,False,40,50,200,3000.0,[],False,0,0,0,0,,,,[]
100562,1,0,30080000,100019,1,10002,,,0,0,1,0,False,0,0,2,0,False,False,40,50,200,3000.0,[],False,0,0,0,0,,,,[]
100563,1,0,30080000,100019,1,10002,,,0,0,1,0,False,0,0,2,0,False,False,40,50,200,3000.0,[],False,0,0,0,0,,,,[]
100701,29,0,17200000,0,1,10002,NPC_Name_100701,NPC_Title_100701,0,0,1,13,False,0,0,2,0,True,False,40,50,200,3000.0,[],True,120201,0,0,0,Aquil Fassbender,Unidade Especial Bellato,,[]
100702,29,0,17221000,0,1,10002,,,0,0,1,13,False,0,0,2,0,True,False,40,50,200,3000.0,[],True,120204,1,0,0,,,,[]
100802,1,0,17010000,100019,100802,10002,NPC_Name_100201,NPC_Title_100915,0,0,1,0,False,0,0,2,0,True,False,40,50,200,20000.0,"[7002201,7002202,7002203]",False,0,0,0,0,Bigbass,Mercenário Veterano,,[]
100803,1,0,17010000,100019,1,10002,NPC_Name_100201,NPC_Title_100915,0,0,1,0,False,0,0,2,1,True,False,40,50,200,20000.0,"[7002201,7002202,7002203]",False,0,0,0,0,Bigbass,Mercenário Veterano,,[]
100804,1,0,17010000,100019,1,10002,NPC_Name_100201,NPC_Title_100915,0,0,1,0,False,0,0,2,0,True,False,40,50,200,20000.0,"[7002201,7002202,7002203]",False,0,0,0,0,Bigbass,Mercenário Veterano,,[]
100805,1,0,17010000,100019,1,10002,NPC_Name_100201,NPC_Title_100915,0,0,1,0,False,0,0,2,0,True,True,40,50,200,20000.0,"[7002201,7002202,7002203]",False,0,0,0,0,Bigbass,Mercenário Veterano,,[]
100806,1,0,18540000,59,1,10002,NPC_Name_101002,,0,0,1,0,True,0,0,2,1,True,True,40,50,200,30000.0,[7003101],False,0,0,0,0,Escolta de Navio de Carga,,,[]
100807,1,0,18530000,58,1,10002,NPC_Name_101002,,0,0,1,0,True,0,0,2,1,True,True,40,50,200,30000.0,[7003001],False,0,0,0,0,Escolta de Navio de Carga,,,[]
100808,1,0,18530000,58,100808,10002,NPC_Name_101002,,0,0,1,0,True,0,0,2,1,True,True,40,50,200,3000.0,[7003001],False,0,0,0,0,Escolta de Navio de Carga,,,[]
100809,1,0,18540000,59,100809,10002,NPC_Name_101002,,0,0,1,0,True,0,0,2,1,True,True,40,50,200,3000.0,[7003101],False,0,0,0,0,Escolta de Navio de Carga,,,[]
100810,22,0,17160000,0,1,10002,NPC_Name_100810,NPC_Title_100810,0,0,1,13,False,0,0,2,0,True,False,40,50,200,3000.0,[],False,0,0,0,0,Stan Morris,Assistente de Oswald,,[]
100815,22,0,18660000,0,1,10002,,,0,0,1,0,False,0,0,2,0,False,False,40,40,180,3000.0,[],False,0,0,0,0,,,,[]
100816,22,0,18670000,0,1,10002,,,0,0,1,0,False,0,0,2,0,False,False,40,40,180,3000.0,[],False,0,0,0,0,,,,[]
100817,22,0,17590000,0,1,10002,,,0,0,1,0,False,0,0,2,0,False,False,40,40,180,3000.0,[],False,0,0,0,0,,,,[]
100818,22,0,17610000,0,1,10002,,,0,0,1,0,False,0,0,2,0,False,False,40,40,180,3000.0,[],False,0,0,0,0,,,,[]
100819,22,0,18760002,0,1,10002,,,0,0,1,0,False,0,0,2,0,False,False,40,40,180,3000.0,[],False,0,0,0,0,,,,[]
100820,22,0,17750000,0,1,10002,NPC_Name_100820,NPC_Title_100820,0,0,1,0,False,0,0,2,0,True,False,40,40,200,3000.0,[],False,0,0,0,0,Sitz Paro,Protetor das Estrelas,,[]
100821,22,0,17320000,0,1,10002,NPC_Name_100821,NPC_Title_100821,0,0,1,0,False,0,0,2,0,True,False,40,40,180,3000.0,[],False,0,0,0,0,Ada,Apotecário,,[]
100822,22,0,18770002,0,1,10002,,,0,0,1,0,False,0,0,2,0,False,False,40,40,180,3000.0,[],False,0,0,0,0,,,,[]
100823,22,0,17620000,0,1,10002,NPC_Name_100823,NPC_Title_100823,0,0,1,0,False,0,0,2,0,True,False,40,40,180,3000.0,[],False,0,0,0,0,Miguel,Gerente de Entrada do Mercado Negro,,[]
100824,22,0,10685000,1,1,10002,NPC_Name_101506,NPC_Title_101506,0,0,1,0,True,0,0,2,1,True,False,40,40,200,3000.0,[7010401],False,0,1,0,0,Dane Whitaker,Mercenários Supremos,,[]
100825,22,0,10684000,1,1,10002,NPC_Name_101507,NPC_Title_101506,0,0,1,0,True,0,0,2,1,True,False,40,40,200,3000.0,"[7010501,7010502]",False,0,1,0,0,Karon Scout,Mercenários Supremos,,[]
100826,22,0,10680000,1,1,10002,NPC_Name_101508,NPC_Title_101506,0,0,1,0,True,0,0,2,1,True,False,40,40,200,3000.0,[7010801],False,0,1,0,0,Vegabunders MAU,Mercenários Supremos,,[]
100827,22,0,18750000,1,100827,10002,NPC_Name_101509,,0,0,1,0,True,0,0,2,0,True,True,40,34,200,30000.0,"[7013201,7013202]",False,0,0,0,0,Batedor Bellato,,,[]
100828,22,0,17220000,220,1,10002,NPC_Name_101510,,0,0,1,0,True,0,0,2,1,True,True,40,34,200,30000.0,[7009901],False,0,0,0,0,Batedor Bellato,,,[]
100829,22,0,17220000,219,1,10002,,,0,0,1,0,True,0,0,2,1,True,True,40,40,200,30000.0,[7009901],False,0,0,0,0,,,,[]
100830,22,0,17221000,220,1,10002,,,0,0,1,0,True,0,0,2,1,True,True,40,35,200,30000.0,[7009901],False,0,0,0,0,,,,[]
100831,22,0,10700000,1,1,10002,,,0,0,1,0,True,0,0,2,1,True,True,50,200,200,30000.0,"[3501001,3501002,3501003]",False,0,0,0,0,,,,[]
100832,22,0,30080000,0,1,10002,,,0,0,1,0,True,0,0,2,0,False,False,40,50,200,3000.0,[],False,0,1,0,0,,,,[]
100833,22,0,18750002,0,1,10002,,,0,0,1,0,False,0,0,2,0,False,False,40,40,180,3000.0,[],False,0,0,0,0,,,,[]
100834,22,0,17600000,0,1,10002,,,0,0,1,0,False,0,0,2,0,False,False,40,40,180,3000.0,[],False,0,0,0,0,,,,[]
100835,22,0,17180001,0,1,10002,,,0,0,1,0,False,0,0,2,0,False,False,40,40,180,3000.0,[],False,0,0,0,0,,,,[]
100836,22,0,17220000,0,1,10002,,,0,0,1,0,False,0,0,2,0,False,False,40,40,180,3000.0,[],False,0,0,0,0,,,,[]
100837,22,0,17221000,0,1,10002,,,0,0,1,0,False,0,0,2,0,False,False,40,40,180,3000.0,[],False,0,0,0,0,,,,[]
100838,22,0,30080000,0,1,10002,,,0,0,1,0,True,0,0,2,0,False,False,40,50,200,3000.0,[],False,0,0,0,0,,,,[]
100839,22,0,17220000,0,1,10002,NPC_Name_100839,NPC_Title_100839,0,0,1,0,True,0,0,2,0,True,False,40,40,180,3000.0,[],False,0,0,0,0,Flint,Agente de Segurança de Bellato City,,[]
100840,22,0,30080000,0,1,10002,,,0,0,1,0,True,0,0,2,0,False,False,40,50,200,3000.0,[],False,0,1,0,0,,,,[]
100841,22,0,17340000,0,1,10002,NPC_Name_100841,NPC_Title_100841,0,0,1,0,False,0,0,2,0,True,False,40,50,200,3000.0,[],False,0,0,0,0,Arca,IA de Gestão do Planeta Arcano,,[]
100842,22,0,17320000,0,1,10002,NPC_Name_100821,NPC_Title_100821,0,0,1,0,False,0,0,2,0,True,False,40,40,180,3000.0,[],False,0,0,0,0,Ada,Apotecário,,[]
100843,22,0,30080000,0,1,10002,,,0,0,1,0,True,0,0,2,0,True,False,40,50,200,3000.0,[],False,0,1,0,0,,,,[]
100844,22,0,17000000,0,1,10002,NPC_Name_100844,NPC_Title_100844,0,0,1,0,True,0,0,2,0,True,False,40,40,180,3000.0,[],False,0,0,0,0,Inez Allen,Operador,,[]
100845,22,0,18870000,0,1,10002,NPC_Name_100845,NPC_Title_100845,0,0,1,0,True,0,0,2,0,True,False,40,40,180,3000.0,[],False,0,0,0,0,Alex,Administração da Facção,,[]
100846,22,0,17000000,0,1,10002,NPC_Name_100846,NPC_Title_100846,0,0,1,0,True,0,0,2,0,True,False,40,40,180,3000.0,[],False,0,0,0,0,Inez Allen,Operador,,[]
100847,22,0,17000000,0,1,10002,NPC_Name_100847,NPC_Title_100847,0,0,1,0,True,0,0,2,0,True,False,40,40,180,3000.0,[],False,0,0,0,0,Inez Allen,Operador,,[]
100848,22,0,17750000,0,1,10002,NPC_Name_100848,NPC_Title_100848,0,0,1,0,True,0,0,2,0,True,False,40,40,200,3000.0,[],False,0,0,0,0,Sitz Paro,Protetor das Estrelas,,[]
100849,22,0,17160000,0,1,10002,NPC_Name_100849,NPC_Title_100849,0,0,1,0,True,0,0,2,0,True,False,40,50,200,3000.0,[],False,0,0,0,0,Stan Morris,Assistente do Oswald,,[]
100850,22,0,17100000,0,1,10002,,,0,0,1,0,True,0,0,2,0,True,False,40,50,200,3000.0,[],False,0,0,0,0,,,,[]
100891,22,0,17640010,0,1,10002,NPC_Name_100891,NPC_Title_100891,0,0,1,0,False,0,0,2,0,True,False,40,50,200,3000.0,[],False,0,0,0,0,Emily,Supervisor de Greenworld,,[]
100892,22,0,18880012,0,1,10002,NPC_Name_100892,NPC_Title_100892,0,0,1,0,False,0,0,2,0,True,False,40,40,180,3000.0,[],False,0,0,0,0,Matilda,Investigador,,[]
100901,22,0,10510000,0,1,10002,,,0,0,1,0,False,0,0,2,0,True,False,40,90,200,3000.0,[8000000],False,0,0,0,0,,,,[]
100902,22,0,10510000,0,1,10002,,,0,0,1,0,False,0,0,2,0,True,False,40,90,200,3000.0,[8000000],False,0,0,0,0,,,,[]
100903,22,0,17050000,0,1,10002,NPC_Name_100903,,0,0,1,0,False,0,0,2,0,True,False,40,90,200,3000.0,[8000000],False,0,0,0,0,Pedestre Crawler,,,[]
100908,22,0,17080000,0,1,10002,NPC_Name_100908,,0,0,1,0,False,0,0,2,0,True,False,40,90,200,3000.0,[8000000],False,0,0,0,0,Comerciante Tajrun,,,[]
100911,22,0,10510000,0,1,10002,,,0,0,1,0,False,0,0,2,0,True,False,40,90,200,3000.0,[8000000],False,0,0,0,0,,,,[]
100912,22,0,10510000,0,1,10002,,,0,0,1,0,False,0,0,2,0,True,False,40,90,200,3000.0,[8000000],False,0,0,0,0,,,,[]
100913,22,0,10540000,0,1,10002,Npc_Name_100913,,0,0,1,0,False,0,0,2,0,True,False,40,90,200,3000.0,[8000000],True,0,0,0,0,,,,[]
100914,22,0,10510000,0,1,10002,,,0,0,1,0,False,0,0,2,0,True,False,40,90,200,3000.0,[8000000],False,0,0,0,0,,,,[]
100915,22,0,17010000,100019,1,10002,NPC_Name_100201,NPC_Title_100915,0,0,1,0,False,0,0,2,1,True,False,40,50,200,3000.0,"[7002201,7002202,7002203]",False,0,0,0,0,Bigbass,Mercenário Veterano,,[]
100916,22,0,17320005,0,1,10002,NPC_Name_100916,NPC_Title_100916,0,0,1,0,False,0,0,2,0,True,False,40,50,200,3000.0,[],False,0,0,0,0,Ada,Boticário,,[]
100917,22,0,17190002,0,1,10002,NPC_Name_100917,NPC_Title_100917,0,0,1,0,False,0,0,2,0,True,False,40,50,200,3000.0,[],False,0,0,0,0,Strus,Comandante Silverhorn,,[]
100922,22,0,17030000,0,1,10002,NPC_Name_100922,NPC_Title_100922,0,0,1,12,False,0,0,2,0,True,False,40,50,200,3000.0,[],False,0,0,0,0,Frankie,Mercado Negro Mogul,,[]
100923,22,0,30080000,0,1,10002,,,0,0,1,0,True,0,0,2,0,False,False,40,50,200,3000.0,[],False,0,1,0,0,,,,[]
100924,22,0,10510000,0,1,10002,,,0,0,1,0,True,0,0,2,0,True,False,40,90,200,3000.0,[8000000],False,0,0,0,0,,,,[]
100925,22,0,10510000,0,1,10002,,,0,0,1,0,True,0,0,2,0,True,False,40,90,200,3000.0,[8000000],False,0,0,0,0,,,,[]
100926,22,0,17050000,0,1,10002,,,0,0,1,0,True,0,0,2,0,True,False,40,90,200,3000.0,[8000000],False,0,0,0,0,,,,[]
101006,1,0,17760001,0,1,10002,NPC_Name_101006,NPC_Title_101006,0,0,1,13,False,0,0,2,0,True,False,40,40,180,3000.0,[],False,0,0,0,0,Giz Kadasha,Protetor das Estrelas,,[]
101007,1,0,17750000,0,1,10002,NPC_Name_101007,NPC_Title_101007,0,0,1,13,False,0,0,2,0,True,False,40,40,180,3000.0,[],False,0,0,0,0,Sitz Paro,Protetor das Estrelas,,[]
101008,1,0,17240000,0,1,10002,NPC_Name_101008,NPC_Title_101008,0,0,1,13,False,0,0,2,0,True,False,40,40,180,3000.0,[],False,0,0,0,0,Kirill Everrune,Cavaleiros da Luz,,[]
101009,1,0,17250000,0,1,10002,NPC_Name_101009,NPC_Title_101009,0,0,1,13,False,0,0,2,0,True,False,40,40,180,3000.0,[],False,0,0,0,0,Transeo Vickers,Cavaleiros da Luz,,[]
101010,1,0,17230000,0,1,10002,NPC_Name_101010,NPC_Title_101010,0,0,1,13,False,0,0,2,0,True,False,40,40,180,3000.0,[],False,0,0,0,0,Octavia Mistral,Cavaleiros da Luz,,[]
101013,1,0,18960000,0,1,10002,NPC_Name_101013,,0,0,1,0,True,0,0,2,0,True,False,40,40,180,3000.0,[],False,0,1,0,0,Zeater,,,[]
101014,1,0,18740000,0,1,10002,NPC_Name_101014,,0,0,1,0,True,0,0,2,0,True,False,40,40,180,3000.0,[],False,0,1,0,0,Lebron,,,[]
101016,1,0,17270000,0,1,10002,NPC_Name_101020,NPC_Title_101020,0,0,1,13,False,0,0,2,0,True,False,40,40,180,3000.0,[],False,0,0,0,0,Durant,Sumo Sacerdote,,[]
101017,1,0,18960000,0,1,10002,NPC_Name_101021,NPC_Title_101021,0,0,1,13,False,0,0,2,0,True,False,40,40,180,3000.0,[],False,0,0,0,0,Clemen,Gerente de Inventário,,[]
101018,1,0,17750000,0,1,10002,NPC_Name_101007,NPC_Title_101007,0,0,1,13,False,0,0,2,0,True,False,40,40,180,3000.0,[],False,0,0,0,0,Sitz Paro,Protetor das Estrelas,,[]
101101,1,0,18690000,0,1,10002,NPC_Name_101101,NPC_Title_101101,0,0,1,0,False,0,0,2,0,True,False,40,50,200,3000.0,[],False,0,0,0,0,Altair,Líder dos Rastreador de Heresia,,[]
101102,1,0,17240000,0,1,10002,NPC_Name_101102,NPC_Title_101102,0,0,1,0,False,0,0,2,0,True,False,40,50,200,3000.0,[],False,0,0,0,0,Kirill Everrune,Cavaleiros da Luz,,[]
101103,1,0,18620000,0,1,10002,NPC_Name_101103,NPC_Title_101103,0,0,1,0,False,0,0,2,0,True,False,40,50,200,3000.0,[],False,0,0,0,0,Soldado,Rastreadores de Heresia,,[]
101104,1,0,18610000,0,1,10002,NPC_Name_101104,NPC_Title_101103,0,0,1,0,False,0,0,2,0,True,False,40,50,200,3000.0,[],False,0,0,0,0,Soldado,Rastreadores de Heresia,,[]
101105,1,0,18980000,0,1,10002,NPC_Name_101105,NPC_Title_101103,0,0,1,0,False,0,0,2,0,True,False,40,50,200,3000.0,[],False,0,0,0,0,Sacerdote,Rastreadores de Heresia,,[]
101106,1,0,18640000,0,1,10002,NPC_Name_101106,NPC_Title_101103,0,0,1,0,False,0,0,2,0,True,False,40,50,200,3000.0,[],False,0,0,0,0,Sacerdote,Rastreadores de Heresia,,[]
101107,1,0,18620003,0,1,10002,NPC_Name_101107,NPC_Title_101103,0,0,1,0,False,0,0,2,0,True,False,40,50,200,3000.0,[],False,0,0,0,0,Soldado Ferido,Rastreadores de Heresia,,[]
101108,1,0,18610002,0,1,10002,NPC_Name_101108,NPC_Title_101103,0,0,1,0,False,0,0,2,0,True,False,40,50,200,3000.0,[],False,0,0,0,0,Soldado Ferido,Rastreadores de Heresia,,[]
101109,1,0,18980002,0,1,10002,NPC_Name_101109,NPC_Title_101103,0,0,1,0,False,0,0,2,0,True,False,40,50,200,3000.0,[],False,0,0,0,0,Sacerdote Ferido,Rastreadores de Heresia,,[]
101110,1,0,18640003,0,1,10002,NPC_Name_101110,NPC_Title_101103,0,0,1,0,False,0,0,2,0,True,False,40,50,200,3000.0,[],False,0,0,0,0,Sacerdote Ferido,Rastreadores de Heresia,,[]
101111,1,0,18730001,0,1,10002,NPC_Name_101111,NPC_Title_101111,0,0,1,0,False,0,0,2,0,True,False,40,50,200,3000.0,[],False,0,0,0,0,Civil Exilado,Herege Sagrado,,[]
101112,1,0,18900001,0,1,10002,NPC_Name_101112,NPC_Title_101111,0,0,1,0,False,0,0,2,0,True,False,40,50,200,3000.0,[],False,0,0,0,0,Civil Exilado,Herege Sagrado,,[]
101113,1,0,18740001,0,1,10002,NPC_Name_101113,NPC_Title_101111,0,0,1,0,False,0,0,2,0,True,False,40,50,200,3000.0,[],False,0,0,0,0,Civil Exilado,Herege Sagrado,,[]
101114,1,0,18910001,0,1,10002,NPC_Name_101114,NPC_Title_101111,0,0,1,0,False,0,0,2,0,True,False,40,50,200,3000.0,[],False,0,0,0,0,Civil Exilado,Herege Sagrado,,[]
101115,1,0,18960001,0,1,10002,NPC_Name_101115,NPC_Title_101111,0,0,1,0,False,0,0,2,0,True,False,40,50,200,3000.0,[],False,0,0,0,0,Kairos,Herege Sagrado,,[]
101116,1,0,18890001,0,1,10002,NPC_Name_101116,NPC_Title_101111,0,0,1,0,False,0,0,2,0,True,False,40,50,200,3000.0,[],False,0,0,0,0,Civil Exilado,Herege Sagrado,,[]
101117,1,0,18730002,0,1,2547,NPC_Name_101117,NPC_Title_101111,0,0,1,0,True,0,0,2,0,True,False,40,50,200,3000.0,[],False,0,0,0,0,Civiliano Ferido,Herege Sagrado,,[]
101118,1,0,18740002,0,1,2552,NPC_Name_101118,NPC_Title_101111,0,0,1,0,True,0,0,2,0,True,False,40,50,200,3000.0,[],False,0,0,0,0,Civiliano Ferido,Herege Sagrado,,[]
101119,1,0,18890002,0,1,2552,NPC_Name_101119,NPC_Title_101111,0,0,1,0,True,0,0,2,0,True,False,40,50,200,3000.0,[],False,0,0,0,0,Civiliano Ferido,Herege Sagrado,,[]
101120,1,0,18640000,0,1,10002,NPC_Name_101117,,0,0,1,0,False,0,0,2,0,True,False,40,50,200,3000.0,[],False,0,0,0,0,Civiliano Ferido,,,[]
101201,1,0,17010000,100019,1,10002,NPC_Name_101201,NPC_Title_101201,0,0,1,0,True,0,0,2,1,True,True,40,50,200,15000.0,"[7002201,7002202,7002203]",True,0,0,0,0,Bigbass,Mercenário Veterano,,[]
101202,1,0,17130000,0,1,10002,NPC_Name_101202,NPC_Title_101202,0,0,1,0,True,0,0,2,0,True,False,40,50,200,3000.0,[],False,0,0,0,0,Miranda Rojas,Diretor do Laboratório Kairax,,[]
101203,1,0,17140002,0,1,10002,NPC_Name_101203,NPC_Title_101203,0,0,1,0,True,0,0,2,0,True,False,40,50,200,3000.0,[],False,0,0,0,0,Ratz,Pesquisador de Kairax,,[]
101205,1,0,17140000,0,1,10002,,,0,0,1,0,True,0,0,2,0,True,False,40,50,200,3000.0,[],False,0,1,0,0,,,,[]
101206,1,0,17141000,0,1,10002,,,0,0,1,0,True,0,0,2,0,True,False,40,50,200,3000.0,[],False,0,1,0,0,,,,[]
101207,1,0,17140002,0,1,10002,,,0,0,1,0,True,0,0,2,0,True,False,40,50,200,3000.0,[],False,0,1,0,0,,,,[]
101208,1,0,17141001,0,1,10002,,,0,0,1,0,True,0,0,2,0,True,False,40,50,200,3000.0,[],False,0,1,0,0,,,,[]
101209,1,0,17141001,0,1,10002,,,0,0,1,0,True,0,0,2,0,True,False,40,50,200,3000.0,[],False,0,1,0,0,,,,[]
101210,1,0,18530000,0,1,10002,,,0,0,1,0,True,0,0,2,0,True,False,40,50,200,3000.0,[],False,0,1,0,0,,,,[]
101211,1,0,18530000,0,1,10002,,,0,0,1,0,True,0,0,2,0,True,False,40,50,200,3000.0,[],False,0,1,0,0,,,,[]
101231,1,0,30080000,0,1,10002,,,0,0,1,0,True,0,0,2,0,True,False,40,50,200,3000.0,[],False,0,1,0,0,,,,[]
101232,1,0,30080000,0,1,10002,,,0,0,1,0,True,0,0,2,0,True,False,40,50,200,3000.0,[],False,0,1,0,0,,,,[]
101301,1,0,17010000,100019,1,10002,NPC_Name_101301,NPC_Title_101301,0,0,1,0,False,0,0,2,0,True,False,40,50,200,30000.0,"[7002201,7002202,7002203]",True,105608,0,0,0,Bigbass,Mercenário Veterano,,[]
101302,1,0,17630000,0,1,0,NPC_Name_101302,,0,0,1,0,False,0,0,2,0,True,False,40,40,180,3000.0,[],False,0,1,0,0,Civil Bellato,,,[]
101303,1,0,17640000,0,1,0,NPC_Name_101303,,0,0,1,0,False,0,0,2,0,True,False,40,40,180,3000.0,[],False,0,1,0,0,Civil Bellato,,,[]
101304,1,0,17620000,0,1,0,NPC_Name_101304,,0,0,1,0,False,0,0,2,0,True,False,40,40,180,3000.0,[],False,0,1,0,0,Civil Bellato,,,[]
101305,1,0,17660000,0,1,0,NPC_Name_101305,,0,0,1,0,False,0,0,2,0,True,False,40,40,180,3000.0,[],False,0,1,0,0,Civil Bellato,,,[]
101308,1,0,17020000,0,1,10002,NPC_Name_101308,NPC_Title_101308,0,0,1,0,False,0,0,2,1,True,False,40,50,200,3000.0,[],False,0,0,0,0,Sheera Lumen,Guia Jovem,,[]
101391,1,0,30080000,0,1,10002,,,0,0,1,0,False,0,0,2,0,False,False,40,50,200,3000.0,[],False,0,0,0,0,,,,[]
101392,1,0,30080000,0,1,10002,,,0,0,1,0,False,0,0,2,0,False,False,40,50,200,3000.0,[],False,0,0,0,0,,,,[]
101401,1,0,17340000,0,1,10002,,,0,0,1,0,False,0,0,2,0,True,False,40,50,200,3000.0,[],False,0,0,0,0,,,,[]
101501,9,0,17210003,221,1,10002,NPC_Name_101501,NPC_Title_101501,0,0,1,0,False,0,0,2,0,True,False,40,60,200,3000.0,[7009901],False,0,0,0,0,Javier Marquez,Líder Supremo dos Mercenários,,[]
101502,9,0,18820001,1,1,10002,NPC_Name_101502,NPC_Title_101502,0,0,1,0,False,0,0,2,0,True,False,40,34,200,3000.0,[7002501],False,0,0,0,0,Dane Whitaker,Mercenários Supremos,,[]
101503,9,0,18810001,18810000,1,10002,NPC_Name_101503,NPC_Title_101503,0,0,1,0,False,0,0,2,0,True,False,30,80,200,3000.0,"[91010001,91010002,91010003]",False,0,0,0,0,Mars Gudelj,Mercenários Supremos,,[]
101504,9,0,17340000,0,1,10002,NPC_Name_101504,NPC_Title_101504,0,0,1,0,False,0,0,2,0,True,False,40,50,200,3000.0,[],False,0,0,0,0,Arca,Inteligência Artificial de Gestão de Planeta Arcano,,[]
101505,1,0,18820004,18820000,1,10002,NPC_Name_101505,NPC_Title_101505,0,0,1,0,False,0,0,2,0,True,True,30,80,200,50000.0,"[81010001,81010002,81010003]",False,0,0,0,0,Dane Whitaker,Mercenários Supremos,,[]
101506,3,0,18820003,18820000,101506,10002,NPC_Name_101506,NPC_Title_101506,0,0,1,0,False,0,0,2,0,True,True,30,80,200,50000.0,"[81010001,81010002,81010003]",False,0,0,0,0,Dane Whitaker,Mercenários Supremos,,[]
101510,5,0,30080000,1,1,10002,,,0,0,1,0,False,0,0,2,0,False,False,0,80,200,50000.0,[],False,0,1,0,0,,,,[]
101511,5,0,18810003,18810000,101511,10002,NPC_Name_101511,NPC_Title_101511,0,0,1,0,False,0,0,2,1,True,False,30,80,200,50000.0,"[91010001,91010002,91010003]",False,0,0,0,0,Mars Gudelj,Mercenários Supremos,,[]
101512,5,0,17210002,221,101512,10002,NPC_Name_101512,NPC_Title_101512,0,0,1,0,False,0,0,2,1,True,False,40,100,200,50000.0,[7009901],False,0,0,0,0,Javier Marquez,Líder Supremo dos Mercenários,,[]
101513,5,0,18830000,18830000,101513,10002,NPC_Name_101513,NPC_Title_101513,0,0,1,0,True,0,0,2,1,True,True,30,80,200,50000.0,"[91060001,91060002,91060003]",False,0,1,0,0,Technician,Mercenários Supremos,,[]
101514,5,0,18840000,18840000,101514,10002,NPC_Name_101514,NPC_Title_101514,0,0,1,0,True,0,0,2,1,True,True,30,80,200,50000.0,"[81030001,81030002,81030003,81030004]",False,0,1,0,0,Enforcer,Mercenários Supremos,,[]
101515,5,0,18850001,18850000,101515,10002,NPC_Name_101515,NPC_Title_101515,0,0,1,0,True,0,0,2,1,True,True,30,80,200,50000.0,[91020001],False,0,1,0,0,Punisher,Mercenários Supremos,,[]
101516,5,0,18860001,18860000,101516,10002,NPC_Name_101516,NPC_Title_101516,0,0,1,0,True,0,0,2,1,True,True,30,80,200,50000.0,"[81050001,81050002,81050003,81050004]",False,0,1,0,0,Dreadnought,Mercenários Supremos,,[]
101517,5,0,30080000,1,101517,0,,,0,0,1,125,False,0,0,2,1,False,False,0,80,200,50000.0,[7010003],False,0,1,0,0,,,,[]
101521,5,0,18810001,18810000,1,10002,NPC_Name_101521,NPC_Title_101521,0,0,1,0,False,0,0,2,0,False,False,30,80,200,50000.0,"[91010001,91010002,91010003]",True,101511,0,0,0,Mars Gudelj,Mercenários Supremos,,[]
101522,5,0,17210000,221,1,10002,NPC_Name_101522,NPC_Title_101522,0,0,1,0,False,0,0,2,0,False,False,40,100,200,50000.0,[7009901],True,101512,0,0,0,Javier Marquez,Líder Supremo dos Mercenários,,[]
101523,5,0,18830000,18830000,1,10002,NPC_Name_101523,NPC_Title_101523,0,0,1,0,False,0,0,2,0,False,False,30,80,200,50000.0,"[91060001,91060002,91060003]",True,101513,1,0,0,Technician,Mercenários Supremos,,[]
101524,5,0,18840000,18840000,1,10002,NPC_Name_101524,NPC_Title_101524,0,0,1,0,False,0,0,2,0,False,False,30,80,200,50000.0,"[81030001,81030002,81030003,81030004]",True,101514,1,0,0,Enforcer,Mercenários Supremos,,[]
101525,5,0,18850000,18850000,1,10002,NPC_Name_101525,NPC_Title_101525,0,0,1,0,False,0,0,2,0,False,False,30,80,200,50000.0,[91020001],True,101515,1,0,0,Punisher,Mercenários Supremos,,[]
101526,5,0,18860000,18860000,1,10002,NPC_Name_101526,NPC_Title_101526,0,0,1,0,False,0,0,2,0,False,False,30,80,200,50000.0,"[81050001,81050002,81050003,81050004]",True,101516,1,0,0,Dreadnought,Mercenários Supremos,,[]
101541,8,0,17000000,0,1,10002,NPC_Name_101541,NPC_Title_101541,0,0,1,0,False,0,0,2,0,True,False,40,50,200,3000.0,[],False,0,0,0,0,Inez Allen,Mercenários Supremos,,[]
101542,8,0,17000001,0,1,10002,NPC_Name_101542,NPC_Title_101542,0,0,1,0,False,0,0,2,0,True,False,40,50,200,3000.0,[],False,0,0,0,0,Inez Allen,Mercenários Supremos,,[]
101543,8,0,17210001,221,101543,10002,NPC_Name_101543,NPC_Title_101543,0,0,1,0,False,0,0,2,1,True,False,40,100,200,50000.0,[7009901],False,0,0,0,0,Javier Marquez,Líder Supremo dos Mercenários,,[]
101544,8,0,18830001,18830000,101544,10002,NPC_Name_101544,NPC_Title_101544,0,0,1,0,False,0,0,2,1,True,True,30,80,200,30000.0,"[91060001,91060002,91060003]",False,0,1,0,0,Technician,Mercenários Supremos,,[]
101545,8,0,18850001,18850000,101545,10002,NPC_Name_101545,NPC_Title_101545,0,0,1,0,False,0,0,2,1,True,True,30,80,200,30000.0,[91020001],False,0,1,0,0,Punisher,Mercenários Supremos,,[]
101546,8,0,18860001,18860001,101546,10002,NPC_Name_101546,NPC_Title_101546,0,0,1,0,False,0,0,2,1,True,True,30,80,200,30000.0,"[81050001,81050002,81050003,81050004]",False,0,1,0,0,Dreadnought,Mercenários Supremos,,[]
101547,8,0,14080011,9024,101547,10002,NPC_Name_101547,NPC_Title_101547,0,0,1,0,False,0,0,2,1,True,True,180,180,540,30000.0,"[7210901,7210902,7210903,7210904,7210905]",False,0,1,0,0,Kraken,Mercenários Supremos,,[]
101548,8,0,14070011,9023,101548,10002,NPC_Name_101548,NPC_Title_101548,0,0,1,0,False,0,0,2,1,True,True,130,130,540,30000.0,"[3508001,3508002,3508003,3508004]",False,0,1,0,0,Ares,Mercenários Supremos,,[]
101549,8,0,14050011,9021,101549,10002,NPC_Name_101549,NPC_Title_101549,0,0,1,0,False,0,0,2,1,True,True,130,200,460,30000.0,"[3506001,3506002]",False,0,1,0,0,Hellfire,Mercenários Supremos,,[]
101550,9,0,17340000,0,1,10002,NPC_Name_101550,NPC_Title_101550,0,0,1,0,False,0,0,2,0,True,False,40,50,200,3000.0,[],True,0,1,0,0,Arca,Inteligência Artificial de Gestão de Planeta Arcano,,[]
101551,8,0,18840001,18840001,101551,10002,NPC_Name_101551,NPC_Title_101551,0,0,1,0,False,0,0,2,1,True,True,30,80,200,50000.0,[],False,0,1,0,0,Enforcer,Mercenários Supremos,,[]
101552,8,0,18750000,1,1,10002,NPC_Name_101552,NPC_Title_101552,0,0,1,0,True,0,0,2,1,True,True,40,60,200,30000.0,"[7013201,7013202]",False,0,0,0,0,Explorador,Reforços Bellato,,[]
101553,8,0,18770000,1,1,10002,NPC_Name_101553,NPC_Title_101553,0,0,1,0,True,0,0,2,1,True,True,40,60,200,30000.0,"[7013401,7013402]",False,0,0,0,0,Cavalaria Ligeira,Reforços Bellato,,[]
101554,8,0,18760000,1,1,10002,NPC_Name_101554,NPC_Title_101554,0,0,1,0,True,0,0,2,1,True,True,40,60,200,30000.0,[7013301],False,0,0,0,0,Cavalaria Pesada,Reforços Bellato,,[]
101555,8,0,17000001,0,1,10002,NPC_Name_101555,NPC_Title_101555,0,0,1,0,False,0,0,2,0,True,False,40,50,200,3000.0,[],False,0,0,0,0,Inez Allen,Mercenários Supremos,,[]
101580,1,0,30080000,0,1,10002,,,0,0,1,0,False,0,0,2,0,False,False,40,50,200,3000.0,[],False,0,0,0,0,,,,[]
101581,3,0,30080000,0,1,10002,,,0,0,1,0,False,0,0,2,0,False,False,40,50,200,3000.0,[],False,0,0,0,0,,,,[]
101582,3,0,30080000,0,1,10002,,,0,0,1,0,False,0,0,2,0,False,False,40,50,200,3000.0,[],False,0,0,0,0,,,,[]
101583,3,0,30080000,0,1,10002,,,0,0,1,0,False,0,0,2,0,False,False,40,50,200,3000.0,[],False,0,0,0,0,,,,[]
101584,4,0,30080000,0,1,10002,,,0,0,1,0,False,0,0,2,0,False,False,40,50,200,3000.0,[],False,0,0,0,0,,,,[]
101585,5,0,30080000,0,1,10002,,,0,0,1,0,False,0,0,2,0,False,False,40,50,200,3000.0,[],False,0,0,0,0,,,,[]
101586,6,0,30080000,0,1,10002,,,0,0,1,0,False,0,0,2,0,False,False,40,50,200,3000.0,[],False,0,0,0,0,,,,[]
101587,7,0,30080000,0,1,10002,,,0,0,1,0,False,0,0,2,0,False,False,40,50,200,3000.0,[],False,0,0,0,0,,,,[]
101588,7,0,30080000,0,1,10002,,,0,0,1,0,False,0,0,2,0,False,False,40,50,200,3000.0,[],False,0,0,0,0,,,,[]
101589,6,0,30080000,0,1,10002,,,0,0,1,0,False,0,0,2,0,False,False,40,50,200,3000.0,[],False,0,0,0,0,,,,[]
101590,7,0,30080000,0,1,10002,,,0,0,1,0,False,0,0,2,0,False,False,40,50,200,3000.0,[],False,0,0,0,0,,,,[]
101591,7,0,30080000,0,1,10002,,,0,0,1,0,False,0,0,2,0,False,False,40,50,200,3000.0,[],False,0,0,0,0,,,,[]
101592,7,0,30080000,0,1,10002,,,0,0,1,0,False,0,0,2,0,False,False,40,50,200,3000.0,[],False,0,0,0,0,,,,[]
101593,8,0,30080000,0,1,10002,,,0,0,1,0,False,0,0,2,0,False,False,40,50,200,3000.0,[],False,0,0,0,0,,,,[]
101594,8,0,30080000,0,1,10002,,,0,0,1,0,False,0,0,2,0,False,False,40,50,200,3000.0,[],False,0,0,0,0,,,,[]
102101,1,0,17110000,1,1,10002,NPC_Name_102101,NPC_Title_102101,0,0,1,0,True,0,0,2,0,True,False,40,34,200,3000.0,[],False,0,0,0,0,Lucius Valentine Oz,Duque,,[]
102102,1,0,17110003,1,1,10002,NPC_Name_102102,NPC_Title_102102,0,0,1,0,False,0,0,2,0,True,False,40,34,200,3000.0,[],True,0,0,0,0,Lucius Valentine Oz,Duque,,[]
102103,1,0,17110002,1,1,2500,NPC_Name_102103,NPC_Title_102103,0,0,1,0,True,0,0,2,0,True,False,40,34,200,3000.0,[],False,0,0,0,0,Lucius Valentine Oz,Duque,,[]
102104,1,0,17100000,0,1,10002,NPC_Name_102104,NPC_Title_102104,0,0,1,0,True,0,0,2,0,True,False,40,50,200,3000.0,[],False,0,0,0,0,Chen Grayson,Assistente de Oz,,[]
102105,1,0,18540010,0,1,10002,NPC_Name_102105,,0,0,1,0,True,0,0,2,0,True,False,40,50,200,3000.0,[],False,0,1,0,0,Serviçal Droid,,,[]
102106,1,0,18540010,0,1,10002,NPC_Name_102106,,0,0,1,0,True,0,0,2,0,True,False,40,50,200,3000.0,[],False,0,1,0,0,Serviçal Droid,,,[]
102107,1,0,18540010,0,1,10002,NPC_Name_102107,,0,0,1,0,True,0,0,2,0,True,False,40,50,200,3000.0,[],False,0,1,0,0,Serviçal Droid,,,[]
102108,1,0,18530000,1,1,0,NPC_Name_102108,NPC_Title_102108,0,0,2,0,True,0,0,2,0,True,True,40,100,200,30000.0,[7003001],False,0,0,0,0,Droid Guardião,Oz Guarda,,[]
102109,1,0,18540000,1,1,0,NPC_Name_102109,NPC_Title_102109,0,0,2,0,True,0,0,2,0,True,True,40,100,200,30000.0,[7003101],False,0,0,0,0,Droid Guardião,Guarda Oz,,[]
102110,1,0,30120001,999999,1,207410,NPC_Name_102110,,0,0,1,0,True,0,0,2,0,True,False,0,60,180,3000.0,[],False,0,1,0,0,Android com Mau Funcionamento,,,[]
102111,1,0,30120002,999999,1,207410,NPC_Name_102110,,0,0,1,0,True,0,0,2,0,True,False,0,60,180,3000.0,[],False,0,1,0,0,Android com Mau Funcionamento,,,[]
102112,1,0,30120003,999999,1,207412,NPC_Name_102110,,0,0,1,0,True,0,0,2,0,True,False,0,60,180,3000.0,[],False,0,1,0,0,Android com Mau Funcionamento,,,[]
102113,1,0,18540000,1,1,0,NPC_Name_102109,NPC_Title_102109,0,0,2,0,True,0,0,2,0,True,True,40,100,200,30000.0,[7003101],False,0,0,0,0,Droid Guardião,Guarda Oz,,[]
102114,1,0,17100000,0,1,10002,NPC_Name_102104,NPC_Title_102104,0,0,1,0,True,0,0,2,0,True,False,40,50,200,3000.0,[],False,0,0,0,0,Chen Grayson,Assistente de Oz,,[]
102115,1,0,18540010,0,1,10002,NPC_Name_102105,,0,0,1,0,True,0,0,2,0,True,False,40,50,200,3000.0,[],False,0,1,0,0,Serviçal Droid,,,[]
102116,1,0,18540000,1,1,0,NPC_Name_102109,NPC_Title_102109,0,0,2,0,True,0,0,2,0,True,True,40,100,200,30000.0,[7003101],False,0,0,0,0,Droid Guardião,Guarda Oz,,[]
102117,1,0,17100002,0,1,10002,NPC_Name_102104,NPC_Title_102104,0,0,1,0,True,0,0,2,0,True,False,40,50,200,3000.0,[],False,0,0,0,0,Chen Grayson,Assistente de Oz,,[]
102118,1,0,18530000,1,1,0,NPC_Name_102108,NPC_Title_102108,0,0,2,0,True,0,0,2,1,True,True,40,100,200,30000.0,[7003001],False,0,0,0,0,Droid Guardião,Oz Guarda,,[]
102119,1,0,18530003,1,1,0,NPC_Name_102108,NPC_Title_102108,0,0,2,0,True,0,0,2,1,True,True,40,100,200,30000.0,[7003001],True,0,1,0,0,Droid Guardião,Oz Guarda,,[]
102120,1,0,18540002,1,1,0,NPC_Name_102109,NPC_Title_102109,0,0,2,0,True,0,0,2,0,True,True,40,100,200,30000.0,[7003101],False,0,1,0,0,Droid Guardião,Guarda Oz,,[]
102190,1,0,30080000,0,1,10002,NPC_Name_102190,,0,0,1,0,True,0,0,2,0,True,False,40,50,200,3000.0,[],False,0,1,0,0,Grade Dinâmica,,,[]
102191,1,0,30080000,0,1,10002,NPC_Name_102190,,0,0,1,0,True,0,0,2,0,True,False,40,50,200,3000.0,[],False,0,1,0,0,Grade Dinâmica,,,[]
102192,1,0,30080000,0,1,10002,NPC_Name_102190,,0,0,1,0,True,0,0,2,0,True,False,40,50,200,3000.0,[],False,0,1,0,0,Grade Dinâmica,,,[]
102201,1,0,17230000,0,1,10002,NPC_Name_102201,NPC_Title_102201,0,0,1,0,False,0,0,2,0,True,False,40,50,200,3000.0,[],False,0,0,0,0,Octavia Mistral,Diretor da Academia Decem,,[]
102202,1,0,17240000,0,1,10002,NPC_Name_102202,NPC_Title_102202,0,0,1,0,False,0,0,2,0,True,False,40,50,200,3000.0,[],False,0,0,0,0,Kirill Everrune,Cavaleiros da Luz,,[]
102203,1,0,17240000,0,1,10002,NPC_Name_102202,NPC_Title_102202,0,0,1,0,False,0,0,2,0,True,False,40,50,200,3000.0,[],False,0,0,0,0,Kirill Everrune,Cavaleiros da Luz,,[]
102204,1,0,17250000,0,1,10002,NPC_Name_102204,NPC_Title_102202,0,0,1,0,False,0,0,2,0,True,False,40,50,200,3000.0,[],False,0,0,0,0,Transeo Vickers,Cavaleiros da Luz,,[]
102205,1,0,17250000,0,1,10002,NPC_Name_102204,NPC_Title_102202,0,0,1,0,False,0,0,2,0,True,False,40,50,200,3000.0,[],False,0,0,0,0,Transeo Vickers,Cavaleiros da Luz,,[]
102206,1,0,18720000,0,1,10002,NPC_Name_102206,NPC_Title_102206,0,0,1,0,False,0,0,2,0,True,False,40,50,200,3000.0,[],False,0,0,0,0,Vex,Arbiter Sagrado,,[]
102207,1,0,18740000,0,1,10002,NPC_Name_102207,NPC_Title_102207,0,0,1,0,False,0,0,2,0,True,False,40,50,200,3000.0,[],False,0,0,0,0,Les,Peregrino Ocupado,,[]
102208,1,0,18730000,0,1,10002,,,0,0,1,0,False,0,0,2,0,True,False,40,50,200,3000.0,[],False,0,0,0,0,,,,[]
102209,1,0,18900000,0,1,10002,,,0,0,1,0,False,0,0,2,0,True,False,40,50,200,3000.0,[],False,0,0,0,0,,,,[]
102210,1,0,18890000,0,1,10002,,,0,0,1,0,False,0,0,2,0,True,False,40,50,200,3000.0,[],False,0,0,0,0,,,,[]
102211,1,0,18720004,0,1,10002,,,0,0,1,0,False,0,0,2,0,True,False,40,50,200,3000.0,[],False,0,0,0,0,,,,[]
102212,1,0,18630000,0,1,10002,NPC_Name_102212,NPC_Title_102212,0,0,1,0,False,0,0,2,0,True,False,40,50,200,3000.0,[],False,0,0,0,0,Denel,Pesquisador Sênior,,[]
102213,1,0,18690000,0,1,10002,NPC_Name_102213,NPC_Title_102213,0,0,1,0,False,0,0,2,0,True,False,40,50,200,3000.0,[],False,0,0,0,0,Altair,Líder dos Rastreados de Heresia,,[]
102214,1,0,18960000,0,1,10002,,,0,0,1,0,False,0,0,2,0,True,False,40,50,200,3000.0,[],False,0,0,0,0,,,,[]
102215,1,0,18980002,0,1,10002,,,0,0,1,0,False,0,0,2,0,True,False,40,50,200,3000.0,[],False,0,0,0,0,,,,[]
102216,1,0,18610002,0,1,10002,,,0,0,1,0,False,0,0,2,0,True,False,40,50,200,3000.0,[],False,0,0,0,0,,,,[]
102217,1,0,18610000,0,1,10002,,,0,0,1,0,False,0,0,2,0,True,False,40,50,200,3000.0,[],False,0,0,0,0,,,,[]
102218,1,0,18620002,0,1,10002,,,0,0,1,0,False,0,0,2,0,True,False,40,50,200,3000.0,[],False,0,0,0,0,,,,[]
102219,1,0,18620000,0,1,10002,,,0,0,1,0,False,0,0,2,0,True,False,40,50,200,3000.0,[],False,0,0,0,0,,,,[]
102220,1,0,18610000,0,1,10002,,,0,0,1,0,False,0,0,2,0,True,False,40,50,200,3000.0,[],False,0,0,0,0,,,,[]
102801,1,0,17780003,1,1,10002,NPC_Name_102801,NPC_Title_102801,0,0,1,0,False,0,0,2,0,True,False,40,50,200,30000.0,[],True,110504,0,0,0,Scalar Ion,Fantasma Vermelho,,[]
102802,1,0,17780008,1,1,10002,NPC_Name_102802,NPC_Title_102802,0,0,1,0,False,0,0,2,1,True,True,40,50,200,30000.0,"[91010001,91010002,91010003]",False,0,0,0,0,Scalar Ion,Fantasma Vermelho,,[]
102803,1,0,17780003,1,1,10002,NPC_Name_102803,NPC_Title_102803,0,0,1,0,False,0,0,2,0,True,False,40,50,200,30000.0,[],False,0,0,0,0,Scalar Ion,Fantasma Vermelho,,[]
105101,1,0,17411111,0,1,10002,NPC_Name_105101,NPC_Title_105101,0,0,1,0,False,0,0,2,0,True,False,40,50,200,3000.0,[],False,0,0,0,0,Aronis,Oficial Imperial,,[]
105102,1,0,17411100,0,1,10002,NPC_Name_105102,NPC_Title_105102,0,0,1,0,False,0,0,2,0,True,False,40,50,200,3000.0,[],False,0,0,0,0,Millo,Exército Imperial,,[]
105103,1,0,17780000,0,1,10002,NPC_Name_105103,NPC_Title_105103,0,0,1,0,False,0,0,2,0,True,False,40,50,200,3000.0,[],False,0,0,0,0,Scalar Ion,Fantasma Vermelho,,[]
105104,1,0,17780000,0,1,10002,NPC_Name_105104,NPC_Title_105104,0,0,1,0,False,0,0,2,0,True,False,40,50,200,3000.0,[],False,0,0,0,0,Scalar Ion,Fantasma Vermelho,,[]
105105,1,0,17480010,0,1,10002,NPC_Name_105105,NPC_Title_105105,0,0,1,0,False,0,0,2,0,True,False,40,50,200,3000.0,[],False,0,0,0,0,Erima,Guilda de Mercadores Nekaran,,[]
105106,1,0,17780000,0,1,10002,NPC_Name_105106,NPC_Title_105106,0,0,1,0,False,0,0,2,0,True,False,40,50,200,3000.0,[],False,0,0,0,0,Scalar Ion,Fantasma Vermelho,,[]
105107,1,0,17480010,0,1,10002,NPC_Name_105107,NPC_Title_105107,0,0,1,0,False,0,0,2,0,True,False,40,50,200,3000.0,[],False,0,0,0,0,Erima,Guilda de Mercadores de Nekaran,,[]
105108,1,0,17780000,0,1,10002,NPC_Name_105108,NPC_Title_105108,0,0,1,0,False,0,0,2,0,True,False,40,50,200,3000.0,[],False,0,0,0,0,Scalar Ion,Fantasma Vermelho,,[]
105109,1,0,17411100,0,1,10002,NPC_Name_105109,NPC_Title_105109,0,0,1,0,False,0,0,2,0,True,False,40,50,200,3000.0,[],False,0,0,0,0,Millo,Exército Imperial,,[]
105110,1,0,17100000,0,1,10002,NPC_Name_105110,NPC_Title_105110,0,0,1,0,False,0,0,2,0,True,False,40,50,200,3000.0,[],False,0,0,0,0,Chen Grayson,Assistente do Oz,,[]
105111,1,0,17780000,0,1,10002,NPC_Name_105111,NPC_Title_105111,0,0,1,0,False,0,0,2,0,True,False,40,50,200,3000.0,[],False,0,0,0,0,Scalar Ion,Fantasma Vermelho,,[]
105121,1,0,17780000,1,1,10002,NPC_Name_105121,NPC_Title_105121,0,0,1,0,False,0,0,2,0,True,True,40,50,200,3000.0,[],False,0,0,0,0,Scalar Ion,Fantasma Vermelho,,[]
105131,1,0,17420000,0,1,10002,NPC_Name_105131,NPC_Title_105131,0,0,1,13,False,0,0,2,0,True,False,50,130,200,5000.0,[],False,0,0,0,0,Roxanne,Exército Imperial,,[]
105132,1,0,17530000,0,1,10002,NPC_Name_105132,NPC_Title_105132,0,0,1,13,False,0,0,2,0,True,False,40,100,200,3000.0,[],False,0,0,0,0,SL-439,Android de Combate,,[]
105133,1,0,17470001,0,1,10002,NPC_Name_105133,NPC_Title_105133,0,0,1,13,False,0,0,2,0,True,False,40,50,200,3000.0,[],False,0,0,0,0,Karak,Guilda de Mercadores de Nekaran,,[]
105134,1,0,30120000,0,1,10002,NPC_Name_105134,NPC_Title_105134,0,0,1,13,False,0,0,2,0,True,False,40,50,200,3000.0,[],False,0,0,0,0,Einshut,Android Antigo,,[]
105135,1,0,17490001,0,1,10002,NPC_Name_105135,NPC_Title_105135,0,0,1,13,False,0,0,2,0,True,False,40,50,200,3000.0,[],False,0,0,0,0,Namon,Guilda de Mercadores de Nekaran,,[]
105151,1,0,30120001,999999,1,0,,,0,0,1,0,False,0,0,2,0,False,False,40,50,200,3000.0,[],False,0,1,0,0,,,,[]
105152,1,0,30120002,999999,1,0,,,0,0,1,0,False,0,0,2,0,False,False,40,50,200,3000.0,[],False,0,1,0,0,,,,[]
105153,1,0,30120003,999999,1,0,,,0,0,1,0,False,0,0,2,0,False,False,40,50,200,3000.0,[],False,0,1,0,0,,,,[]
105154,1,0,30120006,999999,1,0,,,0,0,1,0,False,0,0,2,0,False,False,30,60,180,3000.0,[],False,0,1,0,0,,,,[]
105155,1,0,17410000,0,1,0,,,0,0,1,0,False,0,0,2,0,False,False,40,50,200,3000.0,[],False,0,1,0,0,,,,[]
105156,1,0,17420000,0,1,0,,,0,0,1,0,False,0,0,2,0,False,False,50,130,200,5000.0,[],False,0,1,0,0,,,,[]
105157,1,0,17421000,0,1,0,,,0,0,1,0,False,0,0,2,0,False,False,40,50,200,3000.0,[],False,0,1,0,0,,,,[]
105158,1,0,10480000,0,1,0,,,0,0,1,0,False,0,0,2,0,False,False,30,50,200,3000.0,[],False,0,1,0,0,,,,[]
105159,1,0,17411111,0,1,0,,,0,0,1,0,False,0,0,2,0,False,False,40,50,200,3000.0,[],False,0,1,0,0,,,,[]
105160,1,0,17411113,0,1,0,,,0,0,1,0,False,0,0,2,0,False,False,40,50,200,3000.0,[],False,0,1,0,0,,,,[]
105161,1,0,17440000,0,1,0,,,0,0,1,0,False,0,0,2,0,False,False,40,40,200,3000.0,[],False,0,1,0,0,,,,[]
105162,1,0,17460000,0,1,0,,,0,0,1,0,False,0,0,2,0,False,False,40,100,200,3000.0,[],False,0,1,0,0,,,,[]
105171,1,0,17620011,0,1,10002,NPC_Name_105171,NPC_Title_105171,0,0,1,0,False,0,0,2,0,True,False,40,40,180,3000.0,[],False,0,0,0,0,Jack,Agente,,[]
105181,1,0,17411111,0,1,10002,NPC_Name_105181,NPC_Title_105181,0,0,1,0,False,0,0,2,0,True,False,40,40,200,3000.0,[],False,0,0,0,0,Marius,Agente de Inteligência,,[]
105184,1,0,18880012,0,1,10002,NPC_Name_105184,NPC_Title_105184,0,0,1,0,False,0,0,2,0,True,False,40,40,180,3000.0,[],False,0,0,0,0,Matilda,Investigador,,[]
105191,1,0,17411111,0,1,10002,NPC_Name_105191,NPC_Title_105191,0,0,1,0,False,0,0,2,0,True,False,40,40,200,3000.0,[],False,0,0,0,0,Marius,Agente de Inteligência,,[]
105192,1,0,18880012,0,1,10002,NPC_Name_105192,NPC_Title_105192,0,0,1,0,False,0,0,2,0,True,False,40,40,180,3000.0,[],False,0,0,0,0,Matilda,Investigador,,[]
105193,1,0,18880012,0,1,10002,NPC_Name_105193,NPC_Title_105193,0,0,1,0,False,0,0,2,0,True,False,40,40,180,3000.0,[],False,0,0,0,0,Matilda,Investigador,,[]
105194,1,0,18670013,0,1,10002,NPC_Name_105194,NPC_Title_105194,0,0,1,0,False,0,0,2,0,True,False,40,50,200,3000.0,[],False,0,0,0,0,Brennan,Líder da Equipe de Segurança,,[]
105195,1,0,18910010,0,1,105195,NPC_Name_105195,NPC_Title_105195,0,0,1,0,False,0,0,2,0,True,False,40,50,200,3000.0,[],False,0,0,0,0,Irina,Sumo Sacerdote,,[]
105201,1,0,17080000,0,1,10002,NPC_Name_105201,NPC_Title_105201,0,0,1,0,False,0,0,2,0,True,False,40,50,200,3000.0,[],False,0,0,0,0,Betox,Guilda de Mercadores de Nekaran,,[]
105202,1,0,17470001,0,1,10002,NPC_Name_105202,NPC_Title_105202,0,0,1,0,False,0,0,2,0,True,False,40,50,200,3000.0,[],False,0,0,0,0,Boonta,Guilda de Mercadores de Nekaran,,[]
105203,1,0,17490001,0,1,10002,NPC_Name_105203,NPC_Title_105203,0,0,1,0,False,0,0,2,0,True,False,40,50,200,3000.0,[],False,0,0,0,0,Hata,Guilda de Mercadores Nekaran,,[]
105204,1,0,17470010,0,1,10002,NPC_Name_105204,NPC_Title_105204,0,0,1,0,False,0,0,2,0,True,False,40,50,200,3000.0,[],False,0,0,0,0,Capa,Technician da Base de Comércio,,[]
105205,1,0,17480001,0,1,10002,NPC_Name_105205,NPC_Title_105205,0,0,1,0,False,0,0,2,0,True,False,40,50,200,3000.0,[],False,0,0,0,0,Bellin,Guilda de Mercadores de Nekaran,,[]
105206,1,0,17470012,0,1,10002,NPC_Name_105206,NPC_Title_105206,0,0,1,0,False,0,0,2,0,True,False,40,50,200,3000.0,[],False,0,0,0,0,Franco,Guilda de Mercadores Nekaran,,[]
105207,1,0,17780003,0,1,10002,NPC_Name_105207,NPC_Title_105207,0,0,1,0,False,0,0,2,0,True,False,40,50,200,3000.0,[],False,0,0,0,0,Scalar Ion,Fantasma Vermelho,,[]
105208,1,0,17780003,0,1,10002,NPC_Name_105208,NPC_Title_105208,0,0,1,0,False,0,0,2,0,True,False,40,50,200,3000.0,[],False,0,0,0,0,Scalar Ion,Fantasma Vermelho,,[]
105209,5,0,17060000,0,1,10002,NPC_Name_105209,NPC_Title_105209,0,0,1,13,False,0,0,2,0,True,False,40,50,200,3000.0,[],False,0,0,0,0,Calico,Mercenário da Base de Comércio,,[]
105210,1,0,17510010,0,1,10002,NPC_Name_105210,NPC_Title_105210,0,0,1,13,False,0,0,2,0,True,False,40,50,200,3000.0,[],False,0,0,0,0,Jerome,Guilda de Mercadores de Nekaran,,[]
105211,1,0,17500000,0,1,10002,NPC_Name_105211,NPC_Title_105211,0,0,1,13,False,0,0,2,0,True,False,40,50,200,3000.0,[],False,0,0,0,0,Medina,Guilda de Mercadores Nekaran,,[]
105212,1,0,17510011,0,1,10002,NPC_Name_105212,NPC_Title_105212,0,0,1,13,False,0,0,2,0,True,False,40,50,200,3000.0,[],False,0,0,0,0,Kelsus,Guilda de Mercadores de Nekaran,,[]
105213,1,0,17061001,0,1,10002,NPC_Name_105213,NPC_Title_105213,0,0,1,13,False,0,0,2,0,True,False,40,50,200,3000.0,[],False,0,0,0,0,Montoya,Mercenário da Base de Comércio,,[]
105214,1,0,17470011,0,1,10002,NPC_Name_105214,NPC_Title_105214,0,0,1,13,False,0,0,2,0,True,False,40,50,200,3000.0,[],False,0,0,0,0,Buchanan,Guilda de Mercadores de Nekaran,,[]
105280,1,0,17560000,0,1,10002,NPC_Name_105280,,0,0,1,13,False,0,0,2,0,True,False,40,50,200,3000.0,[],False,0,0,0,0,Steiner 2019,,,[]
105281,1,0,17411111,0,1,10002,NPC_Name_105281,NPC_Title_105281,0,0,1,13,False,0,0,2,0,True,False,40,50,200,3000.0,[],False,0,0,0,0,Marius,Oficial Imperial,,[]
105282,1,0,17490001,0,1,10002,NPC_Name_105282,NPC_Title_105282,0,0,1,13,False,0,0,2,0,True,False,40,50,200,3000.0,[],False,0,0,0,0,Marian,Oficial de P&D da Proxa,,[]
105283,1,0,18670013,0,1,10002,NPC_Name_105283,NPC_Title_105283,0,0,1,13,False,0,0,2,0,True,False,40,50,200,3000.0,[],False,0,0,0,0,Brennan,Líder da Equipe de Segurança,,[]
105284,1,0,18880012,0,1,10002,NPC_Name_105284,NPC_Title_105284,0,0,1,13,False,0,0,2,0,True,False,40,50,200,3000.0,[],False,0,0,0,0,Matilda,Investigador,,[]
105285,1,0,17470012,0,1,10002,NPC_Name_105285,NPC_Title_105285,0,0,1,13,False,0,0,2,0,True,False,40,50,200,3000.0,[],False,0,0,0,0,Saul,Informante Bellato,,[]
105286,1,0,18730000,0,1,10002,NPC_Name_105286,NPC_Title_105286,0,0,1,13,False,0,0,2,0,True,False,40,50,200,3000.0,[],False,0,0,0,0,Lawrence,Agente Cora,,[]
105287,1,0,18730000,0,1,10002,NPC_Name_105287,NPC_Title_105287,0,0,1,13,False,0,0,2,0,True,False,40,50,200,3000.0,[],False,0,0,0,0,Oliver,Entusiasta de Insetos,,[]
105288,1,0,18910010,0,1,10002,NPC_Name_105288,NPC_Title_105288,0,0,1,13,False,0,0,2,0,True,False,40,50,200,3000.0,[],False,0,0,0,0,Irina,Sumo Sacerdote,,[]
105289,1,0,17580011,0,1,10002,NPC_Name_105289,NPC_Title_105289,0,0,1,13,False,0,0,2,0,True,False,40,50,200,3000.0,[],False,0,0,0,0,Giuseppe,Refugiado,,[]
105290,1,0,18660000,0,1,10002,NPC_Name_105290,NPC_Title_105290,0,0,1,13,False,0,0,2,0,True,False,40,50,200,3000.0,[],False,0,0,0,0,Carlos,Informante Bellato,,[]
105291,1,0,18960010,0,1,10002,NPC_Name_105291,NPC_Title_105291,0,0,1,13,False,0,0,2,0,True,False,40,50,200,3000.0,[],False,0,0,0,0,Patrick,Diretor Adjunto de Inteligência,,[]
105301,1,0,17520010,0,1,10002,NPC_Name_105301,NPC_Title_105301,0,0,1,13,False,0,0,2,0,True,False,40,50,200,3000.0,[],False,0,0,0,0,Electra,Ancião Selvagem,,[]
105302,1,0,17450000,0,1,10002,NPC_Name_105302,NPC_Title_105302,0,0,1,0,False,0,0,2,0,True,False,40,50,200,3000.0,[],False,0,0,0,0,,,,[]
105303,1,0,17480000,0,1,10002,NPC_Name_105303,NPC_Title_105303,0,0,1,0,False,0,0,2,0,True,False,40,50,200,3000.0,[],False,0,0,0,0,Laura,Wilder,,[]
105304,1,0,17470000,0,1,10002,NPC_Name_105304,NPC_Title_105304,0,0,1,13,False,0,0,2,0,True,False,40,50,200,3000.0,[],False,0,0,0,0,Harris,Wilder,,[]
105305,1,0,17490000,0,1,10002,NPC_Name_105305,NPC_Title_105305,0,0,1,0,False,0,0,2,0,True,False,40,50,200,3000.0,[],False,0,0,0,0,Talisha,Wilder,,[]
105306,1,0,17470001,0,1,10002,NPC_Name_105306,NPC_Title_105306,0,0,1,13,False,0,0,2,0,True,False,40,50,200,3000.0,[],False,0,0,0,0,Kiel,Wilder,,[]
105307,1,0,17411100,0,1,10002,NPC_Name_105307,NPC_Title_105307,0,0,1,0,False,0,0,2,0,True,False,40,50,200,3000.0,[],False,0,0,0,0,Ted,Agente Imperial,,[]
105308,1,0,17490000,0,1,10002,NPC_Name_105308,NPC_Title_105308,0,0,1,13,False,0,0,2,0,True,False,40,50,200,3000.0,[],False,0,0,0,0,Malek,Wilder,,[]
105309,1,0,17100000,0,1,10002,NPC_Name_105309,NPC_Title_105309,0,0,1,0,False,0,0,2,0,True,False,40,50,200,3000.0,[],False,0,0,0,0,Chen Grayson,Assistente de Oz,,[]
105310,1,0,17510010,0,1,10002,NPC_Name_105310,NPC_Title_105310,0,0,1,13,False,0,0,2,0,True,False,40,50,200,3000.0,[],False,0,0,0,0,Finch,Wilder,,[]
105311,1,0,17460000,0,1,10002,NPC_Name_105311,NPC_Title_105311,0,0,1,13,False,0,0,2,0,True,False,40,50,200,3000.0,[],False,0,0,0,0,Bórico,Patrulhas Imperiais,,[]
105312,1,0,17510000,0,1,10002,NPC_Name_105312,NPC_Title_105312,0,0,1,13,False,0,0,2,0,True,False,40,50,200,3000.0,[],False,0,0,0,0,Norma,Wilder,,[]
105313,1,0,17470000,0,1,10002,NPC_Name_105313,NPC_Title_105313,0,0,1,13,False,0,0,2,0,True,False,40,50,200,3000.0,[],False,0,0,0,0,Buck,Wilder,,[]
105314,1,0,17560000,0,1,10002,NPC_Name_105314,NPC_Title_105314,0,0,1,13,False,0,0,2,0,True,False,40,50,200,3000.0,[],False,0,0,0,0,Brody,Guilda de Mercadores Nekaran,,[]
105315,1,0,17520010,0,1,10002,NPC_Name_105301,NPC_Title_105301,0,0,1,13,False,0,0,2,0,True,False,40,50,200,3000.0,[],False,0,0,0,0,Electra,Ancião Selvagem,,[]
105316,1,0,17460000,0,1,10002,,,0,0,1,13,False,0,0,2,0,False,False,40,50,200,3000.0,[],False,0,1,0,0,,,,[]
105360,1,0,17411110,0,1,10002,NPC_Name_105360,NPC_Title_105360,0,0,1,13,False,0,0,2,0,True,False,40,50,200,3000.0,[],False,0,0,0,0,Gouran,Constável de Accretia,,[]
105361,1,0,17411110,0,1,10002,NPC_Name_105360,NPC_Title_105360,0,0,1,13,False,0,0,2,0,True,False,40,50,200,3000.0,[],False,0,0,0,0,Gouran,Constável de Accretia,,[]
105362,1,0,17480001,0,1,10002,NPC_Name_105362,NPC_Title_105362,0,0,1,13,False,0,0,2,0,True,False,40,50,200,3000.0,[],False,0,0,0,0,Sinka,Mediador do Deserto,,[]
105363,1,0,17480001,0,1,10002,NPC_Name_105362,NPC_Title_105362,0,0,1,13,False,0,0,2,0,True,False,40,50,200,3000.0,[],False,0,0,0,0,Sinka,Mediador do Deserto,,[]
105364,1,0,17540000,0,1,10002,NPC_Name_105364,,0,0,1,13,False,0,0,2,0,True,False,40,50,200,3000.0,[],False,0,0,0,0,Steiner 5166,,,[]
105365,1,0,17540000,0,1,10002,NPC_Name_105365,,0,0,1,13,False,0,0,2,0,True,False,40,50,200,3000.0,[],False,0,0,0,0,Steiner 5166,,,[]
105366,1,0,17620000,0,1,10002,NPC_Name_105390,NPC_Title_105390,0,0,1,13,False,0,0,2,0,True,False,40,50,200,3000.0,[],False,0,0,0,0,Bale,Informante da Facção,,[]
105367,1,0,17620000,0,1,10002,NPC_Name_105390,NPC_Title_105390,0,0,1,13,False,0,0,2,0,True,False,40,50,200,3000.0,[],False,0,0,0,0,Bale,Informante da Facção,,[]
105368,1,0,18670000,0,1,10002,NPC_Name_105391,NPC_Title_105391,0,0,1,13,False,0,0,2,0,True,False,40,50,200,3000.0,[],False,0,0,0,0,Heindel,Engenheiro,,[]
105369,1,0,18960000,0,1,10002,NPC_Name_105392,NPC_Title_105392,0,0,1,13,False,0,0,2,0,True,False,40,50,200,3000.0,[],False,0,0,0,0,Wallace,Pesquisador,,[]
105390,1,0,17620000,0,1,10002,NPC_Name_105390,NPC_Title_105390,0,0,1,13,False,0,0,2,0,True,False,40,50,200,3000.0,[],False,0,0,0,0,Bale,Informante da Facção,,[]
105391,1,0,18670000,0,1,10002,NPC_Name_105391,NPC_Title_105391,0,0,1,13,False,0,0,2,0,True,False,40,50,200,3000.0,[],False,0,0,0,0,Heindel,Engenheiro,,[]
105392,1,0,18960000,0,1,10002,NPC_Name_105392,NPC_Title_105392,0,0,1,13,False,0,0,2,0,True,False,40,50,200,3000.0,[],False,0,0,0,0,Wallace,Pesquisador,,[]
105393,1,0,18900000,0,1,10002,NPC_Name_105393,NPC_Title_105393,0,0,1,13,False,0,0,2,0,True,False,40,50,200,3000.0,[],False,0,0,0,0,Cajado,Agente de Inteligência,,[]
105394,1,0,18960000,0,1,10002,NPC_Name_105392,NPC_Title_105392,0,0,1,13,False,0,0,2,0,True,False,40,50,200,3000.0,[],False,0,0,0,0,Wallace,Pesquisador,,[]
105395,1,0,18900000,0,1,10002,NPC_Name_105393,NPC_Title_105393,0,0,1,13,False,0,0,2,0,True,False,40,50,200,3000.0,[],False,0,0,0,0,Cajado,Agente de Inteligência,,[]
105401,1,0,17510010,0,1,10002,NPC_Name_105401,NPC_Title_105401,0,0,1,13,False,0,0,2,0,True,False,40,50,200,3000.0,[],False,0,0,0,0,Nika,Corretor de Mercenários,,[]
105402,1,0,17420000,1,1,10002,NPC_Name_105402,NPC_Title_105402,0,0,1,13,False,0,0,2,0,True,False,50,130,200,5000.0,"[7003401,7003402,7003403,7003404,7003405]",False,0,0,0,0,Terin,Patrulha,,[]
105403,1,0,17530000,0,1,10002,NPC_Name_105403,NPC_Title_105402,0,0,1,13,False,0,0,2,0,True,False,40,50,200,3000.0,[],False,0,0,0,0,Khan,Patrulha,,[]
105404,1,0,18400000,0,1,10002,NPC_Name_105404,NPC_Title_105402,0,0,1,13,False,0,0,2,0,True,False,40,50,200,3000.0,[],False,0,0,0,0,Billy,Patrulha,,[]
105405,1,0,17141011,0,1,10002,NPC_Name_105405,NPC_Title_105405,0,0,1,13,False,0,0,2,0,True,False,40,50,200,3000.0,[],False,0,0,0,0,Weiss,Pesquisador Fugitivo,,[]
105406,1,0,17010000,100019,1,10002,NPC_Name_100201,NPC_Title_105406,0,0,1,13,False,0,0,2,0,True,False,40,50,200,3000.0,"[7002201,7002202,7002203]",False,0,0,0,0,Bigbass,Mercenário Veterano,,[]
105407,1,0,18410000,0,1,10002,NPC_Name_105407,NPC_Title_105402,0,0,1,13,False,0,0,2,0,True,False,40,50,200,3000.0,[],False,0,0,0,0,Magnus,Patrulha,,[]
105408,1,0,17450000,0,1,10002,NPC_Name_105408,NPC_Title_105402,0,0,1,13,False,0,0,2,0,True,False,40,50,200,3000.0,[],False,0,0,0,0,Kyle,Patrulha,,[]
105409,1,0,17460000,0,1,10002,NPC_Name_105409,NPC_Title_105402,0,0,1,13,False,0,0,2,0,True,False,40,50,200,3000.0,[],False,0,0,0,0,Crabbe,Patrulha,,[]
105410,1,0,17140000,0,1,10002,NPC_Name_105410,NPC_Title_105405,0,0,1,13,False,0,0,2,0,True,False,40,50,200,3000.0,[],False,0,0,0,0,Iosef,Pesquisador Fugitivo,,[]
105411,1,0,30080000,0,1,10002,,,0,0,1,13,True,0,0,2,0,True,False,40,50,200,3000.0,[],False,0,1,0,0,,,,[]
105412,1,0,30080000,0,1,10002,,,0,0,1,13,True,0,0,2,0,True,False,40,50,200,3000.0,[],False,0,1,0,0,,,,[]
105491,1,0,19036000,0,1,10002,NPC_Name_105491,NPC_Title_105491,0,0,1,0,False,0,0,2,0,True,False,40,50,200,3000.0,[],False,0,0,0,0,Myers,Agente,,[]
105501,1,0,30050000,0,1,10002,,,0,0,1,13,False,0,0,2,0,True,False,40,50,200,3000.0,[],False,0,0,0,0,,,,[]
105504,1,0,17380000,0,1,10002,NPC_Name_105504,NPC_Title_105504,0,0,1,0,False,0,0,2,0,True,False,40,50,200,3000.0,[],False,0,0,0,0,Nekaran,Guilda de Mercadores de Nekaran,,[]
105505,1,0,17470000,0,1,10002,NPC_Name_105505,NPC_Title_105505,0,0,1,0,False,0,0,2,0,True,False,40,50,200,3000.0,[],False,0,0,0,0,Shranka,Morador de Favela,,[]
105506,1,0,17450000,0,1,10002,NPC_Name_105506,NPC_Title_105506,0,0,1,13,False,0,0,2,0,True,False,40,50,200,3000.0,[],False,0,0,0,0,Patrulha Norris,Guilda de Mercadores de Nekaran,,[]
105507,1,0,17660000,0,1,10002,NPC_Name_105507,,0,0,1,13,False,0,0,2,0,True,False,40,50,200,3000.0,[],False,0,0,0,0,,,,[]
105508,1,0,17630000,0,1,10002,NPC_Name_105508,,0,0,1,13,False,0,0,2,0,True,False,40,50,200,3000.0,[],False,0,0,0,0,,,,[]
105509,1,0,17640000,0,1,10002,NPC_Name_105509,,0,0,1,0,False,0,0,2,0,True,True,40,50,200,3000.0,[],False,0,0,0,0,,,,[]
105510,1,0,17780000,0,1,10002,NPC_Name_105510,NPC_Title_105510,0,0,1,0,False,0,0,2,0,True,False,40,50,200,3000.0,"[91010001,91010002,91010003]",False,0,0,0,0,Scalar Ion,Fantasma Vermelho,,[]
105511,1,0,17550000,0,1,10002,NPC_Name_105511,NPC_Title_105511,0,0,1,13,False,0,0,2,0,True,False,40,50,200,3000.0,[],False,0,0,0,0,Wuzo,Guilda de Mercadores de Nekaran,,[]
105512,1,0,30400009,0,1,10002,NPC_Name_105512,NPC_Title_105512,0,0,1,13,False,0,0,2,0,True,False,40,50,200,3000.0,[],False,0,0,0,0,Edgar Ferido,Morador de Favela,,[]
105513,1,0,17480000,0,1,10002,NPC_Name_105513,NPC_Title_105513,0,0,1,13,False,0,0,2,0,True,False,40,50,200,3000.0,[],False,0,0,0,0,Eva,Morador de Favela,,[]
105514,1,0,17470000,0,1,10002,NPC_Name_105514,NPC_Title_105514,0,0,1,13,False,0,0,2,0,True,False,40,50,200,3000.0,[],False,0,0,0,0,Tyric,Morador de Favela,,[]
105515,1,0,17780000,0,1,10002,NPC_Name_105515,NPC_Title_105515,0,0,1,0,False,0,0,2,0,True,False,40,50,200,3000.0,"[91010001,91010002,91010003]",False,0,0,0,0,Scalar Ion,Fantasma Vermelho,,[]
105516,1,0,17780000,0,1,10002,NPC_Name_105516,NPC_Title_105516,0,0,1,0,False,0,0,2,0,True,False,40,50,200,3000.0,"[91010001,91010002,91010003]",False,0,0,0,0,Scalar Ion,Fantasma Vermelho,,[]
105517,1,0,17550000,0,1,10002,NPC_Name_105517,,0,0,1,0,False,0,0,2,0,True,False,40,50,200,3000.0,[],False,0,1,0,0,,,,[]
105518,1,0,17560000,0,1,10002,NPC_Name_105518,,0,0,1,0,False,0,0,2,0,True,False,40,50,200,3000.0,[],False,0,1,0,0,,,,[]
105519,1,0,30880001,0,1,10002,NPC_Name_105519,,0,0,1,0,False,0,0,2,0,True,False,40,50,200,3000.0,[],False,0,1,0,0,,,,[]
105520,1,0,30880000,0,1,10002,NPC_Name_105520,,0,0,1,0,False,0,0,2,0,True,False,40,50,200,3000.0,[],False,0,1,0,0,,,,[]
105521,1,0,17490000,0,1,10002,NPC_Name_105521,,0,0,1,0,False,0,0,2,0,True,False,40,50,200,3000.0,[],False,0,1,0,0,,,,[]
105522,1,0,17500000,0,1,10002,NPC_Name_105522,,0,0,1,0,False,0,0,2,0,True,False,40,50,200,3000.0,[],False,0,1,0,0,,,,[]
105523,1,0,17550000,0,1,10002,NPC_Name_105523,NPC_Title_105523,0,0,1,13,False,0,0,2,0,True,False,40,50,200,3000.0,[],False,0,0,0,0,Alloon,Guilda de Mercadores de Nekaran,,[]
105524,1,0,17470000,0,1,10002,NPC_Name_105524,NPC_Title_105524,0,0,1,13,False,0,0,2,0,True,False,40,50,200,3000.0,[],False,0,0,0,0,Lúdico,Morador de Favela,,[]
105525,1,0,17500000,0,1,10002,NPC_Name_105525,NPC_Title_105525,0,0,1,13,False,0,0,2,0,True,False,40,50,200,3000.0,[],False,0,0,0,0,Metz,Morador de Favela,,[]
105526,1,0,17520000,0,1,10002,NPC_Name_105526,NPC_Title_105526,0,0,1,13,False,0,0,2,0,True,False,40,50,200,3000.0,[],False,0,0,0,0,Niesen,Morador de Favela,,[]
105527,1,0,17510000,0,1,10002,NPC_Name_105527,NPC_Title_105527,0,0,1,13,False,0,0,2,0,True,False,40,50,200,3000.0,[],False,0,0,0,0,Ulrich,Morador de Favela,,[]
105551,1,0,18980000,0,1,10002,NPC_Name_105551,NPC_Title_105551,0,0,1,13,False,0,0,2,0,True,False,40,50,200,3000.0,[],False,0,0,0,0,Gunter,Sacerdote em Treinamento,,[]
105552,1,0,17540000,0,1,10002,NPC_Name_105552,,0,0,1,13,False,0,0,2,0,True,False,40,50,200,3000.0,[],False,0,0,0,0,Steiner 221,,,[]
105553,1,0,17620000,0,1,10002,NPC_Name_105553,NPC_Title_105553,0,0,1,13,False,0,0,2,0,True,False,40,50,200,3000.0,[],False,0,0,0,0,Timothy,Agente,,[]
105554,1,0,18800010,1,1,10002,NPC_Name_105554,NPC_Title_105554,0,0,1,13,False,0,0,2,0,True,False,40,60,200,30000.0,"[7013701,7013702]",False,0,0,0,0,Klion,Caçador,,[]
105555,1,0,18630000,0,1,10002,NPC_Name_105555,NPC_Title_105555,0,0,1,13,False,0,0,2,0,True,False,40,50,200,3000.0,[],False,0,0,0,0,Pyra,Sacerdote,,[]
105556,1,0,17540000,0,1,10002,NPC_Name_105556,,0,0,1,13,False,0,0,2,0,True,False,40,50,200,3000.0,[],False,0,0,0,0,Steiner 1988,,,[]
105557,1,0,18670013,0,1,10002,NPC_Name_105557,NPC_Title_105557,0,0,1,13,False,0,0,2,0,True,False,40,50,200,3000.0,[],False,0,0,0,0,Brennan,Líder da Equipe de Gestão de Segurança,,[]
105558,1,0,31160000,0,1,0,NPC_Name_105558,,0,0,1,0,True,0,0,2,0,True,False,0,50,200,3000.0,[],False,0,1,0,0,Pegadas de Gunter,,,[]
105559,1,0,18870010,0,1,10002,NPC_Name_105559,,0,0,1,13,False,0,0,2,0,True,False,40,50,200,3000.0,[],False,0,1,0,0,Membro da Equipe de Segurança,,,[]
105601,1,0,17480000,0,1,10002,NPC_Name_105601,NPC_Title_105605,0,0,1,13,False,0,0,2,0,True,False,40,50,200,3000.0,[],False,0,0,0,0,Lil,Corretor Accretia,,[]
105602,1,0,17520000,0,1,10002,NPC_Name_105602,NPC_Title_105605,0,0,1,13,False,0,0,2,0,True,False,40,50,200,3000.0,[],False,0,0,0,0,Larace,Corretor Accretia,,[]
105603,1,0,17510000,0,1,10002,NPC_Name_105603,NPC_Title_105605,0,0,1,13,False,0,0,2,0,True,False,40,50,200,3000.0,[],False,0,0,0,0,Ralph,Corretor Accretia,,[]
105604,1,0,17470000,0,1,10002,NPC_Name_105604,NPC_Title_105605,0,0,1,13,False,0,0,2,0,True,False,40,50,200,3000.0,[],False,0,0,0,0,Lucas,Corretor Accretia,,[]
105605,1,0,17170000,0,1,10002,NPC_Name_105605,NPC_Title_105605,0,0,1,0,False,0,0,2,0,True,False,40,40,180,3000.0,[],False,122606,0,0,0,Zizelon Earhart,Corretor Accretia,,[]
105606,1,0,17500000,0,1,10002,NPC_Name_105606,NPC_Title_105605,0,0,1,0,False,0,0,2,0,True,False,40,40,180,3000.0,[],False,0,0,0,0,Kibbler,Corretor Accretia,,[]
105607,1,0,17490000,0,1,10002,NPC_Name_105607,NPC_Title_105605,0,0,1,0,False,0,0,2,0,True,False,40,40,180,3000.0,[],False,0,0,0,0,Guerreiro,Corretor Accretia,,[]
105608,1,0,17010000,0,1,10002,NPC_Name_105608,NPC_Title_105608,0,0,1,0,False,0,0,2,0,True,False,40,40,180,3000.0,[],False,101301,0,0,0,Bigbass,Mercenário Veterano,,[]
105691,1,0,17370000,0,1,10002,NPC_Name_105691,NPC_Title_105691,0,0,1,0,False,0,0,2,0,True,False,40,50,200,3000.0,[],False,0,0,0,0,Maya,Agente Kairax,,[]
105701,1,0,17411112,0,1,10002,NPC_Name_105701,NPC_Title_105701,0,0,1,13,False,0,0,2,0,True,False,40,50,200,3000.0,[],False,0,0,0,0,McCoy,Oficial de Treinamento,,[]
105702,1,0,17421100,0,1,10002,NPC_Name_105702,NPC_Title_105702,0,0,1,13,False,0,0,2,0,True,False,40,50,200,3000.0,[],False,0,0,0,0,Marion,Soldado Avançado,,[]
105703,1,0,17560000,0,1,10002,NPC_Name_105703,NPC_Title_105703,0,0,1,0,False,0,0,2,0,True,False,40,50,200,3000.0,[],False,0,0,0,0,Archie,Recruta do Exército,,[]
105704,1,0,17411100,0,1,10002,NPC_Name_105704,NPC_Title_105704,0,0,1,13,False,0,0,2,0,True,False,40,50,200,3000.0,[],False,0,0,0,0,David,Soldado Avançado,,[]
105705,1,0,17411110,0,1,10002,NPC_Name_105705,NPC_Title_105705,0,0,1,13,False,0,0,2,0,True,False,40,50,200,3000.0,[],False,0,0,0,0,Logan,Recruta do Exército,,[]
105706,1,0,17140000,0,1,10002,NPC_Name_105706,NPC_Title_105706,0,0,1,13,False,0,0,2,0,True,False,40,50,200,3000.0,[],False,0,0,0,0,Lennon,Pesquisador Kairax,,[]
105707,1,0,17411110,0,1,10002,NPC_Name_105705,NPC_Title_105707,0,0,1,13,False,0,0,2,0,True,False,40,50,200,3000.0,[],False,0,0,0,0,Logan,Soldado Avançado,,[]
105708,1,0,17141000,0,1,10002,NPC_Name_105708,NPC_Title_105708,0,0,1,13,False,0,0,2,0,True,False,40,50,200,3000.0,[],False,0,0,0,0,Kenny,Pesquisador Júnior,,[]
105709,1,0,17411113,0,1,10002,NPC_Name_105709,NPC_Title_105709,0,0,1,13,False,0,0,2,0,True,False,40,50,200,3000.0,[],False,0,0,0,0,Thompson,Soldado Avançado,,[]
105710,1,0,17300000,0,1,10002,,,0,0,1,13,False,0,0,2,0,True,False,40,50,200,3000.0,[],False,0,1,0,0,,,,[]
105711,1,0,18510000,0,1,10002,,,0,0,1,13,False,0,0,2,0,True,False,40,50,200,3000.0,[],False,0,1,0,0,,,,[]
105712,1,0,17421100,0,1,10002,,,0,0,1,13,False,0,0,2,0,True,False,40,50,200,3000.0,[],False,0,1,0,0,,,,[]
105713,1,0,18520000,0,1,10002,,,0,0,1,13,False,0,0,2,0,True,False,40,50,200,3000.0,[],False,0,1,0,0,,,,[]
105714,1,0,18510000,0,1,10002,,,0,0,1,13,False,0,0,2,0,True,False,40,50,200,3000.0,[],False,0,1,0,0,,,,[]
105715,1,0,18510000,0,1,10002,,,0,0,1,13,False,0,0,2,0,True,False,40,50,200,3000.0,[],False,0,1,0,0,,,,[]
105721,1,0,18400001,0,1,10002,,,0,0,1,13,False,0,0,2,0,True,False,40,50,200,3000.0,[],False,0,1,0,0,,,,[]
105722,1,0,18410001,0,1,10002,,,0,0,1,13,False,0,0,2,0,True,False,40,50,200,3000.0,[],False,0,1,0,0,,,,[]
105723,1,0,18510000,0,1,10002,,,0,0,1,13,False,0,0,2,0,True,False,40,50,200,3000.0,[],False,0,1,0,0,,,,[]
105724,1,0,18520000,0,1,10002,,,0,0,1,13,False,0,0,2,0,True,False,40,50,200,3000.0,[],False,0,1,0,0,,,,[]
105801,17,0,18660000,0,1,10002,NPC_Name_105801,NPC_Title_105801,0,0,1,13,False,0,0,2,0,True,False,40,50,200,3000.0,[],False,0,0,0,0,Jacky,Engenheiro Líder,,[]
105802,17,0,18670000,0,1,10002,NPC_Name_105802,NPC_Title_105802,0,0,1,13,False,0,0,2,0,True,False,40,50,200,3000.0,[],False,0,0,0,0,Gran,Engenheiro em Treinamento,,[]
105803,17,0,18990003,0,1,10002,NPC_Name_105803,NPC_Title_105803,0,0,1,13,False,0,0,2,0,True,False,40,40,200,3000.0,[],False,0,0,0,0,Redtail,Criminoso Procurado,,[]
105804,17,0,18990003,0,1,10002,NPC_Name_105804,NPC_Title_105804,0,0,1,13,False,0,0,2,0,True,False,40,40,200,3000.0,[],False,0,0,0,0,Redtail,Criminoso Procurado,,[]
105805,17,0,17620000,0,1,10002,NPC_Name_105805,NPC_Title_105805,0,0,1,13,False,0,0,2,0,True,False,40,40,200,3000.0,[],False,0,0,0,0,George,Engenheiro em Treinamento,,[]
105806,17,0,17320000,0,1,10002,NPC_Name_105806,NPC_Title_105806,0,0,1,13,False,0,0,2,0,True,False,40,40,200,3000.0,[],False,0,0,0,0,Ada,Apotecário,,[]
105807,17,0,17320000,0,1,10002,NPC_Name_105807,NPC_Title_105807,0,0,1,13,False,0,0,2,0,True,False,40,40,200,3000.0,[],False,0,0,0,0,Ada,Boticário,,[]
105808,17,0,17630011,0,1,10002,NPC_Name_105808,NPC_Title_105808,0,0,1,13,False,0,0,2,0,True,False,40,40,200,3000.0,[],False,0,0,0,0,Russell,Engenheiro em Treinamento,,[]
105809,17,0,17221002,0,1,10002,NPC_Name_105809,NPC_Title_105809,0,0,1,13,False,0,0,2,0,True,False,40,40,200,3000.0,[],False,0,0,0,0,James,Piloto Bellato,,[]
105810,17,0,17650000,0,1,10002,,,0,0,1,0,False,0,0,2,0,False,False,40,50,200,3000.0,[],False,0,1,0,0,,,,[]
105811,17,0,17320000,0,1,10002,NPC_Name_105811,NPC_Title_105811,0,0,1,13,False,0,0,2,0,True,False,40,40,200,3000.0,[],False,0,0,0,0,Ada,Apotecário,,[]
105812,17,0,18990003,0,1,10002,NPC_Name_105812,NPC_Title_105812,0,0,1,13,False,0,0,2,0,True,False,40,40,200,3000.0,[],False,0,0,0,0,Redtail,Criminoso Procurado,,[]
105901,12,0,18990003,0,1,10002,NPC_Name_105901,NPC_Title_105901,0,0,1,13,False,0,0,2,0,True,False,40,50,200,3000.0,[7009901],False,0,0,0,0,Redtail,Prisioneiro,,[]
105902,12,0,17000000,0,1,10002,NPC_Name_105902,NPC_Title_105902,0,0,1,13,True,0,0,2,0,True,False,40,50,200,3000.0,[],False,0,0,0,0,Inez Allen,Mercenários Supremos,,[]
105903,12,0,17190001,0,1,10002,NPC_Name_105903,NPC_Title_105903,0,0,1,13,False,0,0,2,0,True,False,40,50,200,3000.0,[],False,0,0,0,0,Strus,Prisioneiro,,[]
105904,12,0,18880000,220,1,10002,NPC_Name_105904,NPC_Title_105904,0,0,1,13,True,0,0,2,0,True,False,40,50,200,3000.0,[7009901],False,0,0,0,0,Elena,Mercenários Supremos,,[]
105905,12,0,18820001,1,1,10002,NPC_Name_105905,NPC_Title_105905,0,0,1,13,True,0,0,2,0,True,False,40,50,200,3000.0,[7002501],False,0,0,0,0,Dane Whitaker,Mercenários Supremos,,[]
105906,12,0,17020002,34,105906,10002,NPC_Name_105906,NPC_Title_105906,0,0,1,0,True,0,0,2,0,True,False,40,50,200,30000.0,"[7002001,7002002]",False,0,0,0,0,Sheera Lumen,Comandante Interino,,[]
105907,12,0,17221010,1,1,10002,NPC_Name_105907,NPC_Title_105907,0,0,1,13,True,0,0,2,0,True,False,40,50,200,3000.0,[7002501],False,0,0,0,0,Collin,Defensor da Armory,,[]
105908,12,0,17220000,219,1,10002,NPC_Name_105908,NPC_Title_105908,0,0,1,13,True,0,0,2,0,True,False,40,50,200,3000.0,[7009901],False,0,0,0,0,Guaxinim,Defensor da Armaria,,[]
105909,12,0,18820001,34,1,10002,NPC_Name_105905,NPC_Title_105905,0,0,1,13,True,0,0,2,0,True,False,40,50,200,3000.0,"[7002001,7002002]",False,0,0,0,0,Dane Whitaker,Mercenários Supremos,,[]
105910,12,0,17221000,34,1,10002,NPC_Name_105907,NPC_Title_105907,0,0,1,13,True,0,0,2,0,True,False,40,50,200,3000.0,"[7002001,7002002]",False,0,0,0,0,Collin,Defensor da Armory,,[]
105911,12,0,17020000,34,1,10002,NPC_Name_105906,NPC_Title_105906,0,0,1,13,True,0,0,2,0,True,False,40,50,200,3000.0,"[7002001,7002002]",False,0,0,0,0,Sheera Lumen,Comandante Interino,,[]
105912,12,0,30080000,0,1,10002,NPC_Name_105906,NPC_Title_105906,0,0,1,13,True,0,0,2,0,True,False,40,50,200,3000.0,"[7002001,7002002]",False,0,0,0,0,Sheera Lumen,Comandante Interino,,[]
105913,12,0,17020000,34,1,10002,NPC_Name_105906,NPC_Title_105906,0,0,1,13,True,0,0,2,0,True,False,40,50,200,3000.0,"[7002001,7002002]",False,0,0,0,0,Sheera Lumen,Comandante Interino,,[]
105914,12,0,17221010,34,1,10002,NPC_Name_105907,NPC_Title_105907,0,0,1,13,True,0,0,2,0,True,False,40,50,200,3000.0,"[7002001,7002002]",False,0,0,0,0,Collin,Defensor da Armory,,[]
105915,12,0,30080000,0,1,10002,NPC_Name_105905,NPC_Title_105905,0,0,1,13,True,0,0,2,0,True,False,40,50,200,3000.0,"[7002001,7002002]",False,0,0,0,0,Dane Whitaker,Mercenários Supremos,,[]
105916,12,0,17020000,34,1,10002,NPC_Name_105906,NPC_Title_105906,0,0,1,13,True,0,0,2,0,True,False,40,50,200,3000.0,"[7002001,7002002]",False,0,0,0,0,Sheera Lumen,Comandante Interino,,[]
105917,12,0,17020002,34,105917,10002,NPC_Name_105906,NPC_Title_105906,0,0,1,0,False,0,0,2,0,True,False,40,35,200,30000.0,"[7002001,7002002]",True,0,0,0,0,Sheera Lumen,Comandante Interino,,[]
105918,12,0,17220000,219,1,10002,NPC_Name_105918,NPC_Title_105918,0,0,1,13,True,0,0,2,0,True,False,40,50,200,3000.0,[7009901],False,0,0,0,0,Vaca,Patrulha da Armaria,,[]
105919,12,0,17000000,0,1,10002,NPC_Name_105902,NPC_Title_105902,0,0,1,13,True,0,0,2,0,True,False,40,50,200,3000.0,[],True,0,0,0,0,Inez Allen,Mercenários Supremos,,[]
105920,12,0,30080000,0,1,10002,NPC_Name_105902,NPC_Title_105902,0,0,1,13,True,0,0,2,0,True,False,40,50,200,3000.0,[],False,0,0,0,0,Inez Allen,Mercenários Supremos,,[]
105921,12,0,30080000,0,1,10002,NPC_Name_105906,NPC_Title_105906,0,0,1,0,True,0,0,2,0,True,False,40,50,200,30000.0,"[7002001,7002002]",False,0,0,0,0,Sheera Lumen,Comandante Interino,,[]
105922,12,0,17020000,34,1,10002,NPC_Name_105906,NPC_Title_105906,0,0,1,13,True,0,0,2,0,True,False,40,50,200,3000.0,"[7002001,7002002]",False,0,0,0,0,Sheera Lumen,Comandante Interino,,[]
105923,12,0,17580000,0,1,10002,NPC_Name_105923,NPC_Title_105923,0,0,1,13,True,0,0,2,0,True,False,40,50,200,3000.0,[],False,0,0,0,0,Renuen,Médico da Armaria,,[]
105924,12,0,17000000,0,1,10002,NPC_Name_105902,NPC_Title_105902,0,0,1,13,True,0,0,2,0,True,False,40,50,200,3000.0,[],False,0,0,0,0,Inez Allen,Mercenários Supremos,,[]
105925,12,0,17000003,0,1,10002,NPC_Name_105902,NPC_Title_105902,0,0,1,13,True,0,0,2,0,True,False,40,50,200,3000.0,[],True,105919,0,0,0,Inez Allen,Mercenários Supremos,,[]
105926,12,0,18660000,0,1,10002,,,0,0,1,13,True,0,0,2,0,True,False,40,50,200,3000.0,[],False,0,0,0,0,,,,[]
105927,12,0,18670000,0,1,10002,,,0,0,1,13,True,0,0,2,0,True,False,40,50,200,3000.0,[],False,0,0,0,0,,,,[]
105928,12,0,18820001,34,1,10002,NPC_Name_105905,NPC_Title_105905,0,0,1,13,False,0,0,2,0,True,False,40,50,200,3000.0,"[7002001,7002002]",True,0,0,0,0,Dane Whitaker,Mercenários Supremos,,[]
105929,12,0,18820001,18820000,1,10002,NPC_Name_105905,NPC_Title_105905,0,0,1,13,True,0,0,2,0,True,False,40,50,200,30000.0,"[81010001,81010002,81010003]",True,105928,0,0,0,Dane Whitaker,Mercenários Supremos,,[]
105930,12,0,17220000,219,1,10002,NPC_Name_105908,NPC_Title_105908,0,0,1,0,True,0,0,2,0,True,True,40,50,200,30000.0,[7009901],True,105936,0,0,0,Guaxinim,Defensor da Armaria,,[]
105931,12,0,17220000,219,1,10002,NPC_Name_105918,NPC_Title_105918,0,0,1,0,True,0,0,2,0,True,True,40,50,200,30000.0,[7009901],True,105937,0,0,0,Vaca,Patrulha da Armaria,,[]
105932,12,0,10810000,1,1,10002,,,0,0,1,13,True,0,0,2,0,True,False,40,50,200,3000.0,"[7012401,7012402]",False,0,0,0,0,,,,[]
105933,12,0,30543000,0,1,10002,,,0,0,1,13,True,0,0,2,0,True,False,20,50,200,3000.0,[],False,0,0,0,0,,,,[]
105934,12,0,17220000,219,1,10002,,,0,0,1,13,True,0,0,2,0,True,False,40,50,200,3000.0,[7009901],False,0,0,0,0,,,,[]
105935,12,0,18820001,34,1,10002,NPC_Name_105905,NPC_Title_105905,0,0,1,13,True,0,0,2,0,True,False,40,50,200,3000.0,"[7002001,7002002]",True,105929,0,0,0,Dane Whitaker,Mercenários Supremos,,[]
105936,12,0,17220000,219,1,10002,NPC_Name_105908,NPC_Title_105908,0,0,1,13,True,0,0,2,0,True,False,40,50,200,3000.0,[7009901],True,0,0,0,0,Guaxinim,Defensor da Armaria,,[]
105937,12,0,17220000,219,1,10002,NPC_Name_105918,NPC_Title_105918,0,0,1,13,True,0,0,2,0,True,False,40,50,200,3000.0,[7009901],True,0,0,0,0,Vaca,Patrulha da Armaria,,[]
105938,12,0,17220000,219,1,10002,,,0,0,1,0,True,0,0,2,0,True,True,40,50,200,1000.0,[7009901],False,0,0,0,0,,,,[]
105939,12,0,17020000,34,1,10002,NPC_Name_105906,NPC_Title_105906,0,0,1,13,True,0,0,2,0,True,False,40,50,200,3000.0,"[7002001,7002002]",False,0,0,0,0,Sheera Lumen,Comandante Interino,,[]
105940,12,0,30080000,0,1,10002,,,0,0,1,0,True,0,0,2,0,False,False,40,50,200,3000.0,[],False,0,0,0,0,,,,[]
105941,12,0,30540001,0,1,10002,,,0,0,1,13,True,0,0,2,0,True,False,20,50,200,3000.0,[],False,0,0,0,0,,,,[]
105942,12,0,17170002,0,1,10002,NPC_Name_105942,NPC_Title_105942,0,0,1,13,True,0,0,2,0,True,False,20,50,200,3000.0,[],False,0,0,0,0,Zizelon Earhart,Civiliano Abandonado,,[]
105943,12,0,10833001,1,105943,10002,NPC_Name_105943,NPC_Title_105943,0,0,1,13,False,0,2,2,0,True,True,40,50,200,3000.0,[],True,0,0,0,0,RD - Drone de Reconhecimento,Logística Beltran,,[]
105944,12,0,17220000,219,1,10002,NPC_Name_105908,NPC_Title_105908,0,0,1,13,True,0,0,2,0,True,False,40,50,200,3000.0,[7009901],False,105930,0,0,0,Guaxinim,Defensor da Armaria,,[]
105945,12,0,17220000,219,1,10002,NPC_Name_105918,NPC_Title_105918,0,0,1,13,True,0,0,2,0,True,False,40,50,200,3000.0,[7009901],False,105931,0,0,0,Vaca,Patrulha da Armaria,,[]
105946,12,0,10833001,0,105943,1588,NPC_Name_105943,NPC_Title_105943,0,0,1,0,True,0,0,2,0,True,True,40,50,200,3000.0,[],True,105943,0,0,0,RD - Drone de Reconhecimento,Logística Beltran,,[]
105947,12,0,10811000,1,1,10002,,,0,0,1,13,True,0,0,2,0,True,False,40,50,200,3000.0,"[7012501,7012502]",False,0,0,0,0,,,,[]
105948,12,0,17220000,219,1,10002,,,0,0,1,13,True,0,0,2,0,True,False,40,50,200,3000.0,[7009901],False,0,0,0,0,,,,[]
105949,12,0,17220000,219,1,10002,,,0,0,1,0,True,0,0,2,0,True,True,40,50,200,1000.0,[7009901],False,0,0,0,0,,,,[]
105950,12,0,30080000,0,1,10002,,,0,0,1,0,True,0,0,2,0,False,False,40,50,200,3000.0,[],False,0,0,0,0,,,,[]
105951,12,0,17220000,219,1,10002,,,0,0,1,0,True,0,0,2,0,True,True,40,50,200,1000.0,[7009901],False,0,0,0,0,,,,[]
105952,12,0,17220000,219,1,10002,,,0,0,1,0,True,0,0,2,0,True,True,40,50,200,1000.0,[7009901],False,0,0,0,0,,,,[]
105953,12,0,17220000,219,1,10002,,,0,0,1,0,True,0,0,2,0,True,True,40,50,200,1000.0,[7009901],False,0,0,0,0,,,,[]
105954,12,0,17190002,0,1,10002,NPC_Name_105954,NPC_Title_105954,0,0,1,0,False,0,0,2,0,False,False,35,200,200,3000.0,[],False,0,0,0,0,Strus,Comandante Silverhorn,,[]
105955,12,0,10690004,0,1,10002,,,0,0,1,0,False,0,0,2,0,False,False,35,200,200,3000.0,[],False,0,0,0,0,,,,[]
105956,12,0,10692003,0,1,10002,,,0,0,1,0,False,0,0,2,0,False,False,35,200,200,3000.0,[],False,0,0,0,0,,,,[]
105957,12,0,17220002,219,1,10002,,,0,0,1,0,True,0,0,2,0,False,False,40,50,200,1000.0,[7009901],False,0,0,0,0,,,,[]
105958,12,0,17220000,219,1,10002,,,0,0,1,0,True,0,0,2,1,True,True,40,50,200,1000.0,[7009901],False,0,0,0,0,,,,[]
105959,12,0,17640000,0,1,10002,,,0,0,1,13,True,0,0,2,0,True,False,20,50,200,3000.0,[],False,0,0,0,0,,,,[]
105960,12,0,17650000,0,1,10002,,,0,0,1,13,True,0,0,2,0,True,False,20,50,200,3000.0,[],False,0,0,0,0,,,,[]
105970,11,0,17020000,0,1,10002,NPC_Name_105970,NPC_Title_105970,0,0,1,0,True,0,0,2,0,True,False,40,35,200,3000.0,"[7002001,7002002]",False,0,0,0,0,Sheera Lumen,Comandante Interino,,[]
105971,11,0,17020002,34,1,10002,NPC_Name_105971,NPC_Title_105971,0,0,1,0,True,0,0,2,0,True,False,40,35,200,10000.0,"[7002001,7002002]",True,105970,0,0,0,Sheera Lumen,Comandante Interino,,[]
105975,11,0,18750000,1,1,10002,NPC_Name_105975,,0,0,1,0,True,0,0,2,1,True,True,40,60,200,3000.0,"[7013201,7013202]",True,0,1,0,0,Oficial de Segurança Beltran,,,[]
105976,11,0,18760000,0,1,10002,NPC_Name_105976,,0,0,1,0,True,0,0,2,1,True,True,40,100,200,3000.0,[7013301],True,0,1,0,0,Oficial de Segurança Beltran,,,[]
105977,11,0,18770000,1,1,10002,NPC_Name_105977,,0,0,1,0,True,0,0,2,1,True,True,40,50,200,3000.0,"[7013401,7013402]",False,0,1,0,0,Oficial de Segurança Beltran,,,[]
105978,11,0,18750000,1,1,10002,,,0,0,1,0,True,0,0,2,1,True,True,40,60,200,3000.0,"[7013201,7013202]",False,0,1,0,0,,,,[]
105979,11,0,18760000,0,1,10002,,,0,0,1,0,True,0,0,2,1,True,True,40,100,200,3000.0,[7013301],False,0,1,0,0,,,,[]
105980,11,0,18770000,1,1,10002,,,0,0,1,0,True,0,0,2,1,True,True,40,50,200,3000.0,"[7013401,7013402]",False,0,1,0,0,,,,[]
105981,11,0,17170002,1,1,10002,NPC_Name_105981,NPC_Title_105981,0,0,1,0,True,0,0,2,0,True,False,40,60,200,15000.0,[],False,0,0,0,0,Zizelon Earhart,Civiliano Abandonado,,[]
105982,11,0,30540001,0,1,10002,NPC_Name_105982,NPC_Title_105982,0,0,1,0,True,0,0,2,0,True,False,40,100,200,15000.0,[],False,0,1,0,0,Refugiado,Civiliano Abandonado,,[]
105983,11,0,17640000,0,1,10002,NPC_Name_105983,NPC_Title_105983,0,0,1,0,True,0,0,2,0,True,False,40,50,200,15000.0,[],False,0,1,0,0,Refugiado,Civil Civilian,,[]
105984,11,0,18880001,0,1,10002,NPC_Name_105984,NPC_Title_105984,0,0,1,0,True,0,0,2,0,True,False,40,60,200,15000.0,[],False,0,0,0,0,Jade,Civil Civiliano Abandonado,,[]
105985,11,0,17630000,0,1,10002,NPC_Name_105985,NPC_Title_105985,0,0,1,0,True,0,0,2,0,True,False,40,100,200,15000.0,[],False,0,1,0,0,Refugiado,Civiliano Abandonado,,[]
105991,11,0,30080000,0,1,10002,,,0,0,1,13,True,0,0,2,0,False,False,40,50,200,3000.0,[],False,0,1,0,0,,,,[]
105992,11,0,30080000,0,1,10002,,,0,0,1,13,True,0,0,2,0,False,False,40,50,200,3000.0,[],False,0,1,0,0,,,,[]
105993,11,0,30080000,0,1,10002,,,0,0,1,13,True,0,0,2,0,False,False,40,50,200,3000.0,[],False,0,1,0,0,,,,[]
105994,11,0,30080000,0,1,10002,,,0,0,1,13,True,0,0,2,0,False,False,40,50,200,3000.0,[],False,0,1,0,0,,,,[]
106001,1,0,17141000,0,1,10002,NPC_Name_106001,NPC_Title_106001,0,0,1,13,False,0,0,2,0,True,False,40,50,200,3000.0,[],False,0,0,0,0,Cherina,Pesquisador Despachado,,[]
106002,1,0,17600000,0,1,10002,NPC_Name_106002,NPC_Title_106002,0,0,1,13,False,0,0,2,0,True,False,40,50,200,3000.0,[],False,0,0,0,0,Bloid,Jornalista Bellato,,[]
106003,1,0,18870001,0,1,10002,NPC_Name_106003,NPC_Title_106003,0,0,1,0,False,0,0,2,0,True,False,40,50,200,3000.0,[],False,0,0,0,0,Clipper,Investigador de Campo,,[]
106004,1,0,18870001,0,1,10002,NPC_Name_106004,NPC_Title_106004,0,0,1,13,False,0,0,2,0,True,False,40,50,200,3000.0,[],False,0,0,0,0,Clipper,Investigador de Campo,,[]
106005,1,0,17210000,0,1,10002,NPC_Name_106005,NPC_Title_106005,0,0,1,0,False,0,0,2,0,True,False,40,50,200,3000.0,[],False,0,0,0,0,Javier Marquez,Líder Supremo dos Mercenários,,[]
106006,1,0,17200000,0,1,10002,NPC_Name_106006,NPC_Title_106006,0,0,1,0,False,0,0,2,0,True,False,40,50,200,3000.0,[],False,0,0,0,0,Aquil Fassbender,Unidade Especial Bellato,,[]
106007,1,0,30400000,0,1,10002,NPC_Name_106007,NPC_Title_106007,0,0,1,13,False,0,0,2,0,True,False,40,50,200,3000.0,[],False,0,0,0,0,Decky,Investigador de Campo,,[]
106008,1,0,17141000,0,1,10002,NPC_Name_106008,NPC_Title_106008,0,0,1,13,False,0,0,2,0,True,False,40,50,200,3000.0,[],False,0,0,0,0,Amelia,Pesquisador Despachado,,[]
106009,1,0,17200000,0,1,10002,NPC_Name_106009,NPC_Title_106009,0,0,1,0,False,0,0,2,0,True,False,40,50,200,3000.0,[],False,0,0,0,0,Aquil Fassbender,Unidade Especial Bellato,,[]
106010,1,0,18750000,0,1,10002,,,0,0,1,13,False,0,0,2,0,True,False,40,50,200,3000.0,[],False,0,1,0,0,,,,[]
106011,1,0,18760000,0,1,10002,,,0,0,1,13,False,0,0,2,0,True,False,40,50,200,3000.0,[],False,0,1,0,0,,,,[]
106012,1,0,18750000,0,1,10002,NPC_Name_106012,NPC_Title_106012,0,0,1,13,False,0,0,2,0,True,False,40,50,200,3000.0,[],False,0,0,0,0,Blake,Unidade Especial Bellato,,[]
106013,1,0,18750000,0,1,10002,NPC_Name_106013,NPC_Title_106013,0,0,1,13,False,0,0,2,0,True,False,40,50,200,3000.0,[],False,0,0,0,0,Blake,Unidade Especial Bellato,,[]
106014,1,0,18870001,0,1,10002,NPC_Name_106014,NPC_Title_106014,0,0,1,13,False,0,0,2,0,True,False,40,50,200,3000.0,[],False,0,0,0,0,Damian,Investigador de Campo,,[]
106080,1,0,30080000,0,1,10002,,,0,0,1,0,True,0,0,2,0,False,False,40,50,200,3000.0,[],False,0,2,0,0,,,,[]
106091,1,0,17370000,0,1,10002,NPC_Name_106091,NPC_Title_106091,0,0,1,0,False,0,0,2,0,True,False,40,50,200,3000.0,[],False,0,0,0,0,Alan,Empreendedor,,[]
106092,1,0,17560000,0,1,10002,NPC_Name_106092,NPC_Title_106092,0,0,1,13,False,0,0,2,0,True,False,40,50,200,3000.0,[],False,0,0,0,0,Karen,Oficial do Departamento de Ecologia,,[]
106093,1,0,17600000,0,1,10002,NPC_Name_106093,NPC_Title_106093,0,0,1,13,False,0,0,2,0,True,False,40,50,200,3000.0,[],False,0,0,0,0,Phabein,Ecologista,,[]
106095,1,0,17141010,0,1,10002,NPC_Name_106095,NPC_Title_106095,0,0,1,13,False,0,0,2,0,True,False,40,50,200,3000.0,[],False,0,0,0,0,,Pesquisador Accretia,,[]
106096,1,0,17300000,0,1,10002,NPC_Name_106096,NPC_Title_106096,0,0,1,13,False,0,0,2,0,True,False,40,50,200,3000.0,[],False,0,0,0,0,Espantalho,Agente Kairax,,[]
106101,1,0,17200000,0,1,10002,NPC_Name_106101,NPC_Title_106101,0,0,1,13,False,0,0,2,0,True,False,40,50,200,3000.0,[],False,0,0,0,0,Aquil Fassbender,Unidade Especial Bellato,,[]
106102,1,0,17221002,0,1,10002,NPC_Name_106102,NPC_Title_106102,0,0,1,0,False,0,0,2,0,True,False,40,50,200,3000.0,[],False,0,0,0,0,Vasili,Investigador de Campo,,[]
106103,1,0,18750000,0,1,10002,NPC_Name_106103,NPC_Title_106103,0,0,1,13,False,0,0,2,0,True,False,40,50,200,3000.0,[],False,0,0,0,0,Stug,Investigador de Campo,,[]
106104,1,0,17220001,0,1,10002,NPC_Name_106104,NPC_Title_106104,0,0,1,0,False,0,0,2,0,True,False,35,200,200,3000.0,[],False,0,0,0,0,Romero,Investigador de Campo,,[]
106105,1,0,18870010,0,1,10002,NPC_Name_106105,NPC_Title_106105,0,0,1,0,False,0,0,2,0,True,False,35,200,200,3000.0,[],False,0,0,0,0,Jean,Investigador de Campo,,[]
106106,1,0,17220000,0,1,10002,NPC_Name_106106,NPC_Title_106106,0,0,1,13,False,0,0,2,0,True,False,40,50,200,3000.0,[],False,0,0,0,0,Romero,Investigador de Campo,,[]
106107,1,0,18870010,0,1,10002,NPC_Name_106107,NPC_Title_106107,0,0,1,13,False,0,0,2,0,True,False,40,50,200,3000.0,[],False,0,0,0,0,Jean,Investigador de Campo,,[]
106108,1,0,18750000,0,1,10002,NPC_Name_106108,NPC_Title_106108,0,0,1,13,False,0,0,2,0,True,False,40,50,200,3000.0,[],False,0,0,0,0,Blake,Unidade Especial Bellato,,[]
106109,1,0,17200000,0,1,10002,NPC_Name_106109,NPC_Title_106109,0,0,1,13,False,0,0,2,0,True,False,40,50,200,3000.0,[],False,124501,0,0,0,Aquil Fassbender,Unidade Especial Bellato,,[]
106110,1,0,18750000,0,1,10002,NPC_Name_106110,NPC_Title_106110,0,0,1,13,False,0,0,2,0,True,False,40,50,200,3000.0,[],False,124502,0,0,0,Blake,Unidade Especial Bellato,,[]
106111,1,0,18870001,0,1,10002,NPC_Name_106111,NPC_Title_106111,0,0,1,13,False,0,0,2,0,True,False,40,50,200,3000.0,[],False,0,0,0,0,Kaden,Pesquisador Despachado,,[]
106180,1,0,30080000,0,1,10002,NPC_Name_106180,NPC_Title_106180,0,0,1,0,True,0,0,2,0,False,False,40,50,200,3000.0,[],False,0,2,0,0,,Operador,,[]
106191,1,0,17140000,0,1,10002,NPC_Name_106191,NPC_Title_106191,0,0,1,13,False,0,0,2,0,True,False,40,50,200,3000.0,[],False,0,0,0,0,Richstein,Pesquisador Despachado,,[]
106192,1,0,17141010,0,1,10002,NPC_Name_106192,NPC_Title_106192,0,0,1,13,False,0,0,2,0,True,False,40,50,200,3000.0,[],False,0,0,0,0,Senikoff,Pesquisador Accretia,,[]
106201,20,0,17580010,0,1,10002,NPC_Name_106201,NPC_Title_106201,0,0,1,13,False,0,0,2,0,True,False,40,50,200,3000.0,[],True,123303,0,0,0,Howard,Magnata Local,,[]
106202,20,0,18770000,0,1,10002,NPC_Name_106202,NPC_Title_106202,0,0,1,13,False,0,0,2,0,True,False,40,50,200,3000.0,[],False,0,0,0,0,Juta,Exército Regular de Bellato,,[]
106203,20,0,17320000,0,1,10002,NPC_Name_106203,NPC_Title_106203,0,0,1,13,False,0,0,2,0,True,False,40,50,200,3000.0,[],False,0,0,0,0,Ada,Apotecário,,[]
106204,20,0,18750000,0,1,10002,NPC_Name_106204,NPC_Title_106204,0,0,1,0,False,0,0,2,0,True,False,40,50,200,3000.0,[],True,123304,0,0,0,Sieg,Exército Regular Bellato,,[]
106205,20,0,18990000,0,1,10002,NPC_Name_106205,NPC_Title_106205,0,0,1,13,False,0,0,2,0,True,False,40,50,200,3000.0,[],False,0,0,0,0,Redtail,Criminoso Procurado,,[]
106206,20,0,18990003,0,1,10002,NPC_Name_106206,NPC_Title_106206,0,0,1,13,False,0,0,2,0,True,False,40,50,200,3000.0,[],True,123203,0,0,0,Redtail,Criminoso Procurado,,[]
106207,20,0,18990003,0,1,10002,NPC_Name_106207,NPC_Title_106207,0,0,1,13,False,0,0,2,0,True,False,40,50,200,3000.0,[],False,0,0,0,0,Redtail,Criminoso Procurado,,[]
106208,20,0,17320000,0,1,10002,NPC_Name_106208,NPC_Title_106208,0,0,1,13,False,0,0,2,0,True,False,40,50,200,3000.0,[],False,0,0,0,0,Ada,Apotecário,,[]
106209,20,0,18990003,0,1,10002,NPC_Name_106209,NPC_Title_106209,0,0,1,13,False,0,0,2,0,True,False,40,50,200,3000.0,[],False,0,0,0,0,Redtail,Criminoso Procurado,,[]
106210,20,0,17630000,0,1,10002,,,0,0,1,0,False,0,0,2,0,False,False,40,50,200,3000.0,[],False,0,1,0,0,,,,[]
106211,20,0,17620000,0,1,10002,,,0,0,1,0,False,0,0,2,0,False,False,40,50,200,3000.0,[],False,0,1,0,0,,,,[]
106212,20,0,17190001,0,1,10002,NPC_Name_106212,NPC_Title_106212,0,0,1,13,False,0,0,2,0,True,False,35,200,200,3000.0,[],False,0,0,0,0,Strus,Prisioneiro,,[]
106213,20,0,17620001,0,1,10002,NPC_Name_106213,NPC_Title_106213,0,0,1,13,False,0,0,2,0,True,False,40,50,200,3000.0,[],False,0,0,0,0,Jayden,Civil da Velha Fronteira,,[]
106214,20,0,18750000,0,1,10002,NPC_Name_106214,NPC_Title_106214,0,0,1,13,False,0,0,2,0,True,False,40,50,200,3000.0,[],False,0,0,0,0,Miller,Exército Regular Bellato,,[]
106215,20,0,18990000,0,1,10002,NPC_Name_106215,NPC_Title_106215,0,0,1,13,False,0,0,2,0,True,False,40,50,200,3000.0,[],True,123202,0,0,0,Redtail,Criminoso Procurado,,[]
106301,1,0,17780000,0,1,10002,NPC_Name_106301,NPC_Title_106301,0,0,1,0,False,0,0,2,0,True,False,40,50,200,3000.0,[],False,0,0,0,0,Scalar Ion,Fantasma Vermelho,,[]
106302,1,0,17780000,0,1,10002,NPC_Name_106302,NPC_Title_106302,0,0,1,0,False,0,0,2,0,True,False,40,50,200,3000.0,[],False,0,0,0,0,Scalar Ion,Fantasma Vermelho,,[]
106303,1,0,17780000,0,1,10002,NPC_Name_106303,NPC_Title_106303,0,0,1,0,False,0,0,2,0,True,False,40,50,200,3000.0,[],False,0,0,0,0,Scalar Ion,Fantasma Vermelho,,[]
106304,1,0,17780000,0,1,10002,NPC_Name_106304,NPC_Title_106304,0,0,1,0,False,0,0,2,0,True,False,40,50,200,3000.0,[],False,0,0,0,0,Scalar Ion,Fantasma Vermelho,,[]
106331,1,0,17370000,0,1,10002,NPC_Name_106331,NPC_Title_106331,0,0,1,13,False,0,0,2,0,True,False,40,50,200,3000.0,[],False,0,0,0,0,Magni,Planejador de Cidade do Império,,[]
106332,1,0,17360000,0,1,10002,NPC_Name_106332,NPC_Title_106332,0,0,1,13,False,0,0,2,0,True,False,40,50,200,3000.0,[],False,0,0,0,0,Cruel,Oficial Imperial,,[]
106333,1,0,17350000,0,1,10002,NPC_Name_106333,NPC_Title_106333,0,0,1,13,False,0,0,2,0,True,False,40,50,200,3000.0,[],False,0,0,0,0,Chthon,Aristocrata Accretia,,[]
106334,1,0,17411110,0,1,10002,NPC_Name_106334,NPC_Title_106334,0,0,1,13,False,0,0,2,0,True,False,40,50,200,3000.0,[],False,0,0,0,0,Maios,NCO Imperial,,[]
106335,1,0,17411000,0,1,10002,NPC_Name_106335,NPC_Title_106335,0,0,1,13,False,0,0,2,0,True,False,40,50,200,3000.0,[],False,0,0,0,0,Astrid,Oficial de Comunicações Imperial,,[]
106391,1,0,17370000,0,1,10002,NPC_Name_106391,NPC_Title_106391,0,0,1,0,False,0,0,2,0,True,False,40,50,200,3000.0,[],False,0,0,0,0,Marcen,Inspetor de Reurbanização,,[]
106392,1,0,18410000,0,1,10002,NPC_Name_106392,,0,0,1,0,False,0,0,2,0,True,False,40,50,200,3000.0,[],False,0,0,0,0,Steiner 927,,,[]
106393,1,0,18660000,0,1,10002,NPC_Name_106393,NPC_Title_106393,0,0,1,0,False,0,0,2,0,True,False,40,50,200,3000.0,[],False,0,0,0,0,Horus,Engenheiro Mestre,,[]
106394,1,0,17610000,0,1,10002,NPC_Name_106394,NPC_Title_106394,0,0,1,0,False,0,0,2,0,True,False,40,50,200,3000.0,[],False,0,0,0,0,Matt,Biólogo,,[]
106395,1,0,18910000,0,1,10002,NPC_Name_106395,NPC_Title_106395,0,0,1,0,False,0,0,2,0,True,False,40,50,200,3000.0,[],False,0,0,0,0,Liesel,Comerciante,,[]
106396,1,0,18730000,0,1,10002,NPC_Name_106396,NPC_Title_106396,0,0,1,0,False,0,0,2,0,True,False,40,50,200,3000.0,[],False,0,0,0,0,Maverick,Ativista Ambiental,,[]
106401,1,0,17240000,0,1,10002,NPC_Name_106401,NPC_Title_106409,0,0,1,13,False,0,0,2,0,True,False,40,40,180,3000.0,[],False,0,0,0,0,Kirill Everrune,Cavaleiros da Luz,,[]
106402,1,0,18960000,0,1,10002,NPC_Name_106402,NPC_Title_106402,0,0,1,13,False,0,0,2,0,True,False,40,40,180,3000.0,[],False,0,0,0,0,Hans,Decemista Construcionista,,[]
106403,1,0,18980000,0,1,10002,NPC_Name_106403,NPC_Title_106403,0,0,1,13,False,0,0,2,0,True,False,40,40,180,3000.0,[],False,0,0,0,0,Toushing,Decemista Construcionista,,[]
106404,1,0,17240000,0,1,10002,NPC_Name_106404,NPC_Title_106409,0,0,1,13,False,0,0,2,0,True,False,40,40,180,3000.0,[],False,0,0,0,0,Kirill Everrune,Cavaleiros da Luz,,[]
106405,1,0,18900000,0,1,10002,NPC_Name_106405,NPC_Title_106405,0,0,1,13,False,0,0,2,0,True,False,40,40,180,3000.0,[],False,0,0,0,0,Árvore,Civiliano Curado,,[]
106406,1,0,17240000,0,1,10002,NPC_Name_101008,NPC_Title_106409,0,0,1,13,False,0,0,2,0,True,False,40,40,180,3000.0,[],False,0,0,0,0,Kirill Everrune,Cavaleiros da Luz,,[]
106407,1,0,18980000,0,1,10002,NPC_Name_106407,NPC_Title_106407,0,0,1,13,False,0,0,2,0,True,False,40,40,180,3000.0,[],False,0,0,0,0,Yichia,Guerra Santa Decemist,,[]
106408,1,0,18720000,0,1,10002,NPC_Name_106408,NPC_Title_106408,0,0,1,13,False,0,0,2,0,True,False,40,40,180,3000.0,[],False,0,0,0,0,Níquel,Guerra Santa Decemist,,[]
106409,1,0,17240000,0,1,10002,NPC_Name_106409,NPC_Title_106409,0,0,1,13,False,0,0,2,0,True,False,40,40,180,3000.0,[],False,0,0,0,0,,Cavaleiros da Luz,,[]
106410,1,0,18720000,0,1,10002,NPC_Name_106410,NPC_Title_106410,0,0,1,13,False,0,0,2,0,True,False,40,40,180,3000.0,[],False,0,0,0,0,Vex,Arbiter Sagrado,,[]
106411,1,0,18720000,0,1,10002,NPC_Name_106411,NPC_Title_106410,0,0,1,13,False,0,0,2,0,True,False,40,40,180,3000.0,[],False,0,0,0,0,,Arbiter Sagrado,,[]
106412,1,0,17240000,0,1,10002,NPC_Name_106412,NPC_Title_106409,0,0,1,13,False,0,0,2,0,True,False,40,40,180,3000.0,[],False,0,0,0,0,Kirill Everrune,Cavaleiros da Luz,,[]
106413,1,0,18720000,0,1,10002,NPC_Name_106413,NPC_Title_106410,0,0,1,13,False,0,0,2,0,True,False,40,40,180,3000.0,[],False,0,0,0,0,Vex,Arbiter Sagrado,,[]
106414,1,0,17240000,0,1,10002,NPC_Name_106414,NPC_Title_106409,0,0,1,13,False,0,0,2,0,True,False,40,40,180,3000.0,[],False,0,0,0,0,Kirill Everrune,Cavaleiros da Luz,,[]
106415,1,0,30970000,999999,1,2003,NPC_Name_106415,,0,0,1,117,True,0,0,2,0,True,False,0,60,180,3000.0,[],False,0,1,0,0,Traços de Vex,,,[]
106416,1,0,18630000,0,1,10002,NPC_Name_106416,NPC_Title_106416,0,0,1,13,False,0,0,2,0,True,False,40,50,200,3000.0,[],False,0,0,0,0,Shosanna,Pesquisador Construcionista,,[]
106417,1,0,18690000,0,1,10002,NPC_Name_106417,NPC_Title_106417,0,0,1,13,False,0,0,2,0,True,False,40,50,200,3000.0,[],False,0,0,0,0,Zaph,Sacerdote Construcionista,,[]
106418,1,0,18640000,0,1,10002,NPC_Name_106418,NPC_Title_106418,0,0,1,13,False,0,0,2,0,True,False,40,50,200,3000.0,[],False,0,0,0,0,Jihava,Sacerdote da Guerra Santa,,[]
106419,1,0,18980000,0,1,10002,NPC_Name_106419,NPC_Title_106419,0,0,1,13,False,0,0,2,0,True,False,40,50,200,3000.0,[],False,0,0,0,0,Aviel,Sacerdote da Guerra Santa,,[]
106420,1,0,18610000,0,1,10002,NPC_Name_106420,,0,0,1,0,False,0,0,2,0,True,False,40,50,200,3000.0,[],False,0,1,0,0,,,,[]
106421,1,0,18620000,0,1,10002,NPC_Name_106421,,0,0,1,0,False,0,0,2,0,True,False,40,50,200,3000.0,[],False,0,1,0,0,,,,[]
106422,1,0,18630000,0,1,10002,NPC_Name_106422,,0,0,1,0,False,0,0,2,0,True,False,40,50,200,3000.0,[],False,0,1,0,0,,,,[]
106423,1,0,18640000,0,1,10002,NPC_Name_106423,,0,0,1,0,False,0,0,2,0,True,False,40,50,200,3000.0,[],False,0,1,0,0,,,,[]
106424,1,0,18980000,0,1,10002,NPC_Name_106424,,0,0,1,0,False,0,0,2,0,True,False,40,50,200,3000.0,[],False,0,1,0,0,,,,[]
106425,1,0,18730000,0,1,10002,NPC_Name_106425,,0,0,1,0,False,0,0,2,0,True,False,40,50,200,3000.0,[],False,0,1,0,0,,,,[]
106426,1,0,18740000,0,1,10002,NPC_Name_106426,,0,0,1,0,True,0,0,2,0,True,False,40,40,180,3000.0,[],False,0,1,0,0,,,,[]
106427,1,0,18900000,0,1,10002,NPC_Name_106427,,0,0,1,0,False,0,0,2,0,True,False,40,50,200,3000.0,[],False,0,1,0,0,,,,[]
106428,1,0,18890003,0,1,10002,NPC_Name_106428,,0,0,1,0,False,0,0,2,0,True,False,40,50,200,3000.0,[],False,0,1,0,0,,,,[]
106481,1,0,18900000,0,1,10002,NPC_Name_106481,NPC_Title_106481,0,0,1,13,False,0,0,2,0,True,False,40,40,180,3000.0,[],False,0,0,0,0,Reuben,Xenologista,,[]
106482,1,0,17350000,0,1,10002,NPC_Name_106482,NPC_Title_106482,0,0,1,13,False,0,0,2,0,True,False,40,100,180,3000.0,"[7012601,7012602]",False,0,0,0,0,Belstein,Pesquisador Despachado,,[]
106483,1,0,17630011,0,1,10002,NPC_Name_106483,,0,0,1,0,False,0,0,2,0,True,False,40,50,200,3000.0,[],False,0,1,0,0,Homem Bellato,,,[]
106484,1,0,17570000,0,1,10002,NPC_Name_106484,NPC_Title_106484,0,0,1,13,False,0,0,2,0,True,False,40,50,200,3000.0,[],False,0,0,0,0,NAD-262,Relé Android,,[]
106485,1,0,18730000,0,1,10002,NPC_Name_106485,NPC_Title_106485,0,0,1,13,False,0,0,2,0,True,False,40,40,180,3000.0,[],False,0,0,0,0,Zeater,Gerente de Recursos,,[]
106486,1,0,18700000,0,1,10002,NPC_Name_106486,NPC_Title_106486,0,0,1,13,False,0,0,2,0,True,False,40,40,180,3000.0,[],False,0,0,0,0,Nadia,Sacerdote Construcionista,,[]
106487,1,0,18980000,0,1,10002,NPC_Name_106487,NPC_Title_122191,0,0,1,13,False,0,0,2,0,True,False,40,100,180,3000.0,"[7012601,7012602]",False,0,0,0,0,Bachmann,Estudante do Acadêmico Desaparecido,,[]
106489,1,0,18680000,0,1,10002,NPC_Name_106489,NPC_Title_106489,0,0,1,13,False,0,0,2,0,True,False,40,40,180,3000.0,[],False,0,0,0,0,Lumere,Cavaleiro da Guerra Sagrada,,[]
106490,1,0,17000000,0,1,0,NPC_Name_100002,,0,0,1,13,False,0,0,2,0,True,False,40,50,200,3000.0,[],False,0,0,0,0,Inez Allen,,,[]
106491,1,0,18640000,0,1,10002,NPC_Name_106491,NPC_Title_106491,0,0,1,13,False,0,0,2,0,True,False,40,50,200,3000.0,[],False,0,0,0,0,Felicia,Sacerdote em Treinamento,,[]
106492,1,0,30080000,0,1,10002,,,0,0,1,13,True,0,0,2,0,True,False,40,40,180,3000.0,[],False,0,1,0,0,,,,[]
106493,1,0,17550000,0,1,10002,NPC_Name_106493,,0,0,1,13,False,0,0,2,0,True,False,40,40,180,3000.0,[],False,0,0,0,0,Steiner 1811,,,[]
106494,1,0,30080000,0,1,10002,,,0,0,1,13,True,0,0,2,0,True,False,40,40,180,3000.0,[],False,0,1,0,0,,,,[]
106495,1,0,17220000,219,1,10002,NPC_Name_106495,NPC_Title_106495,0,0,1,13,True,0,0,2,0,True,False,40,50,200,3000.0,[7009901],False,0,0,0,0,Cebas,Guarda de Segurança da Guilda,,[]
106496,1,0,18880000,0,1,10002,NPC_Name_106496,NPC_Title_106496,0,0,1,13,False,0,0,2,0,True,False,40,40,180,3000.0,[],False,0,0,0,0,Kalin,Coordenador de Campo,,[]
106497,1,0,17600000,0,1,10002,NPC_Name_106497,NPC_Title_106497,0,0,1,13,False,0,0,2,0,True,False,40,40,180,3000.0,[],False,0,0,0,0,Treinar,Aventureiro,,[]
106501,1,0,17240000,0,1,10002,NPC_Name_106501,NPC_Title_106501,0,0,1,13,False,0,0,2,0,True,False,40,40,180,3000.0,[],False,0,0,0,0,Kirill Everrune,Cavaleiros da Luz,,[]
106502,1,0,18720000,0,1,10002,NPC_Name_106502,NPC_Title_106502,0,0,1,13,False,0,0,2,0,True,False,40,40,180,3000.0,[],False,0,0,0,0,Torren,Peregrino,,[]
106503,1,0,18730000,0,1,10002,NPC_Name_106503,NPC_Title_106503,0,0,1,13,False,0,0,2,0,True,False,40,40,180,3000.0,[],False,0,0,0,0,Mueller,Cora Civil,,[]
106504,1,0,17250000,0,1,10002,NPC_Name_106504,NPC_Title_106504,0,0,1,13,False,0,0,2,0,True,False,40,40,180,3000.0,[],False,0,0,0,0,Transeo Vickers,Cavaleiros da Luz,,[]
106505,1,0,18730000,0,1,10002,NPC_Name_106505,NPC_Title_106505,0,0,1,13,False,0,0,2,0,True,False,40,40,180,3000.0,[],False,0,0,0,0,Hernandez,Cora Civilian,,[]
106506,1,0,18980000,0,1,10002,NPC_Name_106506,NPC_Title_106506,0,0,1,13,False,0,0,2,0,True,False,40,40,180,3000.0,[],False,0,0,0,0,Ragna,Peregrino,,[]
106507,1,0,18720000,0,1,10002,NPC_Name_106507,NPC_Title_106507,0,0,1,13,False,0,0,2,0,True,False,40,40,180,3000.0,[],False,0,0,0,0,Synth,Peregrino,,[]
106508,1,0,17240000,0,1,10002,NPC_Name_106508,NPC_Title_106508,0,0,1,13,False,0,0,2,0,True,False,40,40,180,3000.0,[],False,0,0,0,0,Kirill Everrune,Cavaleiros da Luz,,[]
106509,1,0,17250000,0,1,10002,NPC_Name_106509,NPC_Title_106509,0,0,1,13,False,0,0,2,0,True,False,40,40,180,3000.0,[],False,0,0,0,0,Transeo Vickers,Cavaleiros da Luz,,[]
106510,1,0,17000002,0,1,0,NPC_Name_106510,NPC_Title_106510,0,0,1,13,False,0,0,2,0,True,False,40,40,180,3000.0,[],False,0,0,0,0,,,,[]
106511,1,0,18640000,0,1,10002,NPC_Name_106511,NPC_Title_106511,0,0,1,13,False,0,0,2,0,True,False,40,40,180,3000.0,[],False,0,0,0,0,Johanna,Peregrino,,[]
106512,1,0,17000002,0,1,0,NPC_Name_106510,NPC_Title_106512,0,0,1,13,False,0,0,2,0,True,False,40,40,180,3000.0,[],False,0,0,0,0,,,,[]
106513,1,0,18980000,0,1,10002,NPC_Name_106513,NPC_Title_106513,0,0,1,13,False,0,0,2,0,True,False,40,40,180,3000.0,[],False,0,0,0,0,Hungh,Peregrino,,[]
106514,1,0,17250000,0,1,10002,NPC_Name_106514,NPC_Title_106514,0,0,1,13,False,0,0,2,0,True,False,40,40,180,3000.0,[],False,0,0,0,0,Transeo Vickers,Cavaleiros da Luz,,[]
106515,1,0,17240000,0,1,10002,NPC_Name_106515,NPC_Title_106515,0,0,1,13,False,0,0,2,0,True,False,40,40,180,3000.0,[],False,0,0,0,0,,,,[]
106516,1,0,17000002,0,1,0,NPC_Name_106510,NPC_Title_106516,0,0,1,13,False,0,0,2,0,True,False,40,40,180,3000.0,[],False,0,0,0,0,,,,[]
106517,1,0,17250000,0,1,10002,NPC_Name_106510,NPC_Title_106517,0,0,1,13,False,0,0,2,0,True,False,40,40,180,3000.0,[],False,0,0,0,0,,,,[]
106571,1,0,17180001,0,1,10002,NPC_Name_106571,NPC_Title_106571,0,0,1,13,False,0,0,2,0,True,False,40,50,200,3000.0,[],False,0,0,0,0,Robin,Informante,,[]
106572,1,0,18740000,0,1,10002,NPC_Name_106572,NPC_Title_106572,0,0,1,13,False,0,0,2,0,True,False,40,50,200,3000.0,[],False,0,0,0,0,Robin,Informante,,[]
106573,1,0,18880012,0,1,10002,NPC_Name_106573,NPC_Title_106573,0,0,1,13,False,0,0,2,0,True,False,40,50,200,3000.0,[],False,0,0,0,0,Matilda,Investigador,,[]
106574,1,0,18660000,0,1,10002,NPC_Name_106574,NPC_Title_106574,0,0,1,13,False,0,0,2,0,True,False,40,50,200,3000.0,[],False,0,0,0,0,Derek,Agente,,[]
106581,1,0,17540000,0,1,10002,NPC_Name_106581,,0,0,1,13,False,0,0,2,0,True,False,40,50,200,3000.0,[],False,0,0,0,0,,,,[]
106582,1,0,17560000,0,1,10002,NPC_Name_106582,,0,0,1,13,False,0,0,2,0,True,False,40,50,200,3000.0,[],False,0,0,0,0,Steiner 3114,,,[]
106583,1,0,17560000,0,1,10002,NPC_Name_106582,,0,0,1,13,False,0,0,2,0,True,False,40,50,200,3000.0,[],False,0,0,0,0,Steiner 3114,,,[]
106584,1,0,17540000,0,1,10002,NPC_Name_106581,,0,0,1,13,False,0,0,2,0,True,False,40,50,200,3000.0,[],False,0,0,0,0,,,,[]
106591,1,0,18610000,0,1,10002,NPC_Name_106591,NPC_Title_106591,0,0,1,13,False,0,0,2,0,True,False,40,50,200,3000.0,[],False,0,0,0,0,Greta,Cavaleiro Peregrino,,[]
106592,1,0,18960000,0,1,10002,NPC_Name_106592,NPC_Title_106592,0,0,1,13,False,0,0,2,0,True,False,40,50,200,3000.0,[],False,0,0,0,0,Marcar,Biólogo,,[]
106593,1,0,18980000,0,1,10002,NPC_Name_106593,NPC_Title_106593,0,0,1,13,False,0,0,2,0,True,False,40,50,200,3000.0,[],False,0,0,0,0,Windsor,Peregrino,,[]
106594,1,0,18620000,0,1,10002,NPC_Name_106594,NPC_Title_106594,0,0,1,13,False,0,0,2,0,True,False,40,40,180,3000.0,[],False,0,0,0,0,Zora,Guarda Cora,,[]
106595,1,0,18900000,0,1,10002,NPC_Name_106595,NPC_Title_106595,0,0,1,13,False,0,0,2,0,True,False,40,40,180,3000.0,[],False,0,0,0,0,Dieter,Cora Civil,,[]
106596,1,0,18890000,0,1,10002,NPC_Name_106596,NPC_Title_106596,0,0,1,13,False,0,0,2,0,True,False,40,40,180,3000.0,[],False,0,0,0,0,Joanna,Peregrino,,[]
106597,1,0,18740000,0,1,10002,NPC_Name_106597,NPC_Title_106597,0,0,1,13,False,0,0,2,0,True,False,40,40,180,3000.0,[],False,0,0,0,0,Selene,Cora Civilian,,[]
106601,1,0,18620000,0,1,10002,NPC_Name_106601,NPC_Title_106601,0,0,1,0,False,0,0,2,0,True,False,40,50,200,3000.0,[],False,0,0,0,0,Liant,Rastreadores de Heresia,,[]
106602,1,0,17240000,0,1,10002,NPC_Name_106602,NPC_Title_106602,0,0,1,0,False,0,0,2,0,True,False,40,50,200,3000.0,[],False,0,0,0,0,Kirill Everrune,Cavaleiros da Luz,,[]
106603,1,0,18740002,0,1,2515,NPC_Name_106603,NPC_Title_106603,0,0,1,117,True,0,0,2,0,True,False,40,50,200,3000.0,[],False,0,0,0,0,Ilevi,Herege Exilado,,[]
106604,1,0,18690000,0,1,10002,NPC_Name_106604,NPC_Title_106604,0,0,1,0,False,0,0,2,0,True,False,40,50,200,3000.0,[],False,0,0,0,0,Altair,Líder dos Rastreados de Heresia,,[]
106605,1,0,18890002,0,1,10002,NPC_Name_106605,NPC_Title_106603,0,0,1,0,False,0,0,2,0,True,False,40,50,200,3000.0,[],False,0,0,0,0,Bernie Ferido,Herege Exilado,,[]
106606,1,0,18740001,0,1,10002,NPC_Name_106606,NPC_Title_106603,0,0,1,0,False,0,0,2,0,True,False,40,50,200,3000.0,[],False,0,0,0,0,"Edith, a Covarde",Herege Exilado,,[]
106607,1,0,18740001,0,1,10002,NPC_Name_106606,NPC_Title_106603,0,0,1,0,False,0,0,2,0,True,False,40,50,200,3000.0,[],False,0,0,0,0,"Edith, a Covarde",Herege Exilado,,[]
106608,1,0,18640001,0,1,2515,,NPC_Title_106603,0,0,1,0,False,0,0,2,0,True,False,40,50,200,3000.0,[],False,0,0,0,0,,Herege Exilado,,[]
106609,1,0,18740004,0,1,2500,NPC_Name_106609,,0,0,1,117,True,0,0,2,0,True,False,40,50,200,3000.0,[],False,0,0,0,0,Herege Ferido,,,[]
106610,1,0,17240000,0,1,10002,NPC_Name_106602,NPC_Title_106602,0,0,1,0,False,0,0,2,0,True,False,40,50,200,3000.0,[],False,0,0,0,0,Kirill Everrune,Cavaleiros da Luz,,[]
106611,1,0,17240000,0,1,10002,NPC_Name_106602,NPC_Title_106602,0,0,1,0,False,0,0,2,0,True,False,40,50,200,3000.0,[],False,0,0,0,0,Kirill Everrune,Cavaleiros da Luz,,[]
106612,1,0,17240000,0,1,10002,NPC_Name_106602,NPC_Title_106602,0,0,1,0,False,0,0,2,0,True,False,40,50,200,3000.0,[],False,0,0,0,0,Kirill Everrune,Cavaleiros da Luz,,[]
106613,1,0,17240000,0,1,10002,NPC_Name_106602,NPC_Title_106602,0,0,1,0,False,0,0,2,0,True,False,40,50,200,3000.0,[],False,0,0,0,0,Kirill Everrune,Cavaleiros da Luz,,[]
106614,1,0,18730001,0,1,10002,NPC_Name_106614,NPC_Title_106614,0,0,1,0,False,0,0,2,0,True,False,40,50,200,3000.0,[],False,0,0,0,0,Gren,Herege Estuporoso,,[]
106615,1,0,18630000,0,1,10002,NPC_Name_106615,NPC_Title_106615,0,0,1,13,False,0,0,2,0,True,False,40,50,200,3000.0,[],False,0,0,0,0,Nox,Sacerdote Decem,,[]
106616,1,0,18740000,0,1,10002,NPC_Name_106616,NPC_Title_106616,0,0,1,13,False,0,0,2,0,True,False,40,50,200,3000.0,[],False,0,0,0,0,Rien,Herbalista Errante,,[]
106617,1,0,18620000,0,1,10002,NPC_Name_106617,NPC_Title_106617,0,0,1,13,False,0,0,2,0,True,False,40,50,200,3000.0,[],False,0,0,0,0,Alrich,Rastreadores de Heresia,,[]
106618,1,0,18900001,0,1,10002,NPC_Name_106618,NPC_Title_106618,0,0,1,13,False,0,0,2,0,True,False,40,50,200,3000.0,[],False,0,0,0,0,Renovar,Herege Exilado,,[]
106671,1,0,17630000,0,1,10002,NPC_Name_106671,NPC_Title_106671,0,0,1,13,False,0,0,2,0,True,False,40,40,180,3000.0,[],False,0,0,0,0,Nomad,Coordenador de Campo,,[]
106672,1,0,17630000,0,1,10002,NPC_Name_106671,NPC_Title_106671,0,0,1,13,False,0,0,2,0,True,False,40,40,180,3000.0,[],False,0,0,0,0,Nomad,Coordenador de Campo,,[]
106673,1,0,18870000,0,1,10002,NPC_Name_106673,NPC_Title_106673,0,0,1,13,False,0,0,2,0,True,False,40,40,180,3000.0,[],False,0,0,0,0,Forster,Correspondente Bellato,,[]
106674,1,0,17630000,0,1,10002,NPC_Name_106671,NPC_Title_106671,0,0,1,13,False,0,0,2,0,True,False,40,40,180,3000.0,[],False,0,0,0,0,Nomad,Coordenador de Campo,,[]
106681,1,0,30080000,0,1,10002,,,0,0,1,13,True,0,0,2,0,True,False,40,40,180,3000.0,[],False,0,1,0,0,,,,[]
106682,1,0,17370000,0,1,10002,NPC_Name_106682,NPC_Title_106682,0,0,1,13,False,0,0,2,0,True,False,40,40,180,3000.0,[],False,0,0,0,0,Concluído,Comerciante Imperial,,[]
106683,1,0,17411000,0,1,10002,NPC_Name_106683,NPC_Title_106683,0,0,1,13,False,0,0,2,0,True,False,40,40,180,3000.0,[],False,0,0,0,0,Valfaren,Investigador Despachado,,[]
106684,1,0,17370000,0,1,10002,NPC_Name_106684,NPC_Title_106684,0,0,1,13,False,0,0,2,0,True,False,40,40,180,3000.0,[],False,0,0,0,0,Sheol,Agência Imperial de Inteligência,,[]
106685,1,0,17560000,0,1,10002,NPC_Name_106685,,0,0,1,13,False,0,0,2,0,True,False,40,40,180,3000.0,[],False,0,0,0,0,Steiner 2077,,,[]
106691,1,0,18730000,0,1,10002,NPC_Name_106691,NPC_Title_106691,0,0,1,13,False,0,0,2,0,True,False,40,40,180,3000.0,[],False,0,0,0,0,Zeater,Gerente de Recursos,,[]
106692,1,0,18900000,0,1,10002,NPC_Name_106692,NPC_Title_106692,0,0,1,13,False,0,0,2,0,True,False,40,40,180,3000.0,[],False,0,0,0,0,Lebron,Biólogo,,[]
106693,1,0,18740000,0,1,10002,NPC_Name_106693,NPC_Title_106693,0,0,1,13,False,0,0,2,0,True,False,40,40,180,3000.0,[],False,0,0,0,0,Hermen,Viúva do Exílio,,[]
106694,1,0,18740000,0,1,10002,NPC_Name_106693,NPC_Title_106693,0,0,1,13,False,0,0,2,0,True,False,40,40,180,3000.0,[],False,0,0,0,0,Hermen,Viúva do Exílio,,[]
106695,1,0,18900000,0,1,10002,NPC_Name_106692,NPC_Title_106692,0,0,1,13,False,0,0,2,0,True,False,40,40,180,3000.0,[],False,0,0,0,0,Lebron,Biólogo,,[]
106696,1,0,18680000,0,1,10002,NPC_Name_106696,NPC_Title_106696,0,0,1,13,False,0,0,2,0,True,False,40,40,180,3000.0,[],False,0,0,0,0,Lumere,Cavaleiro da Guerra Sagrada,,[]
106701,1,0,18630000,0,1,10002,NPC_Name_106701,NPC_Title_106701,0,0,1,13,False,0,0,2,0,True,False,40,50,200,3000.0,[],False,0,0,0,0,Nomeador,Sacerdote Despachado,,[]
106702,1,0,18640000,0,1,10002,NPC_Name_106702,NPC_Title_106702,0,0,1,13,False,0,0,2,0,True,False,40,50,200,3000.0,[],False,0,0,0,0,Varune,Padre em Treinamento,,[]
106703,1,0,17600000,0,1,10002,NPC_Name_106703,NPC_Title_106703,0,0,1,13,False,0,0,2,0,True,False,40,50,200,3000.0,[],False,0,0,0,0,Schliemann,Arqueólogo Bellateano,,[]
106704,1,0,18680000,0,1,10002,NPC_Name_106704,NPC_Title_106704,0,0,1,13,False,0,0,2,0,True,False,40,50,200,3000.0,[],False,0,0,0,0,Marco,Cavaleiro da Ordem,,[]
106705,1,0,18620000,0,1,10002,NPC_Name_106705,NPC_Title_106705,0,0,1,13,False,0,0,2,0,True,False,40,50,200,3000.0,[],False,0,0,0,0,Venox,Cavaleiros da Luz,,[]
106706,1,0,18620000,0,1,10002,NPC_Name_106706,NPC_Title_106706,0,0,1,13,False,0,0,2,0,True,False,40,50,200,3000.0,[],False,0,0,0,0,Venox,Cavaleiros da Luz,,[]
106707,1,0,18620000,0,1,10002,NPC_Name_106707,NPC_Title_106707,0,0,1,13,False,0,0,2,0,True,False,40,50,200,3000.0,[],False,0,0,0,0,Venox,Cavaleiros da Luz,,[]
106708,1,0,18900000,0,1,10002,NPC_Name_106708,NPC_Title_106708,0,0,1,13,False,0,0,2,0,True,False,40,50,200,3000.0,[],False,0,0,0,0,Charis,Sacerdote em Treinamento,,[]
106718,1,0,17250000,0,1,10002,NPC_Name_106718,NPC_Title_106718,0,0,1,13,False,0,0,2,0,True,False,40,50,200,3000.0,[],False,0,0,0,0,Transeo Vickers,Cavaleiros da Luz,,[]
106719,1,0,17260000,0,1,10002,NPC_Name_106719,NPC_Title_106719,0,0,1,13,False,0,0,2,0,True,False,40,50,200,3000.0,[],False,0,0,0,0,Celdin Karoph,Cavaleiros da Luz,,[]
106720,1,0,18690000,0,1,10002,NPC_Name_106720,NPC_Title_106720,0,0,1,13,False,0,0,2,0,True,False,40,50,200,3000.0,[],False,0,0,0,0,Vera,Cavaleiros da Luz,,[]
106751,1,0,18610000,0,1,10002,,,0,0,1,13,False,0,0,2,0,True,False,40,50,200,3000.0,[],False,0,1,0,0,,,,[]
106752,1,0,18690000,0,1,10002,,,0,0,1,13,False,0,0,2,0,True,False,40,50,200,3000.0,[],False,0,1,0,0,,,,[]
106781,1,0,18900000,0,1,10002,NPC_Name_106781,NPC_Title_106781,0,0,1,13,False,0,0,2,0,True,False,40,50,200,3000.0,[],False,0,0,0,0,Crawford,Arqueólogo,,[]
106783,1,0,18630000,0,1,10002,NPC_Name_106783,NPC_Title_106783,0,0,1,13,False,0,0,2,0,True,False,40,50,200,3000.0,[],False,0,0,0,0,Dália,Sacerdote Despachado,,[]
106784,1,0,18640000,0,1,10002,NPC_Name_106784,NPC_Title_106784,0,0,1,13,False,0,0,2,0,True,False,40,50,200,3000.0,[],False,0,0,0,0,Verta,Sacerdote em Treinamento,,[]
106785,1,0,18960000,0,1,10002,NPC_Name_106785,NPC_Title_106785,0,0,1,13,False,0,0,2,0,True,False,40,40,180,3000.0,[],False,0,0,0,0,Bilhar,Mercador Errante,,[]
106786,1,0,18680000,0,1,10002,NPC_Name_106786,NPC_Title_106786,0,0,1,13,False,0,0,2,0,True,False,40,100,180,3000.0,"[7012601,7012602]",False,0,0,0,0,Diego,Cavaleiro,,[]
106787,1,0,18640000,0,1,10002,NPC_Name_106787,NPC_Title_106784,0,0,1,13,False,0,0,2,0,True,False,40,50,200,3000.0,[],False,0,0,0,0,Amara,Sacerdote em Treinamento,,[]
106788,1,0,18960000,0,1,10002,NPC_Name_106788,NPC_Title_106785,0,0,1,13,False,0,0,2,0,True,False,40,40,180,3000.0,[],False,0,0,0,0,,Mercador Errante,,[]
106790,1,0,18900000,0,1,10002,NPC_Name_106790,NPC_Title_106781,0,0,1,0,False,0,0,2,0,True,False,40,50,200,3000.0,[],False,0,0,0,0,,Arqueólogo,,[]
106793,1,0,17350000,0,1,10002,NPC_Name_106793,NPC_Title_106793,0,0,1,13,False,0,0,2,0,True,False,40,100,180,3000.0,"[7012601,7012602]",False,0,0,0,0,Bahlsen,Estudante da Academia,,[]
106794,1,0,17370000,0,1,10002,NPC_Name_106794,NPC_Title_106794,0,0,1,13,False,0,0,2,0,True,False,40,100,180,3000.0,"[7012601,7012602]",False,0,0,0,0,Concluído,Membro da Guilda de Comércio,,[]
106795,1,0,17540000,0,1,10002,NPC_Name_106795,,0,0,1,13,False,0,0,2,0,True,False,40,100,180,3000.0,"[7012601,7012602]",False,0,0,0,0,Gerente de Quest de Facção,,,[]
106796,1,0,18880000,0,1,10002,NPC_Name_106796,NPC_Title_106796,0,0,1,13,False,0,0,2,0,True,False,40,100,180,3000.0,"[7012601,7012602]",False,0,0,0,0,Codran,Coordenador de Campo,,[]
106797,1,0,18870000,0,1,10002,NPC_Name_106797,NPC_Title_106797,0,0,1,13,False,0,0,2,0,True,False,40,100,180,3000.0,"[7012601,7012602]",False,0,0,0,0,Forster,Correspondente Bellato,,[]
106801,1,0,17250000,1,1,10002,NPC_Name_106801,NPC_Title_106801,0,0,1,13,False,0,0,2,0,True,False,40,100,200,3000.0,"[7011901,7011902]",False,0,0,0,0,Transeo Vickers,Cavaleiros da Luz,,[]
106802,1,0,18630000,0,1,10006,NPC_Name_106802,NPC_Title_106802,0,0,1,13,False,0,0,2,0,True,False,40,600,200,3000.0,[],False,0,0,0,0,Reina,Cavaleiros Cora,,[]
106803,1,0,18700000,285,1,10002,NPC_Name_106803,NPC_Title_106803,0,0,1,13,False,0,0,2,0,True,False,40,100,200,3000.0,[7013001],False,0,0,0,0,Hieta,Historiador,,[]
106804,1,0,18690000,284,1,10002,NPC_Name_106804,NPC_Title_106804,0,0,1,13,False,0,0,2,0,True,False,40,100,200,3000.0,"[7012701,7012702]",False,0,0,0,0,Holton,Sherife,,[]
106805,1,0,18900000,0,1,10002,NPC_Name_106805,NPC_Title_106805,0,0,1,13,False,0,0,2,0,True,False,40,50,200,3000.0,[],False,0,0,0,0,Lei,Caçador de Recompensas,,[]
106806,1,0,17250000,1,1,10002,NPC_Name_106806,NPC_Title_106806,0,0,1,13,False,0,0,2,0,True,False,40,100,200,3000.0,"[7011901,7011902]",False,0,0,0,0,Transeo Vickers,Cavaleiros da Luz,,[]
106807,1,0,18620000,1,1,10002,NPC_Name_106807,NPC_Title_106807,0,0,1,13,False,0,0,2,0,True,False,40,100,200,3000.0,[7011501],False,0,0,0,0,Curiosidade,Cavaleiros Cora,,[]
106808,1,0,17250000,1,1,10002,NPC_Name_106806,NPC_Title_106806,0,0,1,13,False,0,0,2,0,True,False,40,100,200,3000.0,"[7011901,7011902]",False,0,0,0,0,Transeo Vickers,Cavaleiros da Luz,,[]
106809,1,0,17250000,1,1,10002,NPC_Name_106806,NPC_Title_106806,0,0,1,13,False,0,0,2,0,True,False,40,100,200,3000.0,"[7011901,7011902]",False,0,0,0,0,Transeo Vickers,Cavaleiros da Luz,,[]
106871,1,0,18880000,0,1,10002,NPC_Name_106871,NPC_Title_106871,0,0,1,13,False,0,0,2,0,True,False,40,100,200,3000.0,[],False,0,0,0,0,Inad,Agente Bellato,,[]
106872,1,0,17600000,0,1,10002,NPC_Name_106872,NPC_Title_106872,0,0,1,13,False,0,0,2,0,True,False,40,100,200,3000.0,[],False,0,0,0,0,Benton,Associação de Biologia Bellato,,[]
106881,1,0,17540000,0,1,10002,NPC_Name_106881,,0,0,1,13,False,0,0,2,0,True,False,40,50,200,3000.0,[],False,0,0,0,0,Steiner 8891,,,[]
106882,1,0,17540000,0,1,10002,NPC_Name_106881,,0,0,1,13,False,0,0,2,0,True,False,40,50,200,3000.0,[],False,0,0,0,0,Steiner 8891,,,[]
106883,1,0,17540000,0,1,10002,NPC_Name_106883,,0,0,1,13,False,0,0,2,0,True,False,40,50,200,3000.0,[],False,0,0,0,0,Gerente de Quest de Facção,,,[]
106891,1,0,18740000,0,1,10002,NPC_Name_106891,NPC_Title_106891,0,0,1,13,False,0,0,2,0,True,False,40,50,200,3000.0,[],False,0,0,0,0,Pálido,Pesquisador de Saúde Pública,,[]
106892,1,0,18730000,0,1,10002,NPC_Name_106892,NPC_Title_106892,0,0,1,13,False,0,0,2,0,True,False,40,50,200,3000.0,[],False,0,0,0,0,Jigot,Biólogo,,[]
106901,1,0,17090001,999999,1,10002,NPC_Name_106901,NPC_Title_106901,0,0,1,13,False,0,0,2,0,True,False,40,25,200,3000.0,[],False,0,0,0,0,Panarum,Talpa Technician,,[]
106902,1,0,18690000,0,1,10002,NPC_Name_106902,NPC_Title_106902,0,0,1,13,False,0,0,2,0,True,False,40,40,180,3000.0,[],False,0,0,0,0,Altair,Sacerdote Decem,,[]
106903,1,0,18510000,0,1,10002,NPC_Name_106903,NPC_Title_106903,0,0,1,13,False,0,0,2,0,True,False,40,50,200,3000.0,[],False,0,0,0,0,NA-799A,Android Reparador,,[]
106904,1,0,17250000,1,1,10002,NPC_Name_106904,NPC_Title_106904,0,0,1,13,False,0,0,2,0,True,False,40,100,200,3000.0,"[7011901,7011902]",False,0,0,0,0,Transeo Vickers,Cavaleiros da Luz,,[]
106905,1,0,17090000,0,1,10002,NPC_Name_106905,NPC_Title_106905,0,0,1,0,False,0,0,2,0,True,False,40,40,180,3000.0,[],False,0,0,0,0,Caron,Technician,,[]
106906,1,0,18900000,0,1,10002,NPC_Name_106906,NPC_Title_106906,0,0,1,0,False,0,0,2,0,True,False,40,40,180,3000.0,[],False,0,0,0,0,Sullivan,Cavaleiros da Luz,,[]
106907,1,0,17090000,0,1,10002,NPC_Name_106907,NPC_Title_106907,0,0,1,0,False,0,0,2,0,True,False,40,40,180,3000.0,[],False,0,0,0,0,Tatis,Civil Talpa,,[]
106908,1,0,18730000,0,1,10002,NPC_Name_106908,NPC_Title_106908,0,0,1,13,False,0,0,2,0,True,False,40,40,180,3000.0,[],False,0,0,0,0,Dio,Decemist,,[]
106909,1,0,17250000,1,1,10002,NPC_Name_106904,NPC_Title_106904,0,0,1,13,False,0,0,2,0,True,False,40,100,200,3000.0,"[7011901,7011902]",False,0,0,0,0,Transeo Vickers,Cavaleiros da Luz,,[]
106910,1,0,17250000,1,1,10002,NPC_Name_106904,NPC_Title_106904,0,0,1,13,False,0,0,2,0,True,False,40,100,200,3000.0,"[7011901,7011902]",False,0,0,0,0,Transeo Vickers,Cavaleiros da Luz,,[]
106911,1,0,17250000,1,1,10002,NPC_Name_106904,NPC_Title_106904,0,0,1,13,False,0,0,2,0,True,False,40,100,200,3000.0,"[7011901,7011902]",False,0,0,0,0,Transeo Vickers,Cavaleiros da Luz,,[]
106912,1,0,17090000,0,1,10002,NPC_Name_106907,NPC_Title_106907,0,0,1,0,False,0,0,2,0,True,False,40,40,180,3000.0,[],False,0,0,0,0,Tatis,Civil Talpa,,[]
106913,1,0,18960000,0,1,10002,NPC_Name_106913,NPC_Title_106913,0,0,1,13,False,0,0,2,0,True,False,40,40,180,3000.0,[],False,0,0,0,0,Patterson,Ecologista,,[]
106981,1,0,17560000,0,1,10002,NPC_Name_106981,,0,0,1,13,False,0,0,2,0,True,False,40,40,180,3000.0,[],False,0,0,0,0,Steiner 1813,,,[]
106982,1,0,17370000,0,1,10002,NPC_Name_106982,NPC_Title_106982,0,0,1,13,False,0,0,2,0,True,False,40,40,180,3000.0,[],False,0,0,0,0,Concluído,Comerciante Imperial,,[]
106983,1,0,17540000,0,1,10002,NPC_Name_106983,,0,0,1,13,False,0,0,2,0,True,False,40,40,180,3000.0,[],False,0,0,0,0,Gerente de Quest de Facção,,,[]
106984,1,0,18880000,0,1,10002,NPC_Name_106984,NPC_Title_106984,0,0,1,0,False,0,0,2,0,True,False,40,40,180,3000.0,[],False,0,0,0,0,Toupeira,Coordenador de Campo,,[]
106985,1,0,18870000,0,1,10002,NPC_Name_106985,NPC_Title_106985,0,0,1,0,False,0,0,2,0,True,False,40,40,180,3000.0,[],False,0,0,0,0,Forster,Correspondente Bellato,,[]
106986,1,0,30200000,0,1,2549,NPC_Name_106986,NPC_Title_106986,0,0,1,0,True,0,0,2,0,True,False,40,40,180,3000.0,[],False,0,0,0,0,Console de Nuvem,Associação de Aventureiros,,[]
106992,1,0,17090000,0,1,10002,NPC_Name_106992,NPC_Title_106901,0,0,1,13,False,0,0,2,0,True,False,40,40,180,3000.0,[],False,0,0,0,0,Nephir,Talpa Technician,,[]
106993,1,0,18900000,0,1,10002,NPC_Name_106993,,0,0,1,13,False,0,0,2,0,True,False,40,40,180,3000.0,[],False,0,0,0,0,Reuben,,,[]
106994,1,0,17090000,0,1,10002,NPC_Name_106994,NPC_Title_106901,0,0,1,13,False,0,0,2,0,True,False,40,40,180,3000.0,[],False,0,0,0,0,Nephir,Talpa Technician,,[]
106995,1,0,17090001,0,1,10002,NPC_Name_106995,NPC_Title_106995,0,0,1,13,False,0,0,2,0,True,False,40,40,180,3000.0,[],False,0,0,0,0,Leyla,Pesquisador Talpa,,[]
106996,1,0,18730000,0,1,10002,NPC_Name_106996,NPC_Title_106996,0,0,1,13,False,0,0,2,0,True,False,40,40,180,3000.0,[],False,0,0,0,0,Zeater,Gerente de Recursos,,[]
106998,1,0,18900000,0,1,10002,NPC_Name_106998,NPC_Title_106998,0,0,1,13,False,0,0,2,0,True,False,40,40,180,3000.0,[],False,0,0,0,0,Lebron,Biólogo,,[]
107001,1,0,17240000,0,1,10002,NPC_Name_107001,NPC_Title_107001,0,0,1,13,False,0,0,2,0,True,False,40,40,200,3000.0,[],False,0,0,0,0,Kirill Everrune,Cavaleiros da Luz,,[]
107002,1,0,17250000,0,1,10002,NPC_Name_107002,NPC_Title_107002,0,0,1,13,False,0,0,2,0,True,False,40,40,200,3000.0,[],False,0,0,0,0,Transeo Vickers,Cavaleiros da Luz,,[]
107003,1,0,18960000,0,1,10002,NPC_Name_107003,NPC_Title_107003,0,0,1,13,False,0,0,2,0,True,False,40,40,200,3000.0,[],False,0,0,0,0,Kaliora,Supervisor da Ilha do Peregrino,,[]
107004,1,0,18730000,0,1,10002,NPC_Name_107004,NPC_Title_107004,0,0,1,13,False,0,0,2,0,True,False,40,40,200,3000.0,[],False,0,0,0,0,Hakan,Jovem Peregrino,,[]
107005,1,0,18900000,0,1,10002,NPC_Name_107005,NPC_Title_107005,0,0,1,13,False,0,0,2,0,True,False,40,40,200,3000.0,[],False,0,0,0,0,Dellotino,Jovem Peregrino,,[]
107006,1,0,18900000,0,1,10002,NPC_Name_107006,NPC_Title_107006,0,0,1,13,False,0,0,2,0,True,False,40,40,200,3000.0,[],False,0,0,0,0,Dellotino,Jovem Peregrino,,[]
107007,1,0,17240000,0,1,10002,NPC_Name_107007,NPC_Title_107007,0,0,1,13,False,0,0,2,0,True,False,40,40,200,3000.0,[],False,0,0,0,0,Kirill Everrune,Cavaleiros da Luz,,[]
107008,1,0,17250000,0,1,10002,NPC_Name_107008,NPC_Title_107008,0,0,1,13,False,0,0,2,0,True,False,40,40,200,3000.0,[],False,0,0,0,0,Transeo Vickers,Cavaleiros da Luz,,[]
107009,1,0,18640000,0,1,10002,NPC_Name_107009,NPC_Title_107009,0,0,1,13,False,0,0,2,0,True,False,40,40,200,3000.0,[],False,0,0,0,0,Arcadius,Jovem Peregrino,,[]
107010,1,0,18960000,0,1,10002,NPC_Name_107010,NPC_Title_107010,0,0,1,13,False,0,0,2,0,True,False,40,40,200,3000.0,[],False,0,0,0,0,Sargon,Peregrino Exausto,,[]
107011,1,0,18630000,0,1,10002,,,0,0,1,13,False,0,0,2,0,True,False,40,40,200,3000.0,[],False,0,1,0,0,,,,[]
107012,1,0,18640000,0,1,10002,,,0,0,1,13,False,0,0,2,0,True,False,40,40,200,3000.0,[],False,0,1,0,0,,,,[]
107013,1,0,18730000,0,1,10002,NPC_Name_107013,NPC_Title_107013,0,0,1,13,False,0,0,2,0,True,False,40,40,200,3000.0,[],False,0,0,0,0,Alteon,Jovem Peregrino,,[]
107080,1,0,30080000,0,1,10002,NPC_Name_107080,,0,0,1,13,False,0,0,2,0,True,False,40,50,200,3000.0,[],False,0,1,0,0,,,,[]
107081,1,0,30080000,0,1,10002,NPC_Name_107081,,0,0,1,13,False,0,0,2,0,True,False,40,50,200,3000.0,[],False,0,1,0,0,,,,[]
107082,1,0,30080000,0,1,10002,NPC_Name_107082,,0,0,1,13,False,0,0,2,0,True,False,40,50,200,3000.0,[],False,0,1,0,0,,,,[]
107091,1,0,18610002,0,1,2500,NPC_Name_107091,NPC_Title_107091,0,0,1,13,True,0,0,2,0,True,False,40,50,200,3000.0,[],False,0,0,0,0,Greta,Cavaleiro Peregrino,,[]
107092,1,0,18610000,0,1,10002,NPC_Name_107092,NPC_Title_107092,0,0,1,13,False,0,0,2,0,True,False,40,50,200,3000.0,[],False,0,0,0,0,Greta,Cavaleiro Peregrino,,[]
107093,1,0,18730000,0,1,10002,NPC_Name_107093,NPC_Title_107093,0,0,1,13,False,0,0,2,0,True,False,40,50,200,3000.0,[],False,0,0,0,0,Luxe,Agente Corporativo,,[]
107094,1,0,18890000,0,1,10002,NPC_Name_107094,NPC_Title_107094,0,0,1,13,False,0,0,2,0,True,False,40,50,200,3000.0,[],False,0,0,0,0,Hillia,Sacerdote,,[]
107095,1,0,18880012,0,1,10002,NPC_Name_107095,NPC_Title_107095,0,0,1,13,False,0,0,2,0,True,False,40,50,200,3000.0,[],False,0,0,0,0,Matilda,Oficial de Investigação,,[]
107096,1,0,18880000,0,1,10002,NPC_Name_107096,NPC_Title_107096,0,0,1,13,False,0,0,2,0,True,False,40,50,200,3000.0,[],False,0,0,0,0,Valery,Inspetor,,[]
107097,1,0,18740000,0,1,10002,NPC_Name_107097,NPC_Title_107097,0,0,1,13,False,0,0,2,0,True,False,40,50,200,3000.0,[],False,0,0,0,0,Robin,Informante,,[]
107098,1,0,18400000,0,1,10002,NPC_Name_107098,,0,0,1,13,False,0,0,2,0,True,False,40,50,200,3000.0,[],False,0,0,0,0,Steiner 87,,,[]
107099,1,0,17490000,0,1,10002,NPC_Name_107099,NPC_Title_107099,0,0,1,13,False,0,0,2,0,True,False,40,50,200,3000.0,[],False,0,0,0,0,Ashton,Processador de Carne,,[]
107101,1,0,17250000,1,1,10002,NPC_Name_107101,NPC_Title_107101,0,0,1,0,False,0,0,2,0,True,False,40,100,200,3000.0,[],False,0,0,0,0,Transeo Vickers,Cavaleiros da Luz,,[]
107102,1,0,18650000,0,1,10002,NPC_Name_107102,NPC_Title_107102,0,0,1,0,False,0,0,2,0,True,False,40,50,200,3000.0,[],False,0,0,0,0,Hoson,Cavaleiros Cora,,[]
107103,1,0,18630000,0,1,10002,NPC_Name_107103,NPC_Title_107103,0,0,1,0,False,0,0,2,0,True,False,40,40,180,3000.0,[],False,0,0,0,0,Noctua,Cavaleiros Cora,,[]
107104,1,0,18720000,0,1,10002,NPC_Name_107104,NPC_Title_107104,0,0,1,0,False,0,0,2,0,True,False,40,90,200,3000.0,[],False,0,0,0,0,Calcus,Cavaleiros Cora,,[]
107105,1,0,18610000,0,1,10002,NPC_Name_107105,NPC_Title_107105,0,0,1,0,False,0,0,2,0,True,False,40,40,180,3000.0,[],False,0,0,0,0,Zarie,Cavaleiros Cora,,[]
107106,1,0,18620003,0,1,10002,NPC_Name_107106,NPC_Title_107106,0,0,1,0,False,0,0,2,0,True,False,40,40,180,3000.0,[],False,0,0,0,0,Dima,Cavaleiros Cora,,[]
107107,1,0,17260000,0,1,10002,NPC_Name_107107,NPC_Title_107107,0,0,1,0,False,0,0,2,0,True,False,40,50,200,3000.0,[],False,0,0,0,0,Celdin Karoph,Cavaleiros da Luz,,[]
107108,1,0,17240000,0,1,10002,NPC_Name_107108,NPC_Title_107108,0,0,1,0,False,0,0,2,0,True,False,40,40,180,3000.0,[],False,0,0,0,0,Kirill Everrune,Cavaleiros da Luz,,[]
107109,1,0,17240000,0,1,10002,NPC_Name_107109,NPC_Title_107109,0,0,1,0,False,0,0,2,0,True,False,40,40,180,3000.0,[],False,0,0,0,0,Kirill Everrune,Cavaleiros da Luz,,[]
107110,1,0,17250000,1,1,10002,NPC_Name_107110,NPC_Title_107110,0,0,1,0,False,0,0,2,0,True,False,40,100,200,3000.0,[],False,0,0,0,0,Transeo Vickers,Cavaleiros da Luz,,[]
107121,1,0,18610000,0,1,10002,,,0,0,1,0,False,0,0,2,0,True,False,40,90,200,3000.0,[],False,0,0,0,0,,,,[]
107122,1,0,18620000,0,1,10002,,,0,0,1,0,False,0,0,2,0,True,False,40,40,180,3000.0,[],False,0,0,0,0,,,,[]
107123,1,0,18710000,0,1,10002,,,0,0,1,0,False,0,0,2,0,True,False,40,40,180,3000.0,[],False,0,0,0,0,,,,[]
107124,1,0,18620000,0,1,10002,,,0,0,1,0,False,0,0,2,0,True,False,40,90,200,3000.0,[],False,0,0,0,0,,,,[]
107125,1,0,18610000,0,1,10002,,,0,0,1,0,False,0,0,2,0,True,False,40,40,180,3000.0,[],False,0,0,0,0,,,,[]
107126,1,0,18710000,0,1,10002,,,0,0,1,0,False,0,0,2,0,True,False,40,40,180,3000.0,[],False,0,0,0,0,,,,[]
107127,1,0,18610000,0,1,10002,,,0,0,1,0,False,0,0,2,0,True,False,40,40,180,3000.0,[],False,0,0,0,0,,,,[]
107128,1,0,18620000,0,1,10002,,,0,0,1,0,False,0,0,2,0,True,False,40,90,200,3000.0,[],False,0,0,0,0,,,,[]
107129,1,0,18610002,0,1,10002,,,0,0,1,0,False,0,0,2,0,False,False,40,50,200,3000.0,[],False,0,0,0,0,,,,[]
107130,1,0,18640003,0,1,10002,,,0,0,1,0,False,0,0,2,0,False,False,40,50,200,3000.0,[],False,0,0,0,0,,,,[]
107131,1,0,18730000,0,1,10002,NPC_Name_107131,NPC_Title_107131,0,0,1,13,False,0,0,2,0,True,False,40,40,180,3000.0,[],False,0,0,0,0,Floyd,Fotógrafo,,[]
107132,1,0,18620000,0,1,10002,NPC_Name_107132,NPC_Title_107132,0,0,1,13,False,0,0,2,0,True,False,40,50,200,3000.0,[],False,0,0,0,0,Darion,Cavaleiros Cora,,[]
107133,1,0,18900000,0,1,10002,NPC_Name_107133,NPC_Title_107133,0,0,1,13,False,0,0,2,0,True,False,40,50,200,3000.0,[],False,0,0,0,0,Johanne,Decemist,,[]
107134,1,0,18720000,0,1,10002,NPC_Name_107134,NPC_Title_107134,0,0,1,13,False,0,0,2,0,True,False,40,50,200,3000.0,[],False,0,0,0,0,Platia,Cavaleiros Cora,,[]
107171,1,0,19020000,0,1,10002,NPC_Name_107171,,0,0,1,0,False,0,0,2,0,True,False,40,50,200,3000.0,[],False,0,0,0,0,Gerente de Quest de Facção,,,[]
107172,1,0,19020000,0,1,10002,NPC_Name_107172,,0,0,1,0,False,0,0,2,0,True,False,40,50,200,3000.0,[],False,0,0,0,0,Voz Distorcida,,,[]
107181,1,0,18870000,0,1,10002,NPC_Name_107181,NPC_Title_107181,0,0,1,0,False,0,0,2,0,True,False,40,50,200,3000.0,[],False,0,0,0,0,Codinome 9,Oficial de Investigação Freewall,,[]
107191,1,0,18400000,0,1,10002,NPC_Name_107191,,0,0,1,0,False,0,0,2,0,True,False,40,50,200,3000.0,[],False,0,0,0,0,Steiner 716,,,[]
107192,1,0,17370000,0,1,10002,NPC_Name_107192,NPC_Title_107192,0,0,1,0,False,0,0,2,0,True,False,40,50,200,3000.0,[],False,0,0,0,0,Thorun,Membro da Guilda de Comércio,,[]
107193,1,0,17490000,0,1,10002,NPC_Name_107193,NPC_Title_107193,0,0,1,0,False,0,0,2,0,True,False,40,50,200,3000.0,[],False,0,0,0,0,Beryl,Irmandade do Amanhecer,,[]
107194,1,0,17580000,0,1,10002,NPC_Name_107194,NPC_Title_107194,0,0,1,0,False,0,0,2,0,True,False,40,50,200,3000.0,[],False,0,0,0,0,Percell,Membro da Associação,,[]
107195,1,0,17630000,0,1,10002,NPC_Name_107195,NPC_Title_107195,0,0,1,0,False,0,0,2,0,True,False,40,50,200,3000.0,[],False,0,0,0,0,Hodgson,Civilian,,[]
107196,1,0,18880012,0,1,10002,NPC_Name_107196,NPC_Title_107196,0,0,1,0,False,0,0,2,0,True,False,40,50,200,3000.0,[],False,0,0,0,0,Matilda,Oficial de Investigação,,[]
107197,1,0,18740000,0,1,10002,NPC_Name_107197,NPC_Title_107197,0,0,1,0,False,0,0,2,0,True,False,40,50,200,3000.0,[],False,0,0,0,0,Naim,Gerente de Recursos,,[]
107198,1,0,17090001,0,1,10002,NPC_Name_107198,NPC_Title_107198,0,0,1,0,False,0,0,2,0,True,False,40,50,200,3000.0,[],False,0,0,0,0,Sorn,Biólogo,,[]
107201,1,0,17240000,0,1,10002,NPC_Name_107201,NPC_Title_107201,0,0,1,0,False,0,0,2,0,True,False,40,50,200,3000.0,[],False,0,0,0,0,Kirill Everrune,Cavaleiros da Luz,,[]
107202,1,0,18620003,0,1,10002,NPC_Name_107202,NPC_Title_107202,0,0,1,0,False,0,0,2,0,True,False,40,50,200,3000.0,[],False,0,0,0,0,Rokta,Sacerdote Decem,,[]
107203,1,0,17250000,0,1,10002,NPC_Name_107203,NPC_Title_107203,0,0,1,0,False,0,0,2,0,True,False,40,50,200,3000.0,[],False,0,0,0,0,Transeo Vickers,Cavaleiros da Luz,,[]
107204,1,0,17240000,0,1,10002,NPC_Name_107204,NPC_Title_107204,0,0,1,0,False,0,0,2,0,True,False,40,50,200,3000.0,[],False,0,0,0,0,Kirill Everrune,Cavaleiros da Luz,,[]
107205,1,0,17260000,0,1,10002,NPC_Name_107205,NPC_Title_107205,0,0,1,0,False,0,0,2,0,True,False,40,50,200,3000.0,[],False,0,0,0,0,Celdin Karoph,Cavaleiros da Luz,,[]
107206,1,0,18720000,0,1,10002,NPC_Name_107206,NPC_Title_107206,0,0,1,0,False,0,0,2,0,True,False,40,50,200,3000.0,[],False,0,0,0,0,Stewp,Sacerdote Decem,,[]
107207,1,0,18610002,0,1,10002,NPC_Name_107207,NPC_Title_107207,0,0,1,0,False,0,0,2,0,True,False,40,50,200,3000.0,[],False,0,0,0,0,Inia,Cavaleiros da Luz,,[]
107208,1,0,18700000,0,1,10002,NPC_Name_107208,NPC_Title_107208,0,0,1,0,False,0,0,2,0,True,False,40,50,200,3000.0,[],False,0,0,0,0,Perny,Sacerdote Decem,,[]
107209,1,0,18700000,0,1,10002,NPC_Name_107209,NPC_Title_107209,0,0,1,0,False,0,0,2,0,True,False,40,50,200,3000.0,[],False,0,0,0,0,Perny,Sacerdote Decem,,[]
107210,1,0,17240000,0,1,10002,NPC_Name_107210,NPC_Title_107210,0,0,1,0,False,0,0,2,0,True,False,40,50,200,3000.0,[],False,0,0,0,0,Kirill Everrune,Cavaleiros da Luz,,[]
107221,1,0,17240000,0,1,10002,NPC_Name_107221,NPC_Title_107221,0,0,1,0,False,0,0,2,0,True,False,40,50,200,3000.0,[],False,0,0,0,0,Kirill Everrune,Cavaleiros da Luz,,[]
107222,1,0,17250000,0,1,10002,NPC_Name_107222,NPC_Title_107222,0,0,1,0,False,0,0,2,0,True,False,40,50,200,3000.0,[],False,0,0,0,0,Transeo Vickers,Cavaleiros da Luz,,[]
107223,1,0,18610002,0,1,10002,,,0,0,1,0,False,0,0,2,0,False,False,40,50,200,3000.0,[],False,0,0,0,0,,,,[]
107224,1,0,18620003,0,1,10002,,,0,0,1,0,False,0,0,2,0,False,False,40,50,200,3000.0,[],False,0,0,0,0,,,,[]
107225,1,0,18640003,0,1,10002,,,0,0,1,0,False,0,0,2,0,False,False,40,50,200,3000.0,[],False,0,0,0,0,,,,[]
107226,1,0,18620003,0,1,10002,,,0,0,1,0,False,0,0,2,0,False,False,40,50,200,3000.0,[],False,0,0,0,0,,,,[]
107227,1,0,18640003,0,1,10002,,,0,0,1,0,False,0,0,2,0,False,False,40,50,200,3000.0,[],False,0,0,0,0,,,,[]
107231,1,0,18630000,0,1,10002,NPC_Name_107231,NPC_Title_107231,0,0,1,13,False,0,0,2,0,True,False,40,50,200,3000.0,[],False,0,0,0,0,Fedin,Sacerdote Decem,,[]
107232,1,0,18690000,0,1,10002,NPC_Name_107232,NPC_Title_107232,0,0,1,13,False,0,0,2,0,True,False,40,50,200,3000.0,[],False,0,0,0,0,Archan,Cavaleiros da Luz,,[]
107233,1,0,18720000,0,1,10002,NPC_Name_107233,NPC_Title_107233,0,0,1,13,False,0,0,2,0,True,False,40,50,200,3000.0,[],False,0,0,0,0,Stewp,Sacerdote Decem,,[]
107234,1,0,18610000,0,1,10002,NPC_Name_107234,NPC_Title_107234,0,0,1,13,False,0,0,2,0,True,False,40,50,200,3000.0,[],False,0,0,0,0,Inia,Cavaleiros da Luz,,[]
107271,1,0,19020000,0,1,10002,NPC_Name_107271,,0,0,1,0,False,0,0,2,0,True,False,40,50,200,3000.0,[],False,0,0,0,0,Gerente de Quest de Facção,,,[]
107281,1,0,18870000,0,1,10002,NPC_Name_107281,NPC_Title_107281,0,0,1,0,False,0,0,2,0,True,False,40,50,200,3000.0,[],False,0,0,0,0,Codinome 9,Oficial de Investigação Freewall,,[]
107282,1,0,18870000,0,1,10002,NPC_Name_107282,NPC_Title_107282,0,0,1,0,False,0,0,2,0,True,False,40,50,200,3000.0,[],False,0,0,0,0,Codinome 9,Oficial de Investigação Freewall,,[]
107283,1,0,18960000,0,1,10002,NPC_Name_107283,NPC_Title_107283,0,0,1,0,False,0,0,2,0,True,False,40,50,200,3000.0,[],False,0,0,0,0,Lehman,Cora Civilian,,[]
107291,1,0,17350000,0,1,10002,NPC_Name_107291,NPC_Title_107291,0,0,1,0,False,0,0,2,0,True,False,40,50,200,3000.0,[],False,0,0,0,0,Cromwell,Especialista em Religião,,[]
107292,1,0,18400000,0,1,10002,NPC_Name_107292,,0,0,1,0,False,0,0,2,0,True,False,40,50,200,3000.0,[],False,0,0,0,0,Steiner 1065,,,[]
107293,1,0,18660000,0,1,10002,NPC_Name_107293,NPC_Title_107293,0,0,1,0,False,0,0,2,0,True,False,40,50,200,3000.0,[],False,0,0,0,0,Kurt,Agente,,[]
107294,1,0,18670011,0,1,10002,NPC_Name_107294,NPC_Title_107294,0,0,1,0,False,0,0,2,0,True,False,40,50,200,3000.0,[],False,0,0,0,0,Gorg,Agente,,[]
107295,1,0,18980000,0,1,10002,NPC_Name_107295,NPC_Title_107295,0,0,1,0,False,0,0,2,0,True,False,40,50,200,3000.0,[],False,0,0,0,0,Mick,Representante do Governo,,[]
107296,1,0,18900000,0,1,10002,NPC_Name_107296,NPC_Title_107296,0,0,1,0,False,0,0,2,0,True,False,40,50,200,3000.0,[],False,0,0,0,0,Tebby,Presidente da Associação,,[]
107301,1,0,18670000,0,1,10002,NPC_Name_107301,NPC_Title_107301,0,0,1,13,False,0,0,2,0,True,False,40,50,200,3000.0,[],False,0,0,0,0,Ryders,Minerador de Ghent,,[]
107302,1,0,18670000,0,1,10002,NPC_Name_107301,NPC_Title_107301,0,0,1,13,False,0,0,2,0,True,False,40,50,200,3000.0,[],False,0,0,0,0,Ryders,Minerador de Ghent,,[]
107303,1,0,17620001,0,1,10002,NPC_Name_107303,NPC_Title_107303,0,0,1,13,False,0,0,2,0,True,False,40,50,200,3000.0,[],False,0,0,0,0,Reparar,Trabalhador da Mina de Ghent,,[]
107304,1,0,18670011,0,1,10002,NPC_Name_107304,NPC_Title_107304,0,0,1,13,False,0,0,2,0,True,False,40,50,200,3000.0,[],False,0,0,0,0,Berlox,Drifter da Mina de Ghent,,[]
107305,1,0,18870000,0,1,10002,NPC_Name_107305,NPC_Title_107301,0,0,1,13,False,0,0,2,0,True,False,40,50,200,3000.0,[],False,0,0,0,0,Solas,Minerador de Ghent,,[]
107306,1,0,18670000,0,1,10002,NPC_Name_107301,NPC_Title_107301,0,0,1,13,False,0,0,2,0,True,False,40,50,200,3000.0,[],False,0,0,0,0,Ryders,Minerador de Ghent,,[]
107307,1,0,17620000,0,1,10002,,,0,0,1,13,False,0,0,2,0,True,False,40,50,200,3000.0,[],False,0,0,0,0,,,,[]
107308,1,0,17620000,0,1,10002,,,0,0,1,13,False,0,0,2,0,True,False,40,50,200,3000.0,[],False,0,0,0,0,,,,[]
107309,1,0,17630010,0,1,10002,NPC_Name_107309,NPC_Title_107304,0,0,1,13,False,0,0,2,0,True,False,40,50,200,3000.0,[],False,0,0,0,0,Bart,Drifter da Mina de Ghent,,[]
107310,1,0,17660000,0,1,10002,NPC_Name_107310,NPC_Title_107304,0,0,1,13,False,0,0,2,0,True,False,40,50,200,3000.0,[],False,0,0,0,0,Luke,Drifter da Mina de Ghent,,[]
107311,1,0,17620000,0,1,10002,NPC_Name_107311,NPC_Title_107303,0,0,1,13,False,0,0,2,0,True,False,40,50,200,3000.0,[],False,0,0,0,0,Netro,Trabalhador da Mina de Ghent,,[]
107312,1,0,17630011,0,1,10002,NPC_Name_107312,NPC_Title_107301,0,0,1,13,False,0,0,2,0,True,False,40,50,200,3000.0,[],False,0,0,0,0,Beroc,Minerador de Ghent,,[]
107313,1,0,10320000,0,1,10002,,,0,0,1,13,False,0,0,2,0,True,False,40,50,200,3000.0,[],False,0,0,0,0,,,,[]
107314,1,0,10320000,0,1,10002,,,0,0,1,13,False,0,0,2,0,True,False,40,50,200,3000.0,[],False,0,0,0,0,,,,[]
107391,1,0,17350000,0,1,10002,NPC_Name_107391,NPC_Title_107391,0,0,1,0,False,0,0,2,0,True,False,40,50,200,3000.0,[],False,0,0,0,0,Zenon,Provedor de Segurança,,[]
107392,1,0,18670000,0,1,10002,NPC_Name_107392,NPC_Title_107392,0,0,1,0,False,0,0,2,0,True,False,40,50,200,3000.0,[],False,0,0,0,0,Gideon,Minerador,,[]
107393,1,0,17660000,0,1,10002,NPC_Name_107393,NPC_Title_107393,0,0,1,13,False,0,0,2,0,True,False,40,50,200,3000.0,[],False,0,0,0,0,Kassim,Minerador Aposentado,,[]
107394,1,0,17600000,0,1,10002,NPC_Name_107394,NPC_Title_107394,0,0,1,13,False,0,0,2,0,True,False,40,50,200,3000.0,[],False,0,0,0,0,Frota,Associação de Biologia Bellato,,[]
107395,1,0,17570000,0,1,10002,NPC_Name_107395,NPC_Title_107395,0,0,1,13,False,0,0,2,0,True,False,40,50,200,3000.0,[],False,0,0,0,0,AP-747,Relé Android,,[]
107401,1,0,17210000,221,1,10002,NPC_Name_107401,NPC_Title_107401,0,0,1,13,False,0,0,2,0,True,False,40,100,200,3000.0,[7009901],False,0,0,0,0,Javier Marquez,Líder Supremo dos Mercenários,,[]
107402,1,0,17200000,218,1,10002,NPC_Name_107402,NPC_Title_107402,0,0,1,13,False,0,0,2,0,True,False,40,100,200,3000.0,[7009901],False,0,0,0,0,Aquil Fassbender,Unidade Especial Bellato,,[]
107403,1,0,18820002,220,1,10002,NPC_Name_107403,NPC_Title_107403,0,0,1,13,False,0,0,2,0,True,False,40,100,200,3000.0,[7009901],False,0,0,0,0,Chris,Mercenário Supremo,,[]
107404,1,0,17350000,0,1,10002,NPC_Name_107404,NPC_Title_107404,0,0,1,13,False,0,0,2,0,True,False,40,50,200,3000.0,[],False,0,0,0,0,Verde,Investigador,,[]
107405,1,0,17360000,0,1,10002,NPC_Name_107405,NPC_Title_107405,0,0,1,13,False,0,0,2,0,True,False,40,50,200,3000.0,[],False,0,0,0,0,Oxena,Investigador,,[]
107406,1,0,18880000,243,1,10002,NPC_Name_107406,NPC_Title_107406,0,0,1,13,False,0,0,2,0,True,False,40,100,200,3000.0,"[7011701,7011702]",False,0,0,0,0,Renee,Civil Local,,[]
107409,1,0,17750000,0,1,10002,NPC_Name_107409,NPC_Title_107409,0,0,1,13,False,0,0,2,0,True,False,40,50,200,3000.0,[],False,0,0,0,0,Sitz Paro,Protetor das Estrelas,,[]
107410,1,0,17240000,0,1,10002,NPC_Name_107410,NPC_Title_107410,0,0,1,13,False,0,0,2,0,True,False,40,50,200,3000.0,[],False,0,0,0,0,Kirill Everrune,Cavaleiros da Luz,,[]
107411,1,0,19039000,220,1,10002,NPC_Name_107411,NPC_Title_107411,0,0,1,13,False,0,0,2,0,True,False,40,100,200,3000.0,[7009901],False,0,0,0,0,Cynthia,Mercenário Supremo,,[]
107412,1,0,18820002,220,1,10002,NPC_Name_107412,NPC_Title_107412,0,0,1,13,False,0,0,2,0,True,False,40,100,200,3000.0,[7009901],False,0,0,0,0,Chris,Mercenário Supremo,,[]
107413,1,0,18840000,220,1,10002,NPC_Name_107413,NPC_Title_107413,0,0,1,13,False,0,0,2,0,True,False,40,100,200,3000.0,[7009901],False,0,0,0,0,Aidan,Mercenário Supremo,,[]
107414,1,0,18820002,220,1,10002,NPC_Name_107414,NPC_Title_107414,0,0,1,13,False,0,0,2,0,True,False,40,100,200,3000.0,[7009901],False,0,0,0,0,Chris,Mercenário Supremo,,[]
107415,1,0,18840000,0,1,10002,NPC_Name_107415,,0,0,1,13,False,0,0,2,0,True,False,40,50,200,3000.0,[],False,0,0,0,0,Aidan,,,[]
107416,1,0,17210000,221,1,10002,NPC_Name_107401,NPC_Title_107401,0,0,1,13,False,0,0,2,0,True,False,40,100,200,3000.0,[7009901],True,0,0,0,0,Javier Marquez,Líder Supremo dos Mercenários,,[]
107417,1,0,17200000,218,1,10002,NPC_Name_107402,NPC_Title_107402,0,0,1,13,False,0,0,2,0,True,False,40,100,200,3000.0,[7009901],True,0,0,0,0,Aquil Fassbender,Unidade Especial Bellato,,[]
107418,1,0,19039000,220,1,10002,NPC_Name_107411,NPC_Title_107411,0,0,1,13,True,0,0,2,0,True,False,40,100,200,3000.0,[7009901],True,0,0,0,0,Cynthia,Mercenário Supremo,,[]
107419,1,0,18820002,220,1,10002,NPC_Name_107412,NPC_Title_107412,0,0,1,13,True,0,0,2,0,True,False,40,100,200,3000.0,[7009901],True,0,0,0,0,Chris,Mercenário Supremo,,[]
107420,1,0,18840000,220,1,10002,NPC_Name_107413,NPC_Title_107413,0,0,1,13,True,0,0,2,0,True,False,40,100,200,3000.0,[7009901],True,0,0,0,0,Aidan,Mercenário Supremo,,[]
107491,1,0,17470000,0,1,10002,NPC_Name_107491,NPC_Title_107491,0,0,1,0,False,0,0,2,0,True,False,40,50,200,3000.0,[],False,0,0,0,0,Astra,Oficial da Facção,,[]
107492,1,0,17600000,0,1,10002,NPC_Name_107492,NPC_Title_107492,0,0,1,13,False,0,0,2,0,True,False,40,50,200,3000.0,[],False,0,0,0,0,Phabein,Ecologista,,[]
107493,1,0,17570000,0,1,10002,NPC_Name_107493,NPC_Title_107493,0,0,1,13,False,0,0,2,0,True,False,40,50,200,3000.0,[],False,0,0,0,0,AP-787,Relé Android,,[]
107494,1,0,17540000,0,1,10002,NPC_Name_107494,NPC_Title_107494,0,0,1,13,False,0,0,2,0,True,False,40,50,200,3000.0,[],False,0,0,0,0,Florence,Associação de Biologia Bellato,,[]
107501,1,0,18670000,0,1,10002,NPC_Name_107501,NPC_Title_107501,0,0,1,13,False,0,0,2,0,True,False,40,50,200,3000.0,[],False,0,0,0,0,Ryders,Minerador de Ghent,,[]
107502,1,0,17630000,0,1,10002,NPC_Name_107502,NPC_Title_107502,0,0,1,13,False,0,0,2,0,True,False,40,50,200,3000.0,[],False,0,0,0,0,Farrel,Minerador de Ghent,,[]
107503,1,0,17620001,0,1,10002,NPC_Name_107503,NPC_Title_107503,0,0,1,13,False,0,0,2,0,True,False,40,40,180,3000.0,[],False,0,0,0,0,Oleg,Minerador de Ghent,,[]
107504,1,0,17470000,1,1,10002,NPC_Name_107504,NPC_Title_107504,0,0,1,13,False,0,0,2,0,True,False,40,35,200,3000.0,[],False,0,0,0,0,Greg,Trabalhador Base,,[]
107505,1,0,17620001,0,1,10002,NPC_Name_107505,NPC_Title_107505,0,0,1,13,False,0,0,2,0,True,False,40,40,180,3000.0,[],False,0,0,0,0,Hank,Minerador de Ghent,,[]
107506,1,0,18670000,0,1,10002,NPC_Name_107506,NPC_Title_107506,0,0,1,13,False,0,0,2,0,True,False,40,50,200,3000.0,[],False,0,0,0,0,Ryders,Minerador de Ghent,,[]
107591,1,0,17510000,0,1,10002,NPC_Name_107591,NPC_Title_107591,0,0,1,13,False,0,0,2,0,True,False,40,50,200,3000.0,[],False,0,0,0,0,Gafe,Engenheiro,,[]
107592,1,0,17350000,0,1,10002,NPC_Name_107592,NPC_Title_107592,0,0,1,13,False,0,0,2,0,True,False,40,50,200,3000.0,[],False,0,0,0,0,Órion,Aristocrata Desgraçado,,[]
107593,1,0,17141010,0,1,10002,NPC_Name_107593,NPC_Title_107593,0,0,1,13,False,0,0,2,0,True,False,40,50,200,3000.0,[],False,120703,0,0,0,Senikoff,Pesquisador Accretia,,[]
107594,1,0,18670001,0,1,10002,NPC_Name_107594,NPC_Title_107594,0,0,1,13,False,0,0,2,0,True,False,40,50,200,3000.0,[],False,0,0,0,0,Bourbon,Provedor de Segurança,,[]
107595,1,0,17350000,0,1,10002,NPC_Name_107595,NPC_Title_107595,0,0,1,13,False,0,0,2,0,True,False,40,50,200,3000.0,[],False,0,0,0,0,Lesma,Aventureiro Accretia,,[]
107604,29,0,17580000,0,1,10002,NPC_Name_107604,NPC_Title_107604,0,0,1,13,False,0,0,2,0,True,False,40,50,200,3000.0,[],False,0,0,0,0,Stolaphin,Pesquisador de Tecnologia Agrícola,,[]
107605,29,0,17630000,0,1,10002,NPC_Name_107605,NPC_Title_107605,0,0,1,13,False,0,0,2,0,True,False,40,50,200,3000.0,[],False,0,0,0,0,Yuto,Pesquisador de Tecnologia Agrícola,,[]
107606,29,0,17600010,0,1,10002,NPC_Name_107606,NPC_Title_107606,0,0,1,13,False,0,0,2,0,True,False,40,50,200,3000.0,[],False,0,0,0,0,Dolton,Pesquisador Newzen,,[]
107607,29,0,17180001,0,1,10002,NPC_Name_107607,NPC_Title_107607,0,0,1,13,False,0,0,2,0,True,False,40,50,200,3000.0,[],False,0,0,0,0,Benny,Pesquisador Newzen,,[]
107608,29,0,17220010,0,1,10002,NPC_Name_107608,NPC_Title_107608,0,0,1,0,False,0,0,2,0,True,False,40,50,200,3000.0,[],False,0,0,0,0,Crossel,Guarnição Bellato,,[]
107610,29,0,17200000,0,1,10002,NPC_Name_107610,NPC_Title_107610,0,0,1,13,False,0,0,2,0,True,False,40,50,200,3000.0,[],False,0,0,0,0,Aquil Fassbender,Unidade Especial Bellato,,[]
107611,29,0,18870001,0,1,10002,NPC_Name_107611,NPC_Title_107611,0,0,1,13,False,0,0,2,0,True,False,40,50,200,3000.0,[],False,0,0,0,0,Derice,Pesquisador Newzen,,[]
107692,1,0,18880000,0,1,10002,NPC_Name_107692,NPC_Title_107692,0,0,1,0,False,0,0,2,0,True,False,40,50,200,3000.0,[],False,0,0,0,0,Norad,Biólogo,,[]
107693,1,0,17180001,0,1,10002,NPC_Name_107693,NPC_Title_107693,0,0,1,0,False,0,0,2,0,True,False,40,50,200,3000.0,[],False,0,0,0,0,Tristan,Pesquisador,,[]
107701,1,0,17250000,0,1,10002,NPC_Name_107701,NPC_Title_107701,0,0,1,0,False,0,0,2,0,True,False,40,50,200,3000.0,[],False,0,0,0,0,Transeo Vickers,Cavaleiros da Luz,,[]
107702,1,0,17250000,0,1,10002,NPC_Name_107701,NPC_Title_107701,0,0,1,0,False,0,0,2,0,True,False,40,50,200,3000.0,[],False,0,0,0,0,Transeo Vickers,Cavaleiros da Luz,,[]
107703,1,0,17750000,0,1,10002,NPC_Name_107703,NPC_Title_107703,0,0,1,0,False,0,0,2,0,True,False,40,50,200,3000.0,[],False,0,0,0,0,Sitz Paro,Protetor das Estrelas,,[]
107704,1,0,17240000,1,1,10002,NPC_Name_107704,NPC_Title_107701,0,0,1,0,False,0,0,2,0,True,False,40,50,200,3000.0,[],False,0,0,0,0,Kirill Everrune,Cavaleiros da Luz,,[]
107705,1,0,18720000,0,1,10002,NPC_Name_107705,NPC_Title_107705,0,0,1,0,False,0,0,2,0,True,False,40,50,200,3000.0,[],False,0,0,0,0,Arondel,Sacerdote Buscador da Verdade,,[]
107706,1,0,18630010,0,1,10002,NPC_Name_107706,NPC_Title_107706,0,0,1,0,False,0,0,2,0,True,False,40,50,200,3000.0,[],False,0,0,0,0,Taliya,Missionário Sacerdote,,[]
107707,1,0,18720000,0,1,10002,NPC_Name_107707,NPC_Title_107707,0,0,1,0,False,0,0,2,0,True,False,40,50,200,3000.0,[],False,0,0,0,0,Rayez,Sacerdote Construcionista,,[]
107708,1,0,18700000,0,1,10002,,,0,0,1,0,False,0,0,2,0,False,False,40,50,200,3000.0,[],False,0,0,0,0,,,,[]
107709,1,0,18650000,0,1,10002,,,0,0,1,0,False,0,0,2,0,False,False,40,50,200,3000.0,[],False,0,0,0,0,,,,[]
107710,1,0,18690000,0,1,10002,,,0,0,1,0,False,0,0,2,0,False,False,40,50,200,3000.0,[],False,0,0,0,0,,,,[]
107711,1,0,18610000,0,1,10002,,,0,0,1,0,False,0,0,2,0,False,False,40,50,200,3000.0,[],False,0,0,0,0,,,,[]
107712,1,0,18620000,0,1,10002,NPC_Name_107712,NPC_Title_107712,0,0,1,13,False,0,0,2,0,True,False,40,50,200,3000.0,[],False,0,0,0,0,Fitzrick,Mercenário Errante,,[]
107713,1,0,18720000,0,1,10002,NPC_Name_107713,NPC_Title_107713,0,0,1,13,False,0,0,2,0,True,False,40,50,200,3000.0,[],False,0,0,0,0,Silvella,Grande Templo Sacerdote Ordenado,,[]
107714,1,0,18620000,0,1,10002,NPC_Name_107714,NPC_Title_107714,0,0,1,13,False,0,0,2,0,True,False,40,50,200,3000.0,[],False,0,0,0,0,Novarin,Escudeiro,,[]
107715,1,0,18980000,0,1,10002,NPC_Name_107715,NPC_Title_107715,0,0,1,13,False,0,0,2,0,True,False,40,50,200,3000.0,[],False,0,0,0,0,Raydon,Sacerdote em Treinamento,,[]
107716,1,0,18890000,0,1,10002,,,0,0,1,0,False,0,0,2,0,False,False,40,50,200,3000.0,[],False,0,0,0,0,,,,[]
107717,1,0,18980002,0,1,10002,,,0,0,1,0,False,0,0,2,0,False,False,40,50,200,3000.0,[],False,0,0,0,0,,,,[]
107718,1,0,18610002,0,1,10002,,,0,0,1,0,False,0,0,2,0,False,False,40,50,200,3000.0,[],False,0,0,0,0,,,,[]
107719,1,0,18610000,0,1,10002,,,0,0,1,0,False,0,0,2,0,False,False,40,50,200,3000.0,[],False,0,0,0,0,,,,[]
107720,1,0,18620002,0,1,10002,,,0,0,1,0,False,0,0,2,0,False,False,40,50,200,3000.0,[],False,0,0,0,0,,,,[]
107721,1,0,18620000,0,1,10002,,,0,0,1,0,False,0,0,2,0,False,False,40,50,200,3000.0,[],False,0,0,0,0,,,,[]
107722,1,0,18610000,0,1,10002,,,0,0,1,0,False,0,0,2,0,False,False,40,50,200,3000.0,[],False,0,0,0,0,,,,[]
107771,1,0,18870000,0,1,10002,NPC_Name_107771,NPC_Title_107771,0,0,1,13,False,0,0,2,0,True,False,40,50,200,3000.0,[],False,0,0,0,0,Marcar,Agente Bellato,,[]
107772,1,0,18870000,0,1,10002,NPC_Name_107772,NPC_Title_107772,0,0,1,13,False,0,0,2,0,True,False,40,50,200,3000.0,[],False,0,0,0,0,Mildred,Estudioso de Religião,,[]
107781,1,0,17140000,0,1,10002,NPC_Name_107781,NPC_Title_107781,0,0,1,13,False,0,0,2,0,True,False,40,50,200,3000.0,[],False,0,0,0,0,Marrom,Investigador da Academia,,[]
107782,1,0,17140000,0,1,10002,NPC_Name_107781,NPC_Title_107781,0,0,1,13,False,0,0,2,0,True,False,40,50,200,3000.0,[],False,0,0,0,0,Marrom,Investigador da Academia,,[]
107783,1,0,17540000,0,1,10002,NPC_Name_107783,,0,0,1,13,False,0,0,2,0,True,False,40,50,200,3000.0,[],False,0,0,0,0,Gerente de Quest de Facção,,,[]
107784,1,0,17540000,0,1,10002,NPC_Name_107783,,0,0,1,13,False,0,0,2,0,True,False,40,50,200,3000.0,[],False,0,0,0,0,Gerente de Quest de Facção,,,[]
107785,1,0,17350000,0,1,10002,NPC_Name_107785,NPC_Title_107785,0,0,1,13,False,0,0,2,0,True,False,40,50,200,3000.0,[],False,0,0,0,0,Hustler,Membro da Guilda de Comércio,,[]
107791,1,0,18720000,0,1,10002,NPC_Name_107791,NPC_Title_107701,0,0,1,13,False,0,0,2,0,True,False,40,50,200,3000.0,[],False,0,0,0,0,Darren,Cavaleiros da Luz,,[]
107792,1,0,18610000,0,1,10002,NPC_Name_107792,NPC_Title_107792,0,0,1,13,False,0,0,2,0,True,False,40,50,200,3000.0,[],False,0,0,0,0,Greta,Cavaleiro,,[]
107793,1,0,18900000,0,1,10002,NPC_Name_107793,NPC_Title_107793,0,0,1,13,False,0,0,2,0,True,False,40,50,200,3000.0,[],False,0,0,0,0,Alitus,Funcionário Público,,[]
107801,1,0,17780000,0,1,10002,NPC_Name_107801,,0,0,1,0,False,0,0,2,0,True,False,40,50,200,3000.0,[],False,0,0,0,0,,,,[]
107802,1,0,18570000,0,1,10002,NPC_Name_107802,,0,0,1,13,False,0,0,2,0,True,False,40,50,200,3000.0,[],False,0,0,0,0,,,,[]
107803,1,0,17480000,0,1,10002,NPC_Name_107803,,0,0,1,13,False,0,0,2,0,True,False,40,50,200,3000.0,[],False,0,0,0,0,,,,[]
107804,1,0,17470000,0,1,10002,NPC_Name_107804,,0,0,1,0,False,0,0,2,0,True,False,40,50,200,3000.0,[],False,0,0,0,0,,,,[]
107805,1,0,17780000,0,1,10002,NPC_Name_107805,,0,0,1,0,False,0,0,2,0,True,False,40,50,200,3000.0,[],False,0,0,0,0,,,,[]
107806,1,0,18570000,0,1,10002,NPC_Name_107806,,0,0,1,13,False,0,0,2,0,True,False,40,50,200,3000.0,[],False,0,0,0,0,,,,[]
107807,1,0,17100000,0,1,10002,NPC_Name_107807,,0,0,1,13,False,0,0,2,0,True,False,40,50,200,3000.0,[],False,0,0,0,0,,,,[]
107808,1,0,17370000,0,1,10002,NPC_Name_107808,,0,0,1,0,False,0,0,2,0,True,False,40,50,200,3000.0,[],False,0,0,0,0,Lorraine,,,[]
107811,1,0,17780000,0,1,10002,NPC_Name_107811,NPC_Title_107811,0,0,1,0,False,0,0,2,0,True,False,40,50,200,3000.0,[],False,0,0,0,0,Scalar Ion,Fantasma Vermelho,,[]
107812,1,0,17780000,0,1,10002,NPC_Name_107812,NPC_Title_107812,0,0,1,0,False,0,0,2,0,True,False,40,50,200,3000.0,[],False,0,0,0,0,Scalar Ion,Fantasma Vermelho,,[]
107813,1,0,17780000,0,1,10002,NPC_Name_107813,NPC_Title_107813,0,0,1,0,False,0,0,2,0,True,False,40,50,200,3000.0,[],False,0,0,0,0,Scalar Ion,Fantasma Vermelho,,[]
107814,1,0,17780000,0,1,10002,NPC_Name_107814,NPC_Title_107814,0,0,1,0,False,0,0,2,0,True,False,40,50,200,3000.0,[],False,0,0,0,0,Scalar Ion,Fantasma Vermelho,,[]
107815,1,0,17780000,0,1,10002,NPC_Name_107815,NPC_Title_107815,0,0,1,0,False,0,0,2,0,True,False,40,50,200,3000.0,[],False,0,0,0,0,Scalar Ion,Fantasma Vermelho,,[]
107816,1,0,17780000,0,1,10002,NPC_Name_107816,NPC_Title_107816,0,0,1,0,False,0,0,2,0,True,False,40,50,200,3000.0,[],False,0,0,0,0,Scalar Ion,Fantasma Vermelho,,[]
107817,1,0,17780000,0,1,10002,NPC_Name_107817,NPC_Title_107817,0,0,1,0,False,0,0,2,0,True,False,40,50,200,3000.0,[],False,0,0,0,0,Scalar Ion,Fantasma Vermelho,,[]
107820,1,0,17510000,0,1,10002,NPC_Name_107820,NPC_Title_107820,0,0,1,0,False,0,0,2,0,True,False,40,50,200,3000.0,[],False,0,0,0,0,Hallan,Chefe da Vila,,[]
107821,1,0,17411111,0,1,10002,NPC_Name_107821,NPC_Title_107821,0,0,1,0,False,0,0,2,0,True,False,40,50,200,3000.0,[],False,0,0,0,0,Marius,Agente de Inteligência,,[]
107822,1,0,17411111,0,1,10002,NPC_Name_107822,NPC_Title_107822,0,0,1,0,False,0,0,2,0,True,False,40,50,200,3000.0,[],False,0,0,0,0,Marius,Agente de Inteligência,,[]
107823,1,0,17540000,0,1,10002,NPC_Name_107823,NPC_Title_107823,0,0,1,0,False,0,0,2,0,True,False,40,50,200,3000.0,[],False,0,0,0,0,Engenheiro,Corretor de Informações,,[]
107824,1,0,17411113,0,1,10002,NPC_Name_107824,NPC_Title_107824,0,0,1,0,False,0,0,2,0,True,False,40,50,200,3000.0,[],False,0,0,0,0,Berney,Oficial de Ligação,,[]
107825,1,0,17411113,0,1,10002,NPC_Name_107825,NPC_Title_107825,0,0,1,0,False,0,0,2,0,True,False,40,50,200,3000.0,[],False,0,0,0,0,Berney,Oficial de Ligação,,[]
107826,1,0,17550000,0,1,10002,NPC_Name_107826,NPC_Title_107826,0,0,1,0,False,0,0,2,0,True,False,40,50,200,3000.0,[],False,0,0,0,0,NAD-83,Suporte Android,,[]
107827,1,0,17550000,0,1,10002,NPC_Name_107827,NPC_Title_107827,0,0,1,0,False,0,0,2,0,True,False,40,50,200,3000.0,[],False,0,0,0,0,NAD-83,Suporte Android,,[]
107828,1,0,18670013,0,1,10002,NPC_Name_107828,NPC_Title_107828,0,0,1,0,False,0,0,2,0,True,False,40,50,200,3000.0,[],False,0,0,0,0,Brennan,Líder da Equipe de Segurança,,[]
107829,1,0,18670013,0,1,10002,NPC_Name_107829,NPC_Title_107829,0,0,1,0,False,0,0,2,0,True,False,40,50,200,3000.0,[],False,0,0,0,0,Brennan,Líder da Equipe de Segurança,,[]
107830,1,0,17600000,0,1,10002,NPC_Name_107830,NPC_Title_107830,0,0,1,0,False,0,0,2,0,True,False,40,50,200,3000.0,[],False,0,0,0,0,Frank,Ecologista,,[]
107831,1,0,17600000,0,1,10002,NPC_Name_107831,NPC_Title_107831,0,0,1,0,False,0,0,2,0,True,False,40,50,200,3000.0,[],False,0,0,0,0,Frank,Ecologista,,[]
107832,1,0,18610010,0,1,10002,NPC_Name_107832,NPC_Title_107832,0,0,1,0,False,0,0,2,0,True,False,40,50,200,3000.0,[],False,0,0,0,0,Kelly,Agente de Inteligência,,[]
107833,1,0,18610010,0,1,10002,NPC_Name_107833,NPC_Title_107833,0,0,1,0,False,0,0,2,0,True,False,40,50,200,3000.0,[],False,0,0,0,0,Kelly,Agente de Inteligência,,[]
107834,1,0,17650000,0,1,10002,NPC_Name_107834,NPC_Title_107834,0,0,1,0,False,0,0,2,0,True,False,40,50,200,3000.0,[],False,0,0,0,0,Wilma,Informante Bellato,,[]
107835,1,0,18910011,0,1,10002,NPC_Name_107835,NPC_Title_107835,0,0,1,0,False,0,0,2,0,True,False,40,50,200,3000.0,[],False,0,0,0,0,Irina,Sumo Sacerdote,,[]
107836,1,0,18960010,0,1,10002,NPC_Name_107836,NPC_Title_107836,0,0,1,0,False,0,0,2,0,True,False,40,50,200,3000.0,[],False,0,0,0,0,Patrick,Diretor Adjunto de Inteligência,,[]
107850,1,0,17480001,0,1,10002,NPC_Name_107850,NPC_Title_107850,0,0,1,13,False,0,0,2,0,True,False,40,50,200,3000.0,[],False,0,0,0,0,Dora,Catador de Peças de Máquina,,[]
107851,1,0,17510000,0,1,10002,NPC_Name_107851,NPC_Title_107851,0,0,1,13,False,0,0,2,0,True,False,40,50,200,3000.0,[],False,0,0,0,0,Kopar,Ermitão,,[]
107852,1,0,17490000,0,1,10002,NPC_Name_107852,NPC_Title_107852,0,0,1,13,False,0,0,2,0,True,False,40,50,200,3000.0,[],False,0,0,0,0,Novak,Trapper,,[]
107853,1,0,17480000,0,1,10002,NPC_Name_107853,NPC_Title_107853,0,0,1,13,False,0,0,2,0,True,False,40,50,200,3000.0,[],False,0,0,0,0,Zenya,Espião,,[]
107854,1,0,17560000,0,1,10002,NPC_Name_107854,NPC_Title_107854,0,0,1,13,False,0,0,2,0,True,False,40,50,200,3000.0,[],False,0,0,0,0,Finn,Guilda de Mercadores Nekaran,,[]
107885,1,0,30780000,0,1,10002,NPC_Name_107885,,0,0,1,0,False,0,0,2,0,False,False,0,50,200,3000.0,[],False,0,1,0,0,Mancha de Sangue Suspeita,,,[]
107886,1,0,31160000,0,1,10002,NPC_Name_107886,,0,0,1,0,False,0,0,2,0,False,False,0,50,200,3000.0,[],False,0,1,0,0,Pegadas Suspeitas,,,[]
107887,1,0,18770000,0,1,10002,NPC_Name_107887,,0,0,1,0,False,0,0,2,0,False,False,30,50,200,3000.0,[],False,0,1,0,0,,,,[]
107888,1,0,18750000,0,1,10002,NPC_Name_107888,,0,0,1,0,False,0,0,2,0,False,False,30,50,200,3000.0,[],False,0,1,0,0,,,,[]
107889,1,0,30400003,0,1,10002,NPC_Name_107889,,0,0,1,0,False,0,0,2,0,False,False,30,50,200,3000.0,[],False,0,1,0,0,Cauda Accretiana Capturada,,,[]
107890,1,0,30120001,0,1,10002,NPC_Name_107890,,0,0,1,0,False,0,0,2,0,False,False,30,50,200,3000.0,[],False,0,1,0,0,,,,[]
107891,1,0,30120002,0,1,10002,NPC_Name_107891,,0,0,1,0,False,0,0,2,0,False,False,30,50,200,3000.0,[],False,0,1,0,0,,,,[]
107892,1,0,30120003,0,1,10002,NPC_Name_107892,,0,0,1,0,False,0,0,2,0,False,False,30,50,200,3000.0,[],False,0,1,0,0,,,,[]
107893,1,0,30610000,0,1,10002,NPC_Name_107893,,0,0,1,0,False,0,0,2,0,False,False,30,50,200,3000.0,[],False,0,1,0,0,,,,[]
107894,1,0,30960000,0,1,10002,NPC_Name_107894,,0,0,1,0,False,0,0,2,0,False,False,30,50,200,3000.0,[],False,0,1,0,0,,,,[]
107895,1,0,17470000,0,1,10002,NPC_Name_107895,,0,0,1,0,False,0,0,2,0,False,False,30,50,200,3000.0,[],False,0,1,0,0,,,,[]
107896,1,0,17480000,0,1,10002,NPC_Name_107896,,0,0,1,0,False,0,0,2,0,False,False,30,50,200,3000.0,[],False,0,1,0,0,,,,[]
107897,1,0,17520000,0,1,10002,NPC_Name_107897,,0,0,1,0,False,0,0,2,0,False,False,30,50,200,3000.0,[],False,0,1,0,0,,,,[]
107898,1,0,17490000,0,1,10002,NPC_Name_107898,,0,0,1,0,False,0,0,2,0,False,False,30,50,200,3000.0,[],False,0,1,0,0,,,,[]
107899,1,0,17500000,0,1,10002,NPC_Name_107899,,0,0,1,0,False,0,0,2,0,False,False,30,50,200,3000.0,[],False,0,1,0,0,,,,[]
107901,1,0,17780000,0,1,10002,NPC_Name_107901,NPC_Title_107901,0,0,1,0,False,0,0,2,0,True,False,40,50,200,3000.0,[],False,0,0,0,0,Scalar Ion,Fantasma Vermelho,,[]
107902,1,0,17140002,0,1,10002,NPC_Name_107902,NPC_Title_107902,0,0,1,0,False,0,0,2,0,True,False,40,50,200,3000.0,[],False,0,0,0,0,Coma,Botânico,,[]
107903,1,0,17141001,0,1,10002,NPC_Name_107903,NPC_Title_107903,0,0,1,0,False,0,0,2,0,True,False,40,50,200,3000.0,[],False,0,0,0,0,Kaen,Botânico,,[]
107904,1,0,17141011,0,1,10002,NPC_Name_107904,NPC_Title_107904,0,0,1,0,False,0,0,2,0,True,False,40,50,200,3000.0,[],False,0,0,0,0,Rolley,Pesquisador Sênior,,[]
107905,1,0,17780000,0,1,10002,NPC_Name_107905,NPC_Title_107905,0,0,1,0,False,0,0,2,0,True,False,40,50,200,3000.0,[],False,0,0,0,0,Scalar Ion,Fantasma Vermelho,,[]
107906,1,0,17140004,0,1,10002,NPC_Name_107906,NPC_Title_107906,0,0,1,0,False,0,0,2,0,True,False,40,50,200,3000.0,[],False,0,0,0,0,Tartoo,Botânico,,[]
107907,1,0,17141011,0,1,10002,NPC_Name_107907,NPC_Title_107907,0,0,1,0,False,0,0,2,0,True,False,40,50,200,3000.0,[],False,0,0,0,0,Rolley,Pesquisador Sênior,,[]
107908,1,0,17780000,0,1,10002,NPC_Name_107908,NPC_Title_107908,0,0,1,0,False,0,0,2,0,True,False,40,50,200,3000.0,[],False,0,0,0,0,Scalar Ion,Fantasma Vermelho,,[]
107931,1,0,17370000,0,1,10002,NPC_Name_107931,NPC_Title_107931,0,0,1,13,False,0,0,2,0,True,False,40,50,200,3000.0,[],False,0,0,0,0,Naris,Contratante Militar,,[]
107932,1,0,17540000,0,1,10002,NPC_Name_107932,NPC_Title_107932,0,0,1,13,False,0,0,2,0,True,False,40,50,200,3000.0,[],False,0,0,0,0,AN-579,Android de Segurança,,[]
107933,1,0,17140001,0,1,10002,NPC_Name_107933,NPC_Title_107933,0,0,1,13,False,0,0,2,0,True,False,40,50,200,3000.0,[],False,0,0,0,0,Bettany,Botânico,,[]
107934,1,0,17350000,0,1,10002,NPC_Name_107934,NPC_Title_107934,0,0,1,13,False,0,0,2,0,True,False,40,50,200,3000.0,[],False,0,0,0,0,Mactibish,Especialista em Gastronomia,,[]
107935,1,0,17140000,0,1,10002,NPC_Name_107935,NPC_Title_107935,0,0,1,13,False,0,0,2,0,True,False,40,50,200,3000.0,[],False,0,0,0,0,Connor,Botânico,,[]
107971,1,0,18960010,0,1,10002,NPC_Name_107971,NPC_Title_107971,0,0,1,0,False,0,0,2,0,True,False,40,50,200,3000.0,[],False,0,0,0,0,Patrick,Diretor Adjunto de Inteligência,,[]
107972,1,0,17140005,0,1,10002,,,0,0,1,0,False,0,0,2,0,False,False,40,50,200,3000.0,[],False,0,0,0,0,,,,[]
107973,1,0,18620003,0,1,10002,,,0,0,1,0,False,0,0,2,0,False,False,40,50,200,3000.0,[],False,0,0,0,0,,,,[]
107974,1,0,18700000,0,1,10002,,,0,0,1,0,False,0,0,2,0,False,False,40,50,200,3000.0,[],False,0,0,0,0,,,,[]
107991,1,0,17411113,0,1,10002,NPC_Name_107991,NPC_Title_107991,0,0,1,0,False,0,0,2,0,True,False,40,50,200,3000.0,[],False,0,0,0,0,Berney,Oficial de Ligação,,[]
107992,1,0,17411111,0,1,10002,NPC_Name_107992,NPC_Title_107992,0,0,1,0,False,0,0,2,0,True,False,40,50,200,3000.0,[],False,0,0,0,0,Marius,Agente de Inteligência,,[]
107993,1,0,17411111,0,1,10002,NPC_Name_107993,NPC_Title_107993,0,0,1,0,False,0,0,2,0,True,False,40,50,200,3000.0,[],False,0,0,0,0,Marius,Agente de Inteligência,,[]
107994,1,0,18670013,0,1,10002,NPC_Name_107994,NPC_Title_107994,0,0,1,0,False,0,0,2,0,True,False,40,50,200,3000.0,[],False,0,0,0,0,Brennan,Líder da Equipe de Segurança,,[]
107995,1,0,17640010,0,1,10002,NPC_Name_107995,NPC_Title_107995,0,0,1,0,False,0,0,2,0,True,False,40,50,200,3000.0,[],False,0,0,0,0,Emily,Supervisor de Greenworld,,[]
107996,1,0,18720000,0,1,10002,NPC_Name_107996,NPC_Title_107996,0,0,1,0,False,0,0,2,0,True,False,40,50,200,3000.0,[],False,0,0,0,0,Randall,Sacerdote,,[]
107997,1,0,18910010,0,1,10002,NPC_Name_107997,NPC_Title_107997,0,0,1,0,False,0,0,2,0,True,False,40,50,200,3000.0,[],False,0,0,0,0,Irina,Sumo Sacerdote,,[]
108101,1,0,18760000,1,1,10002,NPC_Name_108101,NPC_Title_108101,0,0,1,13,False,0,0,2,0,True,False,40,60,200,3000.0,[7013301],False,0,0,0,0,Martelo,Guarda da Expedição Arqueológica,,[]
108102,1,0,18660000,0,1,10002,NPC_Name_108102,NPC_Title_108102,0,0,1,13,False,0,0,2,0,True,False,40,50,200,3000.0,[],False,0,0,0,0,Gregory,Líder da Expedição Arqueológica,,[]
108103,1,0,17630010,0,1,10002,NPC_Name_108103,NPC_Title_108103,0,0,1,13,False,0,0,2,0,True,False,40,50,200,3000.0,[],False,0,0,0,0,Sherro,Contrabandista de Relíquias,,[]
108104,1,0,30080000,0,1,10002,NPC_Name_108104,NPC_Title_100820,0,0,1,0,True,0,0,2,0,False,False,40,50,200,3000.0,[],False,0,0,0,0,Sitz Paro,Protetor das Estrelas,,[]
108105,1,0,17600000,0,1,10002,NPC_Name_108105,NPC_Title_108105,0,0,1,13,False,0,0,2,0,True,False,40,50,200,3000.0,[],False,0,0,0,0,Collie,Expedição Arqueológica,,[]
108106,1,0,18670000,0,1,10002,NPC_Name_108106,NPC_Title_108106,0,0,1,13,False,0,0,2,0,True,False,40,50,200,3000.0,[],False,0,0,0,0,Bred,Investigador Bellato,,[]
108107,1,0,17600010,0,1,10002,NPC_Name_108107,NPC_Title_108107,0,0,1,13,False,0,0,2,0,True,False,40,50,200,3000.0,[],False,0,0,0,0,Mott,Contrabandista de Relíquias,,[]
108108,1,0,17490000,0,1,10002,NPC_Name_108108,NPC_Title_108108,0,0,1,13,False,0,0,2,0,True,False,40,50,200,3000.0,[],False,0,0,0,0,Raoul,Contrabandista de Relíquias,,[]
108109,1,0,30080000,0,1,10002,NPC_Name_108109,,0,0,1,0,True,0,0,2,0,False,False,40,50,200,3000.0,[],False,0,0,0,0,Inez Allen,,,[]
108201,5,0,17180001,0,1,10002,,,0,0,1,0,False,0,0,2,0,True,False,40,50,200,3000.0,[],False,0,0,0,0,,,,[]
108202,5,0,18670000,0,1,10002,,,0,0,1,0,False,0,0,2,0,True,False,40,50,200,3000.0,[],False,0,0,0,0,,,,[]
108203,5,0,18870001,0,1,10002,,,0,0,1,0,False,0,0,2,0,True,False,40,50,200,3000.0,[],False,0,0,0,0,,,,[]
108204,5,0,18670001,0,1,10002,,,0,0,1,0,False,0,0,2,0,True,False,40,50,200,3000.0,[],False,0,0,0,0,,,,[]
108205,5,0,17180000,0,1,10002,NPC_Name_108205,NPC_Title_108205,0,0,1,0,False,0,0,2,0,True,False,40,50,200,3000.0,[],False,0,0,0,0,Callea Everett,Pesquisador Bellato,,[]
108206,5,0,18750000,0,1,10002,,,0,0,1,0,False,0,0,2,0,True,False,40,50,200,3000.0,[],False,0,0,0,0,,,,[]
108207,5,0,18770000,0,1,10002,,,0,0,1,0,False,0,0,2,0,True,False,40,50,200,3000.0,[],False,0,0,0,0,,,,[]
108209,5,0,17590000,0,1,10002,NPC_Name_108209,NPC_Title_108209,0,0,1,13,False,0,0,2,0,True,False,40,50,200,3000.0,[],False,0,0,0,0,Madrin,Civil Bellato,,[]
108210,5,0,17600000,0,1,10002,NPC_Name_108210,NPC_Title_108209,0,0,1,13,False,0,0,2,0,True,False,40,50,200,3000.0,[],False,0,0,0,0,Enis,Civil Bellato,,[]
108250,5,0,10320000,0,1,10002,NPC_Name_108250,NPC_Title_108250,0,0,1,0,False,0,0,2,0,True,False,40,50,200,3000.0,[],False,0,0,0,0,Chuti,Espírito Despreocupado,,[]
108251,5,0,10320001,0,1,10002,NPC_Name_108251,NPC_Title_108251,0,0,1,0,False,0,0,2,0,True,False,40,50,200,3000.0,[],False,0,0,0,0,Chutiness,Mestre das Trevas,,[]
108301,1,0,18770010,0,1,10002,NPC_Name_108301,NPC_Title_108301,0,0,1,0,False,0,0,2,0,True,False,40,50,200,3000.0,[],False,0,0,0,0,Tolio,Oficial Investigador Bellato,,[]
108302,1,0,18750000,0,1,10002,NPC_Name_108302,,0,0,1,0,False,0,0,2,0,False,False,40,40,180,3000.0,[],False,0,1,0,0,Soldado,,,[]
108303,1,0,18770010,0,1,10002,NPC_Name_108301,NPC_Title_108301,0,0,1,0,False,0,0,2,0,True,False,40,50,200,3000.0,[],False,0,0,0,0,Tolio,Oficial Investigador Bellato,,[]
108304,1,0,18750000,0,1,10002,NPC_Name_108304,NPC_Title_108304,0,0,1,13,False,0,0,2,0,True,False,40,40,180,3000.0,[],False,0,0,0,0,Junho,Soldado Bellato,,[]
108305,1,0,10550020,0,1,10002,NPC_Name_108305,NPC_Title_108305,0,0,1,0,False,0,0,2,0,True,False,40,50,200,3000.0,[],False,0,0,0,0,Assumir,Chefe Spikefeather,,[]
108306,1,0,18770010,0,1,10002,NPC_Name_108301,NPC_Title_108301,0,0,1,0,False,0,0,2,0,True,False,40,50,200,3000.0,[],False,0,0,0,0,Tolio,Oficial Investigador Bellato,,[]
108307,1,0,10550000,0,1,10002,NPC_Name_108307,NPC_Title_108307,0,0,1,0,False,0,0,2,0,True,False,40,50,200,3000.0,[],False,0,0,0,0,Aquasi,Guerreiro Pena de Espinho,,[]
108308,1,0,30400004,0,1,10002,NPC_Name_108308,NPC_Title_108308,0,0,1,0,False,0,0,2,0,True,False,40,50,200,3000.0,[],False,0,0,0,0,Rastrear,Mercenário Bellato,,[]
108309,1,0,18810001,18810000,101511,10002,NPC_Name_108309,NPC_Title_108309,0,0,1,0,False,0,0,2,0,True,False,30,80,200,50000.0,"[91010001,91010002,91010003]",False,0,0,0,0,Mars Gudelj,Mercenários Supremos,,[]
108310,1,0,18810001,18810000,101511,10002,NPC_Name_108309,NPC_Title_108309,0,0,1,0,False,0,0,2,0,True,False,30,80,200,50000.0,"[91010001,91010002,91010003]",False,0,0,0,0,Mars Gudelj,Mercenários Supremos,,[]
108311,1,0,18810001,18810000,101511,10002,NPC_Name_108309,NPC_Title_108309,0,0,1,0,False,0,0,2,0,True,False,30,80,200,50000.0,"[91010001,91010002,91010003]",False,0,0,0,0,Mars Gudelj,Mercenários Supremos,,[]
108312,1,0,10550000,0,1,10002,NPC_Name_108312,NPC_Title_108312,0,0,1,13,False,0,0,2,0,True,False,40,50,200,3000.0,[],False,0,0,0,0,Berço,Guerreiro Pena de Espinho,,[]
108313,1,0,17080010,0,1,10002,NPC_Name_108313,NPC_Title_108313,0,0,1,0,False,0,0,2,0,True,False,40,50,200,3000.0,[],False,0,0,0,0,Malta,Comerciante Detido,,[]
108314,1,0,17080000,0,1,10002,NPC_Name_108313,NPC_Title_108314,0,0,1,0,False,0,0,2,0,True,False,40,50,200,3000.0,[],False,0,0,0,0,Malta,Comerciante Tajrun,,[]
108315,1,0,18770000,0,1,10002,NPC_Name_108301,NPC_Title_108301,0,0,1,0,False,0,0,2,0,True,False,40,50,200,3000.0,"[7013401,7013402]",False,0,0,0,0,Tolio,Oficial Investigador Bellato,,[]
108316,1,0,18760000,1,1,10002,NPC_Name_108316,,0,0,1,0,False,0,0,2,0,True,True,40,60,200,30000.0,[7013301],False,0,1,0,0,Soldado Bellato,,,[]
108317,1,0,18750000,0,1,10002,NPC_Name_108317,,0,0,1,0,False,0,0,2,0,False,False,40,40,180,3000.0,[],False,0,1,0,0,Soldado Bellato,,,[]
108318,1,0,18770010,0,1,10002,NPC_Name_108301,NPC_Title_108301,0,0,1,0,False,0,0,2,0,True,False,40,50,200,3000.0,[],False,0,0,0,0,Tolio,Oficial Investigador Bellato,,[]
108319,1,0,17051001,0,1,10002,NPC_Name_108319,,0,0,1,0,False,0,0,2,0,True,False,40,50,200,3000.0,[],False,0,1,0,0,Clansman Spikefeather (para fundo),,,[]
108320,1,0,18750000,0,1,10002,NPC_Name_108302,,0,0,1,0,False,0,0,2,0,False,False,40,40,180,3000.0,[],False,0,1,0,0,Soldado,,,[]
108321,1,0,18750000,0,1,10002,NPC_Name_108302,,0,0,1,0,False,0,0,2,0,False,False,40,40,180,3000.0,[],False,0,1,0,0,Soldado,,,[]
108322,1,0,18750000,0,1,10002,NPC_Name_108302,,0,0,1,0,False,0,0,2,0,False,False,40,40,180,3000.0,[],False,0,1,0,0,Soldado,,,[]
108323,1,0,18770010,0,1,10002,NPC_Name_108301,NPC_Title_108301,0,0,1,0,False,0,0,2,0,True,False,40,50,200,3000.0,[],False,0,0,0,0,Tolio,Oficial Investigador Bellato,,[]
108401,1,0,17350000,0,1,10002,NPC_Name_108401,NPC_Title_108401,0,0,1,13,False,0,0,2,0,True,False,40,40,180,3000.0,[],False,0,0,0,0,Apius,Aristocrata Imperial,,[]
108402,1,0,17540000,0,1,10002,NPC_Name_108402,NPC_Title_108402,0,0,1,13,False,0,0,2,0,True,False,40,50,200,3000.0,[],False,0,0,0,0,Lótus,Assistente de Apius,,[]
108403,1,0,17470000,0,1,10002,NPC_Name_108403,NPC_Title_108403,0,0,1,13,False,0,0,2,0,True,False,40,50,200,3000.0,[],False,0,0,0,0,Derno,Trabalhador Simples,,[]
108404,1,0,17480000,0,1,10002,NPC_Name_108404,NPC_Title_108404,0,0,1,13,False,0,0,2,0,True,False,40,50,200,3000.0,[],False,0,0,0,0,Conev,Escravo Fugitivo,,[]
108405,1,0,17680000,0,1,10002,NPC_Name_108405,NPC_Title_108405,0,0,1,13,False,0,0,2,0,True,False,40,50,200,3000.0,[],False,0,0,0,0,Ajuda,Helas Straggler,,[]
108406,1,0,17010000,100019,1,10002,NPC_Name_100201,NPC_Title_100915,0,0,1,0,False,0,0,2,0,True,False,40,50,200,3000.0,"[7002201,7002202,7002203]",False,0,0,0,0,Bigbass,Mercenário Veterano,,[]
108407,1,0,17020000,0,1,10002,NPC_Name_101308,NPC_Title_105906,0,0,1,0,False,0,0,2,0,True,False,40,50,200,3000.0,[],False,0,0,0,0,Sheera Lumen,Comandante Interino,,[]
108408,1,0,17010000,100019,1,10002,NPC_Name_100201,NPC_Title_100915,0,0,1,0,False,0,0,2,0,True,False,40,50,200,3000.0,"[7002201,7002202,7002203]",False,0,0,0,0,Bigbass,Mercenário Veterano,,[]
108409,1,0,17020000,0,1,10002,NPC_Name_101308,NPC_Title_105906,0,0,1,0,False,0,0,2,0,True,False,40,50,200,3000.0,[],False,0,0,0,0,Sheera Lumen,Comandante Interino,,[]
108410,1,0,17010000,100019,1,10002,NPC_Name_100201,NPC_Title_100915,0,0,1,0,False,0,0,2,0,True,False,40,50,200,3000.0,"[7002201,7002202,7002203]",False,0,0,0,0,Bigbass,Mercenário Veterano,,[]
108411,1,0,17470001,0,1,10002,NPC_Name_108411,NPC_Title_108411,0,0,1,13,False,0,0,2,0,True,False,40,50,200,3000.0,[],False,0,0,0,0,Carter,Trabalhador Simples,,[]
108412,1,0,18990003,0,1,10002,NPC_Name_108412,NPC_Title_108412,0,0,1,13,False,0,0,2,0,True,False,40,40,200,3000.0,[],False,0,0,0,0,Redtail,Criminoso Procurado,,[]
108491,1,0,17570000,0,1,10002,NPC_Name_108491,NPC_Title_108491,0,0,1,0,False,0,0,2,0,True,False,40,50,200,3000.0,[],False,0,0,0,0,Torin Nº 16,Equipe de Pesquisa Biológica,,[]
108501,1,0,17370000,0,1,10002,NPC_Name_108501,NPC_Title_108501,0,0,1,13,False,0,0,2,0,True,False,40,40,200,3000.0,[],False,0,0,0,0,Spencer,Veterano,,[]
108502,1,0,17490000,0,1,10002,NPC_Name_108502,NPC_Title_108502,0,0,1,13,False,0,0,2,0,True,False,40,40,200,3000.0,[],False,0,0,0,0,Gilan,Líder Mercenário,,[]
108503,1,0,17220000,0,1,10002,NPC_Name_108503,NPC_Title_108503,0,0,1,13,False,0,0,2,0,True,False,40,40,200,3000.0,[],False,0,0,0,0,Cailyn,Mercenário Independente,,[]
108504,1,0,17010000,100019,1,10002,NPC_Name_100201,NPC_Title_100915,0,0,1,0,False,0,0,2,0,True,False,40,50,200,3000.0,"[7002201,7002202,7002203]",False,0,0,0,0,Bigbass,Mercenário Veterano,,[]
108505,1,0,17140001,0,1,10002,NPC_Name_108505,NPC_Title_108505,0,0,1,13,False,0,0,2,0,True,False,40,40,180,3000.0,[],False,0,0,0,0,Steyn,Cientista Maluco,,[]
108506,1,0,17221000,0,1,10002,NPC_Name_108506,NPC_Title_108506,0,0,1,13,False,0,0,2,0,True,False,40,40,200,3000.0,[],False,0,0,0,0,Croa,Explorador,,[]
108507,1,0,17010000,100019,1,10002,NPC_Name_108507,NPC_Title_100915,0,0,1,0,False,0,0,2,0,True,False,40,50,200,3000.0,"[7002201,7002202,7002203]",False,0,0,0,0,Bigbass,Mercenário Veterano,,[]
108508,1,0,17010000,100019,1,10002,NPC_Name_108507,NPC_Title_100915,0,0,1,0,False,0,0,2,0,True,False,40,50,200,3000.0,"[7002201,7002202,7002203]",False,0,0,0,0,Bigbass,Mercenário Veterano,,[]
108509,1,0,17120000,0,1,10002,NPC_Name_108509,NPC_Title_108509,0,0,1,13,False,0,0,2,0,True,False,40,40,200,3000.0,[],False,0,0,0,0,Kamiel Lorgana,Comandante da Patrulha de Fronteira,,[]
108510,1,0,17120000,0,1,10002,NPC_Name_108509,NPC_Title_108509,0,0,1,13,False,0,0,2,0,True,False,40,40,200,3000.0,[],False,0,0,0,0,Kamiel Lorgana,Comandante da Patrulha de Fronteira,,[]
108511,1,0,17120000,0,1,10002,NPC_Name_108509,NPC_Title_108509,0,0,1,13,False,0,0,2,0,True,False,40,40,200,3000.0,[],False,0,0,0,0,Kamiel Lorgana,Comandante da Patrulha de Fronteira,,[]
108601,1,0,17780000,0,1,10002,NPC_Name_108601,NPC_Title_108601,0,0,1,0,False,0,0,2,0,True,False,40,50,200,3000.0,[],False,0,0,0,0,Scalar Ion,Fantasma Vermelho,,[]
108602,1,0,17570000,0,1,10002,NPC_Name_108602,NPC_Title_108602,0,0,1,13,False,0,0,2,0,True,False,40,50,200,3000.0,[],False,0,0,0,0,Velkrat,Soldado de Manutenção,,[]
108603,1,0,17570000,0,1,10002,NPC_Name_108603,NPC_Title_108603,0,0,1,13,False,0,0,2,0,True,False,40,50,200,3000.0,[],False,0,0,0,0,Lamberta,Soldado de Manutenção,,[]
108604,1,0,17460000,0,1,10002,NPC_Name_108604,NPC_Title_108604,0,0,1,13,False,0,0,2,0,True,False,40,50,200,3000.0,[],False,0,0,0,0,Gudrun,Guarda,,[]
108605,1,0,17460000,0,1,10002,NPC_Name_108605,NPC_Title_108605,0,0,1,13,False,0,0,2,0,True,False,40,50,200,3000.0,[],False,0,0,0,0,Philbert,Guarda,,[]
108606,1,0,17780000,0,1,10002,NPC_Name_108606,NPC_Title_108606,0,0,1,0,False,0,0,2,0,True,False,40,50,200,3000.0,[],False,0,0,0,0,Scalar Ion,Fantasma Vermelho,,[]
108607,1,0,17411111,0,1,10002,NPC_Name_108607,NPC_Title_108607,0,0,1,0,False,0,0,2,0,True,False,40,50,200,3000.0,[],False,0,0,0,0,Eckhart,Capitão de Manutenção Romulus,,[]
108608,1,0,18540010,0,1,10002,NPC_Name_108608,,0,0,1,0,False,0,0,2,0,True,False,40,50,200,3000.0,[],False,0,0,0,0,Android em Pé,,,[]
108609,1,0,17780000,0,1,10002,NPC_Name_108609,NPC_Title_108609,0,0,1,0,False,0,0,2,0,True,False,40,50,200,3000.0,[],False,0,0,0,0,Scalar Ion,Fantasma Vermelho,,[]
108610,1,0,17570000,0,1,10002,NPC_Name_108610,NPC_Title_108610,0,0,1,13,False,0,0,2,0,True,False,40,50,200,3000.0,[],False,0,0,0,0,Gerlach,Soldado de Manutenção,,[]
108611,1,0,17780000,0,1,10002,NPC_Name_108611,NPC_Title_108611,0,0,1,0,False,0,0,2,0,True,False,40,50,200,3000.0,[],False,0,0,0,0,Scalar Ion,Fantasma Vermelho,,[]
108612,1,0,30120014,999999,1,2503,NPC_Name_108612,,0,0,1,13,True,0,0,2,0,True,False,30,60,180,3000.0,[],False,0,0,0,0,Android Malfuncionando pela Metade,,,[]
108613,1,0,18580000,0,1,2552,NPC_Name_108613,NPC_Title_108613,0,0,1,13,False,0,0,2,0,True,False,40,50,200,3000.0,[],False,0,0,0,0,Tensor,Cientista Overmind Fugido,,[]
108614,1,0,17780000,0,1,2559,NPC_Name_108614,NPC_Title_108614,0,0,1,0,True,0,0,2,0,True,False,40,50,200,3000.0,[],False,0,0,0,0,Scalar Ion,Fantasma Vermelho,,[]
108615,1,0,17460000,0,1,10002,NPC_Name_108615,NPC_Title_108615,0,0,1,13,False,0,0,2,0,True,False,40,50,200,3000.0,[],False,0,0,0,0,Lyna,Guarda,,[]
108616,1,0,17570000,0,1,10002,NPC_Name_108616,,0,0,1,0,True,0,0,2,0,False,False,40,50,200,3000.0,[],False,0,1,0,0,,,,[]
108617,1,0,17460000,0,1,10002,NPC_Name_108617,,0,0,1,0,True,0,0,2,0,False,False,40,50,200,3000.0,[],False,0,1,0,0,,,,[]
108618,1,0,30120000,999999,1,2503,NPC_Name_108618,,0,0,1,0,True,0,0,2,0,False,False,30,60,180,3000.0,[],False,0,1,0,0,,,,[]
108619,1,0,30120002,999999,1,2503,NPC_Name_108619,,0,0,1,0,True,0,0,2,0,False,False,30,60,180,3000.0,[],False,0,1,0,0,,,,[]
108620,1,0,30120003,999999,1,2503,NPC_Name_108620,,0,0,1,0,True,0,0,2,0,False,False,30,60,180,3000.0,[],False,0,1,0,0,,,,[]
108621,1,0,17780000,0,1,10002,NPC_Name_108621,NPC_Title_108621,0,0,1,0,False,0,0,2,0,True,False,40,50,200,3000.0,[],False,0,0,0,0,Scalar Ion,Fantasma Vermelho,,[]
108622,1,0,30080000,999999,1,0,NPC_Name_108622,,0,0,1,0,False,0,0,2,0,False,False,0,60,180,3000.0,[],False,0,1,0,0,,,,[]
108623,1,0,30080000,999999,1,0,NPC_Name_108623,,0,0,1,0,False,0,0,2,0,False,False,0,60,180,3000.0,[],False,0,1,0,0,,,,[]
108631,1,0,17411113,0,1,10002,NPC_Name_108631,NPC_Title_108631,0,0,1,0,False,0,0,2,0,True,False,40,50,200,3000.0,[],False,0,0,0,0,Berney,Oficial de Ligação,,[]
108632,1,0,17620000,0,1,10002,NPC_Name_108632,NPC_Title_108632,0,0,1,0,False,0,0,2,0,True,False,40,50,200,3000.0,[],False,0,0,0,0,Vaco,Funcionário da Greenworld,,[]
108633,1,0,18610010,0,1,10002,NPC_Name_108633,NPC_Title_108633,0,0,1,0,False,0,0,2,0,True,False,40,50,200,3000.0,[],False,0,0,0,0,Kelly,Agente de Inteligência,,[]
108634,1,0,17040000,0,1,10002,NPC_Name_108634,NPC_Title_108634,0,0,1,0,False,0,0,2,0,True,False,40,50,200,3000.0,[],False,0,0,0,0,Taghai,Contrabandista,,[]
108635,1,0,17140002,0,1,10002,NPC_Name_108635,NPC_Title_108635,0,0,1,0,False,0,0,2,0,True,False,40,50,200,3000.0,[],False,0,0,0,0,Zhukov,Funcionário do Escritório da Guarda,,[]
108636,1,0,17640010,0,1,10002,NPC_Name_108636,NPC_Title_108636,0,0,1,0,False,0,0,2,0,True,False,40,50,200,3000.0,[],False,0,0,0,0,Emily,Contato Greenworld,,[]
108637,1,0,18880012,0,1,112591,NPC_Name_108637,NPC_Title_108637,0,0,1,13,False,0,0,2,0,True,False,40,50,200,3000.0,[],False,0,0,0,0,Matilda,Investigador,,[]
108638,1,0,17411100,0,1,10002,NPC_Name_108638,NPC_Title_108638,0,0,1,0,False,0,0,2,0,True,False,40,50,200,3000.0,[],False,0,0,0,0,Anton,Capitão da Guarda,,[]
108639,1,0,18740000,0,1,10002,NPC_Name_108639,NPC_Title_108639,0,0,1,13,False,0,0,2,0,True,False,40,50,200,3000.0,[],False,0,0,0,0,Genevieve,Viajante,,[]
108640,1,0,18960010,0,1,10002,NPC_Name_108640,NPC_Title_108640,0,0,1,13,False,0,0,2,0,True,False,40,40,180,3000.0,[],False,0,0,0,0,Patrick,Diretor Adjunto de Inteligência,,[]
108641,1,0,30080000,999999,1,2501,NPC_Name_108641,,0,0,1,0,True,0,0,2,0,False,False,0,60,180,3000.0,[],False,0,1,0,0,,,,[]
108701,1,0,17250000,1,1,10002,NPC_Name_108701,NPC_Title_108701,0,0,1,13,False,0,0,2,0,True,False,40,100,200,3000.0,"[7011901,7011902]",False,0,0,0,0,Transeo Vickers,Cavaleiros da Luz,,[]
108702,1,0,18630000,0,1,10002,NPC_Name_108702,NPC_Title_108702,0,0,1,13,False,0,0,2,0,True,False,40,40,180,3000.0,[],False,0,0,0,0,Denel,Pesquisador Sênior,,[]
108703,1,0,18730000,0,1,10002,NPC_Name_108703,NPC_Title_108703,0,0,1,13,False,0,0,2,0,True,False,40,40,180,3000.0,[],False,0,0,0,0,Austin,Agente de Quarentena,,[]
108704,1,0,18700000,0,1,10002,NPC_Name_108704,NPC_Title_108704,0,0,1,13,False,0,0,2,0,True,False,40,40,180,3000.0,[],False,0,0,0,0,Henrietta,Pesquisador,,[]
108705,1,0,18890000,0,1,10002,NPC_Name_108705,NPC_Title_108705,0,0,1,13,False,0,0,2,0,True,False,40,40,180,3000.0,[],False,0,0,0,0,Prenda,Pesquisador,,[]
108706,1,0,17250000,1,1,10002,NPC_Name_108701,NPC_Title_108701,0,0,1,13,False,0,0,2,0,True,False,40,100,200,3000.0,"[7011901,7011902]",False,0,0,0,0,Transeo Vickers,Cavaleiros da Luz,,[]
108707,1,0,18630000,0,1,10002,NPC_Name_108702,NPC_Title_108702,0,0,1,13,False,0,0,2,0,True,False,40,40,180,3000.0,[],False,0,0,0,0,Denel,Pesquisador Sênior,,[]
108712,1,0,18900000,0,1,10002,NPC_Name_108712,NPC_Title_108712,0,0,1,13,False,0,0,2,0,True,False,40,40,180,3000.0,[],False,0,0,0,0,Coby,Pesquisador,,[]
108713,1,0,18910000,0,1,10002,NPC_Name_108713,NPC_Title_108713,0,0,1,13,False,0,0,2,0,True,False,40,40,180,3000.0,[],False,0,0,0,0,Melina,Pesquisador,,[]
108714,1,0,17250000,0,1,10002,NPC_Name_108701,NPC_Title_108701,0,0,1,13,False,0,0,2,0,True,False,40,40,180,3000.0,[],False,0,0,0,0,Transeo Vickers,Cavaleiros da Luz,,[]
108715,1,0,17250000,0,1,10002,NPC_Name_108701,NPC_Title_108701,0,0,1,13,False,0,0,2,0,True,False,40,40,180,3000.0,[],False,0,0,0,0,Transeo Vickers,Cavaleiros da Luz,,[]
108716,1,0,30080000,0,1,10002,NPC_Name_108701,NPC_Title_108701,0,0,1,13,False,0,0,2,0,True,False,40,40,180,3000.0,[],False,0,1,0,0,Transeo Vickers,Cavaleiros da Luz,,[]
108717,1,0,18900000,0,1,10002,NPC_Name_108717,NPC_Title_108717,0,0,1,13,False,0,0,2,0,True,False,40,40,180,3000.0,[],False,0,0,0,0,Euros,Pesquisador,,[]
108718,1,0,18960000,0,1,10002,NPC_Name_108718,NPC_Title_108718,0,0,1,13,False,0,0,2,0,True,False,40,40,180,3000.0,[],False,0,0,0,0,Arthur,Pesquisador,,[]
108719,1,0,18900000,0,1,10002,NPC_Name_108719,NPC_Title_108719,0,0,1,13,False,0,0,2,0,True,False,40,40,180,3000.0,[],False,0,0,0,0,Shattuce,Pesquisador,,[]
108720,1,0,18960000,0,1,10002,NPC_Name_108720,NPC_Title_108720,0,0,1,13,False,0,0,2,0,True,False,40,40,180,3000.0,[],False,0,0,0,0,Michael,Pesquisador,,[]
108721,1,0,18740003,0,1,10002,NPC_Name_108721,NPC_Title_108721,0,0,1,13,False,0,0,2,0,True,False,40,40,180,3000.0,[],False,0,0,0,0,Ravina,Pesquisador,,[]
108722,1,0,18740003,0,1,10002,NPC_Name_108721,NPC_Title_108721,0,0,1,13,False,0,0,2,0,True,False,40,40,180,3000.0,[],False,0,0,0,0,Ravina,Pesquisador,,[]
108723,1,0,18620000,0,1,10002,,,0,0,1,13,True,0,0,2,0,True,False,40,40,180,3000.0,[],False,0,0,0,0,,,,[]
108724,1,0,18630000,0,1,10002,,,0,0,1,13,True,0,0,2,0,True,False,40,40,180,3000.0,[],False,0,0,0,0,,,,[]
108725,1,0,18640000,0,1,10002,,,0,0,1,13,True,0,0,2,0,True,False,40,40,180,3000.0,[],False,0,0,0,0,,,,[]
108726,1,0,18900000,0,1,10002,,,0,0,1,13,True,0,0,2,0,True,False,40,40,180,3000.0,[],False,0,0,0,0,,,,[]
108727,1,0,18890000,0,1,10002,,,0,0,1,13,True,0,0,2,0,True,False,40,40,180,3000.0,[],False,0,0,0,0,,,,[]
108728,1,0,18620000,0,1,10002,,,0,0,1,13,True,0,0,2,0,True,False,40,40,180,3000.0,[],False,0,0,0,0,,,,[]
108729,1,0,18630000,0,1,10002,,,0,0,1,13,True,0,0,2,0,True,False,40,40,180,3000.0,[],False,0,0,0,0,,,,[]
108730,1,0,18640000,0,1,10002,,,0,0,1,13,True,0,0,2,0,True,False,40,40,180,3000.0,[],False,0,0,0,0,,,,[]
108731,1,0,18900000,0,1,10002,,,0,0,1,13,True,0,0,2,0,True,False,40,40,180,3000.0,[],False,0,0,0,0,,,,[]
108732,1,0,18890000,0,1,10002,,,0,0,1,13,True,0,0,2,0,True,False,40,40,180,3000.0,[],False,0,0,0,0,,,,[]
108771,1,0,18880000,0,1,10002,NPC_Name_108771,NPC_TiTle_108771,0,0,1,13,False,0,0,2,0,True,False,40,40,180,3000.0,[],False,0,0,0,0,Calpha,,,[]
108772,1,0,18880011,0,1,10002,NPC_Name_108772,NPC_TiTle_108771,0,0,1,13,False,0,0,2,0,True,False,40,40,180,3000.0,[],False,0,0,0,0,Rinneh,,,[]
108773,1,0,17180001,0,1,10002,NPC_Name_108773,NPC_TiTle_108773,0,0,1,13,False,0,0,2,0,True,False,40,40,180,3000.0,[],False,0,0,0,0,Hoen,,,[]
108774,1,0,18880000,0,1,10002,NPC_Name_108771,NPC_TiTle_108771,0,0,1,13,False,0,0,2,0,True,False,40,40,180,3000.0,[],False,0,0,0,0,Calpha,,,[]
108783,1,0,17540000,0,1,10002,NPC_Name_108783,,0,0,1,13,False,0,0,2,0,True,False,40,40,180,3000.0,[],False,0,0,0,0,Steiner 1987,,,[]
108784,1,0,17350000,0,1,10002,NPC_Name_108784,NPC_Title_108784,0,0,1,13,False,0,0,2,0,True,False,40,40,180,3000.0,[],False,0,0,0,0,Grande Kin,Mercador Imperial,,[]
108791,1,0,18900000,0,1,10002,NPC_Name_108791,NPC_Title_108791,0,0,1,13,False,0,0,2,0,True,False,40,40,180,3000.0,[],False,0,0,0,0,Lebron,Biólogo,,[]
108792,1,0,18900000,0,1,10002,NPC_Name_108791,NPC_Title_108791,0,0,1,13,False,0,0,2,0,True,False,40,40,180,3000.0,[],False,0,0,0,0,Lebron,Biólogo,,[]
108793,1,0,18720000,0,1,10002,NPC_Name_108793,NPC_Title_108793,0,0,1,13,False,0,0,2,0,True,False,40,40,180,3000.0,[],False,0,0,0,0,Mula,Sacerdote Despachado,,[]
108794,1,0,18960000,0,1,10002,NPC_Name_108794,NPC_Title_108794,0,0,1,13,False,0,0,2,0,True,False,40,40,180,3000.0,[],False,0,0,0,0,Bilhar,Mercador Errante,,[]
108801,13,0,17220001,0,1,10002,NPC_Name_108801,NPC_Title_108801,0,0,1,13,False,0,0,2,0,True,False,35,200,200,3000.0,[],False,0,0,0,0,Smith,Defensor Bellato,,[]
108802,13,0,17221001,0,1,10002,NPC_Name_108802,NPC_Title_108802,0,0,1,13,False,0,0,2,0,True,False,35,200,200,3000.0,[],False,0,0,0,0,Tommy,Defensor Bellato,,[]
108803,13,0,17020000,0,1,10002,NPC_Name_108803,NPC_Title_108803,0,0,1,13,False,0,0,2,0,True,False,40,50,200,3000.0,[],False,0,0,0,0,Sheera Lumen,Guia Jovem,,[]
108804,13,0,17020000,0,1,10002,NPC_Name_108804,NPC_Title_108804,0,0,1,13,False,0,0,2,0,True,False,40,50,200,3000.0,[],False,0,0,0,0,Sheera Lumen,Guia Jovem,,[]
108805,13,0,17220000,0,1,10002,NPC_Name_108805,NPC_Title_108805,0,0,1,13,False,0,0,2,0,True,False,40,50,200,3000.0,[],False,0,0,0,0,Smith,Defensor Bellato,,[]
108806,13,0,17221000,0,1,10002,NPC_Name_108806,NPC_Title_108806,0,0,1,13,False,0,0,2,0,True,False,40,50,200,3000.0,[],False,0,0,0,0,Tommy,Defensor Bellato,,[]
108808,13,0,18990003,0,1,10002,NPC_Name_108808,NPC_Title_108808,0,0,1,13,False,0,0,2,0,True,False,40,50,200,3000.0,[],False,0,0,0,0,Redtail,Criminoso Procurado,,[]
108809,13,0,18990003,0,1,10002,NPC_Name_108809,NPC_Title_108809,0,0,1,13,False,0,0,2,0,True,False,40,50,200,3000.0,[],False,122201,0,0,0,Redtail,Criminoso Procurado,,[]
108810,13,0,17220000,0,1,10002,,,0,0,1,0,False,0,0,2,0,False,False,40,50,200,3000.0,[],False,0,1,0,0,,,,[]
108811,13,0,17221000,0,1,10002,,,0,0,1,0,False,0,0,2,0,False,False,40,50,200,3000.0,[],False,0,1,0,0,,,,[]
108813,13,0,17690000,0,1,10002,NPC_Name_108813,NPC_Title_108813,0,0,1,0,False,0,0,2,0,False,False,40,50,200,3000.0,[],False,0,0,0,0,Lucy,Oficial Bellato,,[]
108814,13,0,17020000,0,1,10002,NPC_Name_108814,NPC_Title_108814,0,0,1,13,False,0,0,2,0,True,False,40,50,200,3000.0,[],False,0,0,0,0,Sheera Lumen,Guia Jovem,,[]
108815,13,0,18990003,0,1,10002,NPC_Name_108815,NPC_Title_108815,0,0,1,13,False,0,0,2,0,True,False,40,50,200,3000.0,[],False,0,0,0,0,Redtail,Criminoso Procurado,,[]
110101,1,0,17780000,0,1,10002,NPC_Name_110101,NPC_Title_110101,0,0,1,13,False,0,0,2,0,True,False,40,50,200,3000.0,[],False,0,0,0,0,Scalar Ion,Fantasma Vermelho,,[]
110102,1,0,18570000,0,1,10002,NPC_Name_110102,NPC_Title_110102,0,0,1,13,False,0,0,2,0,True,False,40,50,200,3000.0,[],False,0,0,0,0,Vector Grey,Comandante de Batalha,,[]
110103,1,0,17550000,0,1,10002,NPC_Name_110103,NPC_Title_110103,0,0,1,13,False,0,0,2,0,True,False,40,50,200,3000.0,[],False,0,0,0,0,Barella,Guilda de Mercadores de Nekaran,,[]
110104,1,0,17560000,0,1,10002,NPC_Name_110104,NPC_Title_110104,0,0,1,13,False,0,0,2,0,True,False,40,50,200,3000.0,[],False,0,0,0,0,Fitz,Guilda de Mercadores de Nekaran,,[]
110201,1,0,17410000,0,1,10002,NPC_Name_110201,NPC_Title_110201,0,0,1,0,False,0,0,2,0,True,False,50,130,200,5000.0,[],False,0,0,0,0,Redin,Oficial Imperial,,[]
110202,1,0,17780000,0,1,10002,NPC_Name_110202,NPC_Title_110202,0,0,1,0,False,0,0,2,0,True,False,40,50,200,3000.0,[],False,0,0,0,0,Scalar Ion,Fantasma Vermelho,,[]
110211,1,0,17450000,1,1,0,,,0,0,1,0,False,0,0,2,0,True,False,40,100,200,3000.0,[],False,0,1,0,0,,,,[]
110212,1,0,17460000,1,1,0,,,0,0,1,0,False,0,0,2,0,True,False,40,100,200,3000.0,[],False,0,1,0,0,,,,[]
110401,1,0,17100000,0,1,10002,NPC_Name_110401,NPC_Title_110401,0,0,1,0,False,0,0,2,0,True,False,40,50,200,3000.0,[],False,0,0,0,0,Chen Grayson,Assistente do Oz,,[]
110402,1,0,18580000,0,1,2552,NPC_Name_110402,NPC_Title_110402,0,0,1,13,False,0,0,2,0,True,False,40,50,200,3000.0,[],False,0,0,0,0,Tensor Prim,Cientista Overmind Fugido,,[]
110403,1,0,17780000,0,1,10002,NPC_Name_110403,NPC_Title_110403,0,0,1,0,False,0,0,2,0,True,False,40,50,200,3000.0,[],False,0,0,0,0,Scalar Ion,Fantasma Vermelho,,[]
110404,1,0,17080000,0,1,10002,NPC_Name_110404,,0,0,1,0,True,0,0,2,0,True,False,40,50,200,3000.0,[],False,0,1,0,0,,,,[]
110405,1,0,17460000,0,1,10002,NPC_Name_110405,,0,0,1,0,True,0,0,2,0,False,False,40,50,200,3000.0,[],False,0,1,0,0,,,,[]
110406,1,0,17460000,0,1,10002,NPC_Name_110406,,0,0,1,0,True,0,0,2,0,False,False,40,50,200,3000.0,[],False,0,1,0,0,,,,[]
110407,1,0,17570000,0,1,10002,NPC_Name_110407,,0,0,1,0,True,0,0,2,0,False,False,40,50,200,3000.0,[],False,0,1,0,0,,,,[]
110408,1,0,17411120,0,1,10002,NPC_Name_110408,,0,0,1,13,True,0,0,2,0,True,False,40,50,200,3000.0,[],False,0,1,0,0,,,,[]
110409,1,0,19042000,0,1,10002,NPC_Name_110409,,0,0,1,0,True,0,0,2,0,True,False,40,50,200,3000.0,[],False,0,1,0,0,,,,[]
110410,1,0,17600010,0,1,10002,NPC_Name_110410,,0,0,1,13,False,0,0,2,0,True,False,40,50,200,3000.0,[],False,0,1,0,0,,,,[]
110411,1,0,17780000,0,1,10002,,,0,0,1,0,False,0,0,2,0,True,False,40,50,200,3000.0,"[91010001,91010002,91010003]",False,0,0,0,0,,,,[]
110501,1,0,17140000,0,1,10002,NPC_Name_110501,NPC_Title_110501,0,0,1,0,False,0,0,2,0,True,False,40,50,200,3000.0,[],False,0,0,0,0,Aaron,Cientista Overmind,,[]
110502,1,0,17080000,0,1,10002,NPC_Name_110502,NPC_Title_110502,0,0,1,0,False,0,0,2,0,True,False,40,50,200,3000.0,[],False,0,0,0,0,Jaffy,Comerciante Tajrun,,[]
110503,1,0,17780003,0,1,10002,NPC_Name_110503,NPC_Title_110503,0,0,1,0,False,0,0,2,0,True,False,40,50,200,3000.0,[],False,0,0,0,0,Scalar Ion,Fantasma Vermelho,,[]
110504,1,0,17780003,0,1,10002,NPC_Name_110504,NPC_Title_110504,0,0,1,0,False,0,0,2,0,True,False,40,50,200,3000.0,[],False,0,0,0,0,Scalar Ion,Fantasma Vermelho,,[]
110505,1,0,17780003,0,1,10002,NPC_Name_110505,NPC_Title_110505,0,0,1,0,False,0,0,2,0,True,False,40,50,200,3000.0,[],False,0,0,0,0,Scalar Ion,Fantasma Vermelho,,[]
110511,1,0,17080000,0,1,10002,,,0,0,1,0,False,0,0,2,0,False,False,40,50,200,3000.0,[],False,0,0,0,0,,,,[]
110512,1,0,17040000,0,1,10002,,,0,0,1,0,False,0,0,2,0,False,False,40,50,200,3000.0,[],False,0,0,0,0,,,,[]
110513,1,0,17050000,0,1,10002,,,0,0,1,0,False,0,0,2,0,False,False,40,50,200,3000.0,[],False,0,0,0,0,,,,[]
110514,1,0,17051000,0,1,10002,,,0,0,1,0,False,0,0,2,0,False,False,40,50,200,3000.0,[],False,0,0,0,0,,,,[]
110515,1,0,17060000,0,1,10002,,,0,0,1,0,False,0,0,2,0,False,False,40,50,200,3000.0,[],False,0,0,0,0,,,,[]
110516,1,0,17061000,0,1,10002,,,0,0,1,0,False,0,0,2,0,False,False,40,50,200,3000.0,[],False,0,0,0,0,,,,[]
110701,1,0,17570000,0,1,10002,,,0,0,1,0,False,0,0,2,0,False,False,40,40,200,3000.0,[],False,0,0,0,0,,,,[]
110703,1,0,17560000,0,1,10002,,,0,0,1,0,False,0,0,2,0,False,False,40,40,200,3000.0,[],False,0,0,0,0,,,,[]
110704,1,0,17550000,0,1,10002,,,0,0,1,0,False,0,0,2,0,False,False,40,40,200,3000.0,[],False,0,0,0,0,,,,[]
110705,1,0,17010000,100019,1,10002,NPC_Name_100201,NPC_Title_100915,0,0,1,0,False,0,0,2,1,True,False,40,50,200,3000.0,"[7002201,7002202,7002203]",False,0,0,0,0,Bigbass,Mercenário Veterano,,[]
110706,1,0,17020000,0,1,10002,NPC_Name_101308,NPC_Title_105906,0,0,1,0,False,0,0,2,0,True,False,40,50,200,3000.0,[],False,0,0,0,0,Sheera Lumen,Comandante Interino,,[]
110801,1,0,17390000,0,1,10002,NPC_Name_110801,,0,0,1,0,False,0,0,2,0,True,False,40,50,200,3000.0,[],False,0,0,0,0,Escondendo Criança,,,[]
110802,1,0,17400000,0,1,10002,NPC_Name_110801,,0,0,1,0,False,0,0,2,0,True,False,40,50,200,3000.0,[],False,0,0,0,0,Escondendo Criança,,,[]
110803,1,0,17450000,0,1,10002,NPC_Name_110803,NPC_Title_110803,0,0,1,0,False,0,0,2,0,False,False,40,40,200,3000.0,[],False,0,0,0,0,Erin,Soldado do Posto Avançado de Mayazar,,[]
110804,1,0,17570000,0,1,10002,,,0,0,1,0,False,0,0,2,0,False,False,40,40,200,3000.0,[],False,0,0,0,0,,,,[]
110805,1,0,17540000,0,1,10002,,,0,0,1,0,False,0,0,2,0,False,False,40,40,200,3000.0,[],False,0,0,0,0,,,,[]
110806,1,0,17560000,0,1,10002,,,0,0,1,0,False,0,0,2,0,False,False,40,40,200,3000.0,[],False,0,0,0,0,,,,[]
110807,1,0,17550000,0,1,10002,,,0,0,1,0,False,0,0,2,0,False,False,40,40,200,3000.0,[],False,0,0,0,0,,,,[]
110808,1,0,17411100,0,1,10002,NPC_Name_110808,NPC_Title_110808,0,0,1,0,False,0,0,2,0,True,False,40,50,200,3000.0,[],False,0,0,0,0,Walt,Oficial do Posto Avançado de Mayazar,,[]
110809,1,0,17140001,0,1,2544,NPC_Name_110809,NPC_Title_110809,0,0,1,0,True,0,0,2,0,True,False,40,50,200,3000.0,[],False,0,0,0,0,Harper,Pesquisador de Kairax,,[]
110810,1,0,17141001,0,1,2544,NPC_Name_110810,NPC_Title_110809,0,0,1,0,True,0,0,2,0,True,False,40,50,200,3000.0,[],False,0,0,0,0,Audrey,Pesquisador de Kairax,,[]
110811,1,0,17140002,0,1,10002,NPC_Name_110811,NPC_Title_110809,0,0,1,0,True,0,0,2,0,True,False,40,50,200,3000.0,[],False,0,0,0,0,Pareto,Pesquisador de Kairax,,[]
110812,1,0,17460000,0,1,10002,NPC_Name_110812,NPC_Title_110803,0,0,1,0,True,0,0,2,0,True,False,40,40,200,3000.0,[],False,0,0,0,0,Leahs,Soldado do Posto Avançado de Mayazar,,[]
110813,1,0,17360000,0,1,10002,NPC_Name_110813,,0,0,1,0,False,0,0,2,0,True,False,40,50,200,3000.0,[],False,0,0,0,0,Mulher em Apuros,,,[]
110814,1,0,17530000,0,1,10002,,,0,0,1,0,False,0,0,2,0,False,False,40,40,200,3000.0,[],False,0,0,0,0,,,,[]
111001,1,0,18770000,0,1,10002,,,0,0,1,0,False,0,0,2,0,False,False,40,50,200,3000.0,[],False,0,0,0,0,,,,[]
111002,1,0,18750000,0,1,10002,,,0,0,1,0,False,0,0,2,0,False,False,40,50,200,3000.0,[],False,0,0,0,0,,,,[]
111003,1,0,17620000,0,1,10002,,,0,0,1,0,False,0,0,2,0,False,False,40,50,200,3000.0,[],False,0,0,0,0,,,,[]
111004,1,0,17640000,0,1,10002,,,0,0,1,0,False,0,0,2,0,False,False,40,50,200,3000.0,[],False,0,0,0,0,,,,[]
111005,1,0,17630000,0,1,10002,,,0,0,1,0,False,0,0,2,0,False,False,40,50,200,3000.0,[],False,0,0,0,0,,,,[]
111006,1,0,17650000,0,1,10002,,,0,0,1,0,False,0,0,2,0,False,False,40,50,200,3000.0,[],False,0,0,0,0,,,,[]
111007,5,0,17220000,0,1,10002,NPC_Name_111007,NPC_Title_111007,0,0,1,0,False,0,0,2,0,True,False,40,50,200,3000.0,[],False,0,0,0,0,Jardim,Soldado da Guarnição,,[]
111008,5,0,17000000,0,1,10002,NPC_Name_100002,,0,0,1,0,False,0,0,2,0,True,False,40,50,200,3000.0,[],False,0,0,0,0,Inez Allen,,,[]
111009,5,0,17000000,0,1,10002,NPC_Name_100002,,0,0,1,0,False,0,0,2,0,True,False,40,50,200,3000.0,[],False,0,0,0,0,Inez Allen,,,[]
111010,5,0,18750000,0,1,10002,NPC_Name_111010,NPC_Title_111010,0,0,1,0,False,0,0,2,0,True,False,40,50,200,3000.0,[],False,0,0,0,0,Nerbell,Guardião de Drones,,[]
111011,5,0,17620000,0,1,10002,NPC_Name_111011,NPC_Title_111011,0,0,1,0,False,0,0,2,0,True,False,40,40,200,3000.0,[],False,0,0,0,0,Orchy,Mecânico da Guarnição,,[]
111012,5,0,17000000,0,1,10002,NPC_Name_100002,,0,0,1,0,False,0,0,2,0,True,False,40,50,200,3000.0,[],False,0,0,0,0,Inez Allen,,,[]
111101,15,0,17620000,0,1,10002,,,0,0,1,0,False,0,0,2,0,False,False,40,50,200,3000.0,[],False,0,0,0,0,,,,[]
111102,15,0,17640000,0,1,10002,,,0,0,1,0,False,0,0,2,0,False,False,40,50,200,3000.0,[],False,0,0,0,0,,,,[]
111103,15,0,17630000,0,1,10002,,,0,0,1,0,False,0,0,2,0,False,False,40,50,200,3000.0,[],False,0,0,0,0,,,,[]
111104,15,0,17650000,0,1,10002,,,0,0,1,0,False,0,0,2,0,False,False,40,50,200,3000.0,[],False,0,0,0,0,,,,[]
111105,15,0,18770000,0,1,10002,,,0,0,1,0,False,0,0,2,0,False,False,40,50,200,3000.0,[],False,0,0,0,0,,,,[]
111106,15,0,18750000,0,1,10002,,,0,0,1,0,False,0,0,2,0,False,False,40,50,200,3000.0,[],False,0,0,0,0,,,,[]
111107,14,0,17170000,0,1,10002,NPC_Name_111107,NPC_Title_111107,0,0,1,0,False,0,0,2,0,True,False,40,50,200,3000.0,[],False,0,0,0,0,Zizelon Earhart,Civil Bellato,,[]
111108,14,0,18820001,0,1,10002,NPC_Name_111108,NPC_Title_111108,0,0,1,0,False,0,0,2,0,True,False,40,50,200,3000.0,[],False,0,0,0,0,Dane Whitaker,Mercenários Supremos,,[]
111109,14,0,18880001,0,1,10002,NPC_Name_111109,NPC_Title_111109,0,0,1,0,False,0,0,2,0,True,False,40,50,200,3000.0,[],False,0,0,0,0,Jade,Refugiado Beltran,,[]
111110,14,0,17020000,0,1,10002,NPC_Name_111110,NPC_Title_111110,0,0,1,0,False,0,0,2,0,True,False,40,50,200,3000.0,[],False,0,0,0,0,Sheera Lumen,Guia Jovem,,[]
111111,14,0,17600000,0,1,10002,NPC_Name_111111,NPC_Title_111111,0,0,1,0,False,0,0,2,0,True,False,40,50,200,3000.0,[],False,0,0,0,0,Roslyn,Fornecedor Militar,,[]
111112,14,0,17000000,0,1,10002,NPC_Name_111112,NPC_Title_111112,0,0,1,0,False,0,0,2,0,True,False,40,50,200,3000.0,[],False,0,0,0,0,Inez Allen,Operador,,[]
111113,14,0,18990000,0,1,10002,NPC_Name_111113,NPC_Title_111113,0,0,1,0,False,0,0,2,0,True,False,40,50,200,3000.0,[],False,0,0,0,0,Redtail,Criminoso Procurado,,[]
111114,14,0,17020000,0,1,10002,NPC_Name_111110,NPC_Title_111110,0,0,1,0,False,0,0,2,0,True,False,40,50,200,3000.0,[],False,0,0,0,0,Sheera Lumen,Guia Jovem,,[]
111115,14,0,30650000,0,1,10002,,,0,0,1,0,False,0,0,2,0,True,False,40,50,200,3000.0,[],False,0,0,0,0,,,,[]
111116,14,0,30660000,0,1,10002,,,0,0,1,0,False,0,0,2,0,True,False,40,50,200,3000.0,[],False,0,0,0,0,,,,[]
111117,14,0,30670000,0,1,10002,,,0,0,1,0,False,0,0,2,0,True,False,40,50,200,3000.0,[],False,0,0,0,0,,,,[]
111118,15,0,17670000,0,1,10002,,,0,0,1,0,False,0,0,2,0,False,False,40,50,200,3000.0,[],False,0,0,0,0,,,,[]
111119,15,0,17660000,0,1,10002,,,0,0,1,0,False,0,0,2,0,False,False,40,50,200,3000.0,[],False,0,0,0,0,,,,[]
111120,15,0,17620001,0,1,10002,,,0,0,1,0,False,0,0,2,0,False,False,40,50,200,3000.0,[],False,0,0,0,0,,,,[]
111121,15,0,30540001,0,1,10002,,,0,0,1,0,False,0,0,2,0,False,False,40,50,200,3000.0,[],False,0,0,0,0,,,,[]
111122,15,0,30542000,0,1,10002,,,0,0,1,0,False,0,0,2,0,False,False,40,50,200,3000.0,[],False,0,0,0,0,,,,[]
111150,15,0,10320000,0,1,10002,NPC_Name_111150,NPC_Title_111150,0,0,1,0,False,0,0,2,0,False,False,40,40,180,3000.0,[],False,0,0,0,0,Chuti,Espírito Despreocupado,,[]
111151,15,0,10320001,0,1,10002,NPC_Name_111151,NPC_Title_111151,0,0,1,0,False,0,0,2,0,False,False,40,40,180,3000.0,[],False,0,0,0,0,Chutiness,Mestre das Trevas,,[]
111191,15,0,17010000,100019,1,10002,NPC_Name_111191,NPC_Title_111191,0,0,1,0,True,0,0,2,0,True,False,40,50,200,3000.0,"[7002201,7002202,7002203]",False,0,0,0,0,Bigbass,Mercenário Veterano,,[]
111192,15,0,18820001,0,1,10002,NPC_Name_111192,NPC_Title_111192,0,0,1,0,True,0,0,2,0,True,False,40,50,200,3000.0,[],False,0,0,0,0,Dane Whitaker,Mercenários Supremos,,[]
111193,15,0,30980000,0,1,10002,,,0,0,1,0,False,0,0,2,0,False,False,40,40,180,3000.0,[],False,0,0,0,0,,,,[]
111801,1,0,17240000,1,1,10002,NPC_Name_111801,NPC_Title_111801,0,0,1,0,False,0,0,2,0,True,False,40,40,180,3000.0,[],False,0,0,0,0,Kirill Everrune,Cavaleiros da Luz,,[]
111802,1,0,17750000,0,1,10002,NPC_Name_111802,NPC_Title_111802,0,0,1,0,False,0,0,2,0,True,False,40,90,200,3000.0,[],False,0,0,0,0,Sitz Paro,Protetor das Estrelas,,[]
111803,1,0,17760000,0,1,10002,NPC_Name_111803,NPC_Title_111803,0,0,1,0,False,0,0,2,0,True,False,30,60,180,3000.0,[],False,0,0,0,0,Giz Kadasha,Protetor das Estrelas,,[]
111804,1,0,17250000,1,1,10002,NPC_Name_111804,NPC_Title_111804,0,0,1,0,False,0,0,2,0,True,False,40,100,200,3000.0,[],False,0,0,0,0,Transeo Vickers,Cavaleiros da Luz,,[]
111805,1,0,17750000,0,1,10002,NPC_Name_111805,NPC_Title_111805,0,0,1,0,False,0,0,2,0,True,False,40,90,200,3000.0,[],False,0,0,0,0,Sitz Paro,Protetor das Estrelas,,[]
111806,1,0,17760005,0,1,10002,NPC_Name_111806,NPC_Title_111806,0,0,1,0,False,0,0,2,0,True,False,30,60,180,3000.0,[],False,0,0,0,0,Giz Kadasha,Protetor das Estrelas,,[]
111807,1,0,17250000,1,1,10002,NPC_Name_111807,NPC_Title_111807,0,0,1,0,False,0,0,2,0,True,False,40,100,200,3000.0,[],False,0,0,0,0,Transeo Vickers,Cavaleiros da Luz,,[]
111808,1,0,17240000,1,1,10002,NPC_Name_111808,NPC_Title_111808,0,0,1,0,False,0,0,2,0,True,False,40,40,180,3000.0,[],False,0,0,0,0,Kirill Everrune,Cavaleiros da Luz,,[]
112201,1,0,17250000,1,1,10002,NPC_Name_112201,NPC_Title_101008,0,0,1,13,False,0,0,2,0,True,False,40,100,200,3000.0,"[7011901,7011902]",False,0,0,0,0,Transeo Vickers,Cavaleiros da Luz,,[]
112202,1,0,17260000,1,1,10002,NPC_Name_112202,NPC_Title_101008,0,0,1,13,False,0,0,2,0,True,False,40,40,180,3000.0,"[7012301,7012302,7012304,7012305]",False,0,0,0,0,Celdin Karoph,Cavaleiros da Luz,,[]
112301,1,0,17210000,0,1,10002,NPC_Name_112301,NPC_Title_112301,0,0,1,13,False,0,0,2,0,True,False,40,50,200,3000.0,[],False,0,0,0,0,Javier Marquez,Líder Supremo dos Mercenários,,[]
112302,1,0,17120000,0,1,10002,NPC_Name_112302,NPC_Title_112302,0,0,1,13,False,0,0,2,0,True,False,40,50,200,3000.0,[],False,0,0,0,0,Kamiel Lorgana,Comandante da Patrulha de Fronteira,,[]
112303,1,0,17640000,0,1,10002,NPC_Name_112303,NPC_Title_112304,0,0,1,13,False,0,0,2,0,True,False,40,40,180,3000.0,[],False,0,0,0,0,Liza,Trabalhador Base,,[]
112304,1,0,17470000,0,1,10002,NPC_Name_112304,NPC_Title_112304,0,0,1,13,False,0,0,2,0,True,False,40,50,200,3000.0,[],False,0,0,0,0,Greg,Trabalhador Base,,[]
112305,1,0,17530000,0,1,10002,NPC_Name_112305,,0,0,1,0,False,0,0,2,0,True,False,40,50,200,3000.0,[],False,0,1,0,0,Deco Android,,,[]
112306,1,0,31030000,0,1,10002,NPC_Name_112306,,0,0,1,0,True,0,0,2,0,False,False,40,50,200,3000.0,[],False,0,1,0,0,Lançador,,,[]
112401,1,0,18660001,0,1,10002,NPC_Name_112401,NPC_Title_112401,0,0,1,0,False,0,0,2,0,True,False,40,50,200,3000.0,[],False,0,0,0,0,Quadros,Supervisor da Mina de Ghent,,[]
112402,1,0,17340000,0,1,10002,NPC_Name_112402,NPC_Title_112402,0,0,1,0,False,0,0,2,0,True,False,40,50,200,3000.0,[],False,0,0,0,0,Arca,Inteligência Artificial de Gestão de Planeta Arcano,,[]
112403,1,0,17620000,0,1,10002,,,0,0,1,0,False,0,0,2,0,False,False,40,50,200,3000.0,[],False,0,0,0,0,,,,[]
112404,1,0,17630000,0,1,10002,,,0,0,1,0,False,0,0,2,0,False,False,40,50,200,3000.0,[],False,0,0,0,0,,,,[]
112405,1,0,17660000,0,1,10002,,,0,0,1,0,False,0,0,2,0,False,False,40,50,200,3000.0,[],False,0,0,0,0,,,,[]
112406,1,0,17630011,0,1,10002,,,0,0,1,0,False,0,0,2,0,False,False,40,50,200,3000.0,[],False,0,0,0,0,,,,[]
112407,1,0,18670000,0,1,10002,NPC_Name_112407,NPC_Title_112407,0,0,1,0,False,0,0,2,0,False,False,40,50,200,3000.0,[],False,0,0,0,0,Ryders,Minerador de Ghent,,[]
112408,1,0,17620001,0,1,10002,NPC_Name_112408,NPC_Title_112408,0,0,1,0,False,0,0,2,0,False,False,40,50,200,3000.0,[],False,0,0,0,0,Reparon,Trabalhador da Mina de Ghent,,[]
112409,1,0,18670011,0,1,10002,NPC_Name_112409,NPC_Title_112408,0,0,1,0,False,0,0,2,0,False,False,40,50,200,3000.0,[],False,0,0,0,0,Berlox,Trabalhador da Mina de Ghent,,[]
112410,1,0,18870000,0,1,10002,NPC_Name_112410,NPC_Title_112407,0,0,1,0,False,0,0,2,0,False,False,40,50,200,3000.0,[],False,0,0,0,0,Solas,Minerador de Ghent,,[]
112501,1,0,17780000,0,1,10002,NPC_Name_112501,NPC_Title_112501,0,0,1,0,False,0,0,2,0,True,False,40,50,200,3000.0,"[91010001,91010002,91010003]",False,0,0,0,0,Scalar Ion,Fantasma Vermelho,,[]
112502,1,0,17440000,0,1,10002,,,0,0,1,0,False,0,0,2,0,True,False,40,50,200,3000.0,[],False,0,0,0,0,,,,[]
112503,1,0,17470013,0,1,10002,NPC_Name_112503,NPC_Title_112503,0,0,1,0,False,0,0,2,0,True,False,40,50,200,3000.0,[],False,0,0,0,0,Malcolm,Chief Technician,,[]
112504,1,0,30880001,0,1,2547,NPC_Name_112504,NPC_Title_112504,0,0,1,0,True,0,0,2,0,True,False,40,50,200,3000.0,[],False,0,0,0,0,Clooney,Technician,,[]
112505,1,0,17470000,0,1,10002,NPC_Name_112505,NPC_Title_112505,0,0,1,0,False,0,0,2,0,True,False,40,50,200,3000.0,[],False,0,0,0,0,Samuel,Technician,,[]
112506,1,0,17780000,0,1,10002,NPC_Name_112506,NPC_Title_112506,0,0,1,0,False,0,0,2,0,True,False,40,50,200,3000.0,"[91010001,91010002,91010003]",False,0,0,0,0,,Fantasma Vermelho,,[]
112507,1,0,17510010,0,1,10002,NPC_Name_112507,NPC_Title_112507,0,0,1,0,False,0,0,2,0,True,False,40,50,200,3000.0,[],False,0,0,0,0,Eggsy,Technician,,[]
112508,1,0,17480000,0,1,10002,,,0,0,1,0,False,0,0,2,0,True,False,40,50,200,3000.0,[],False,0,0,0,0,,,,[]
112509,1,0,17560000,0,1,10002,,,0,0,1,13,False,0,0,2,0,True,False,40,50,200,3000.0,[],False,0,0,0,0,,,,[]
112510,1,0,17570000,0,1,10002,,,0,0,1,13,False,0,0,2,0,True,False,40,50,200,3000.0,[],False,0,0,0,0,,,,[]
112511,1,0,17540000,0,1,10002,,,0,0,1,13,False,0,0,2,0,True,False,40,50,200,3000.0,[],False,0,0,0,0,,,,[]
112512,1,0,30080000,0,1,10002,NPC_Name_112506,NPC_Title_112506,0,0,1,0,False,0,0,2,0,True,False,40,50,200,3000.0,[],False,0,1,0,0,,Fantasma Vermelho,,[]
112513,1,0,30080000,0,1,10002,NPC_Name_112506,NPC_Title_112506,0,0,1,0,False,0,0,2,0,True,False,40,50,200,3000.0,[],False,0,1,0,0,,Fantasma Vermelho,,[]
112514,1,0,17140002,0,1,10002,NPC_Name_112514,NPC_Title_112514,0,0,1,13,False,0,0,2,0,True,False,40,50,200,3000.0,[],False,0,0,0,0,Bryn,Oficial de Quarentena,,[]
112515,1,0,17480001,0,1,10002,NPC_Name_112515,NPC_Title_112515,0,0,1,13,False,0,0,2,0,True,False,40,50,200,3000.0,[],False,0,0,0,0,Melia,Technician Android,,[]
112516,1,0,17490000,0,1,10002,NPC_Name_112516,NPC_Title_112516,0,0,1,13,False,0,0,2,0,True,False,40,50,200,3000.0,[],False,0,0,0,0,Maxon,Mecânico de Drones,,[]
112517,1,0,17540000,0,1,10002,NPC_Name_112517,NPC_Title_112517,0,0,1,13,False,0,0,2,0,True,False,40,50,200,3000.0,[],False,0,0,0,0,Harver,Contrabandista,,[]
112518,1,0,17411120,0,1,10002,NPC_Name_112518,NPC_Title_112518,0,0,1,13,False,0,0,2,0,True,False,40,50,200,3000.0,[],False,0,0,0,0,Bern,Agente Imperial,,[]
112560,1,0,17540000,0,1,10002,NPC_Name_112560,,0,0,1,13,False,0,0,2,0,True,False,40,50,200,3000.0,[],False,0,0,0,0,Steiner 7729,,,[]
112561,1,0,17540000,0,1,10002,NPC_Name_112560,,0,0,1,13,False,0,0,2,0,True,False,40,50,200,3000.0,[],False,0,0,0,0,Steiner 7729,,,[]
112562,1,0,17470003,0,1,10002,NPC_Name_112562,NPC_Title_112562,0,0,1,13,False,0,0,2,0,True,False,40,50,200,3000.0,[],False,0,0,0,0,Naram,Guardião do Ferro-velho,,[]
112563,1,0,17470003,0,1,10002,NPC_Name_112562,NPC_Title_112562,0,0,1,13,False,0,0,2,0,True,False,40,50,200,3000.0,[],False,0,0,0,0,Naram,Guardião do Ferro-velho,,[]
112579,1,0,30120000,0,1,10002,,,0,0,1,0,True,0,0,2,0,False,False,30,50,200,3000.0,[],False,0,1,0,0,,,,[]
112580,1,0,30120002,0,1,10002,,,0,0,1,0,True,0,0,2,0,False,False,30,50,200,3000.0,[],False,0,1,0,0,,,,[]
112581,1,0,30120003,0,1,10002,,,0,0,1,0,True,0,0,2,0,False,False,30,50,200,3000.0,[],False,0,1,0,0,,,,[]
112582,1,0,30780000,0,1,10002,,,0,0,1,0,False,0,0,2,0,False,False,0,50,200,3000.0,[],False,0,1,0,0,,,,[]
112583,1,0,10480000,0,1,10002,,,0,0,1,0,False,0,0,2,0,False,False,30,50,200,3000.0,[],False,0,1,0,0,,,,[]
112584,1,0,30270000,0,1,10002,,,0,0,1,0,False,0,0,2,0,False,False,30,50,200,3000.0,[],False,0,1,0,0,,,,[]
112585,1,0,18880000,0,1,10002,NPC_Name_112590,NPC_Title_112590,0,0,1,13,False,0,0,2,0,True,False,40,50,200,3000.0,[],False,0,0,0,0,Kay,Informante,,[]
112586,1,0,18880012,0,1,10002,NPC_Name_112591,NPC_Title_112591,0,0,1,13,False,0,0,2,0,True,False,40,50,200,3000.0,[],False,0,0,0,0,Matilda,Investigador,,[]
112587,1,0,18740000,0,1,10002,NPC_Name_112592,NPC_Title_112592,0,0,1,13,False,0,0,2,0,True,False,40,50,200,3000.0,[],False,0,0,0,0,Reefa,Agente Secreto,,[]
112588,1,0,18730000,0,1,10002,NPC_Name_112593,NPC_Title_112593,0,0,1,13,False,0,0,2,0,True,False,40,50,200,3000.0,[],False,0,0,0,0,Haven,Biólogo,,[]
112589,1,0,10810001,0,1,10002,,,0,0,1,0,False,0,0,2,0,False,False,0,50,200,3000.0,[],False,0,1,0,0,,,,[]
112590,1,0,18880000,0,1,2528,NPC_Name_112590,NPC_Title_112590,0,0,1,13,True,0,0,2,0,True,False,40,50,200,3000.0,[],False,0,0,0,0,Kay,Informante,,[]
112591,1,0,18880012,0,1,112591,NPC_Name_112591,NPC_Title_112591,0,0,1,13,True,0,0,2,0,True,False,40,50,200,3000.0,[],False,0,0,0,0,Matilda,Investigador,,[]
112592,1,0,18740000,0,1,10002,NPC_Name_112592,NPC_Title_112592,0,0,1,13,False,0,0,2,0,True,False,40,50,200,3000.0,[],False,0,0,0,0,Reefa,Agente Secreto,,[]
112593,1,0,18730000,0,1,10002,NPC_Name_112593,NPC_Title_112593,0,0,1,13,False,0,0,2,0,True,False,40,50,200,3000.0,[],False,0,0,0,0,Haven,Biólogo,,[]
112601,1,0,17780003,0,1,10002,NPC_Name_112601,NPC_Title_112601,0,0,1,0,False,0,0,2,0,True,False,40,50,200,3000.0,"[91010001,91010002,91010003]",False,0,0,0,0,Scalar Ion,Fantasma Vermelho,,[]
112602,1,0,17470011,0,1,10002,NPC_Name_112602,NPC_Title_112602,0,0,1,0,False,0,0,2,0,True,False,40,50,200,3000.0,"[91010001,91010002,91010003]",False,0,0,0,0,Dahrwin,Guilda de Mercadores de Nekaran,,[]
112603,1,0,19020000,0,1,10002,NPC_Name_112603,,0,0,1,0,False,0,0,2,0,True,False,40,50,200,3000.0,"[91010001,91010002,91010003]",False,0,0,0,0,Ordem de Saque,,,[]
112604,1,0,17470010,0,1,10002,NPC_Name_112604,NPC_Title_112604,0,0,1,0,False,0,0,2,0,True,False,40,50,200,3000.0,"[91010001,91010002,91010003]",False,0,0,0,0,Chiron,Chefe de Transporte,,[]
112605,1,0,17780003,0,1,10002,NPC_Name_112605,NPC_Title_112605,0,0,1,0,False,0,0,2,0,True,False,40,50,200,3000.0,"[91010001,91010002,91010003]",False,0,0,0,0,Scalar Ion,Fantasma Vermelho,,[]
112606,1,0,17470000,0,1,10002,NPC_Name_112606,,0,0,1,0,False,0,0,2,0,True,False,40,50,200,3000.0,"[91010001,91010002,91010003]",False,0,0,0,0,Jeck,,,[]
112607,1,0,17470012,0,1,10002,NPC_Name_112607,NPC_Title_112607,0,0,1,0,False,0,0,2,0,True,False,40,50,200,3000.0,"[91010001,91010002,91010003]",False,0,0,0,0,Gron,Chefe do Ferro-velho,,[]
112608,1,0,17780003,0,1,10002,NPC_Name_112608,NPC_Title_112608,0,0,1,0,False,0,0,2,0,True,False,40,50,200,3000.0,"[91010001,91010002,91010003]",False,0,0,0,0,Scalar Ion,Fantasma Vermelho,,[]
112609,1,0,19020000,0,1,10002,NPC_Name_112609,,0,0,1,0,False,0,0,2,0,True,False,40,50,200,3000.0,"[91010001,91010002,91010003]",False,0,0,0,0,Bloco de Dados,,,[]
112610,1,0,17480010,0,1,10002,NPC_Name_112610,NPC_Title_112610,0,0,1,0,False,0,0,2,0,True,False,40,50,200,3000.0,"[91010001,91010002,91010003]",False,0,0,0,0,Lena,Coletor de Sucata,,[]
112611,1,0,17360010,0,1,10002,NPC_Name_112611,NPC_Title_112611,0,0,1,0,False,0,0,2,0,True,False,40,50,200,3000.0,"[91010001,91010002,91010003]",False,0,0,0,0,Milla,Guilda de Mercadores de Nekaran,,[]
112612,1,0,17780003,0,1,10002,NPC_Name_112612,NPC_Title_112612,0,0,1,0,False,0,0,2,0,True,False,40,50,200,3000.0,"[91010001,91010002,91010003]",False,0,0,0,0,Scalar Ion,Fantasma Vermelho,,[]
112613,1,0,17510011,0,1,10002,NPC_Name_112613,NPC_Title_112613,0,0,1,13,False,0,0,2,0,True,False,40,50,200,3000.0,"[91010001,91010002,91010003]",False,0,0,0,0,Lark,Coletor de Sucata,,[]
112614,1,0,17380000,0,1,10002,NPC_Name_112614,NPC_Title_112614,0,0,1,13,False,0,0,2,0,True,False,40,50,200,3000.0,"[91010001,91010002,91010003]",False,0,0,0,0,Lian,Guilda de Mercadores de Nekaran,,[]
112615,1,0,17500000,0,1,10002,NPC_Name_112615,NPC_Title_112615,0,0,1,13,False,0,0,2,0,True,False,40,50,200,3000.0,"[91010001,91010002,91010003]",False,0,0,0,0,Irynn,Technician Mecânico,,[]
112616,1,0,17490000,0,1,10002,NPC_Name_112616,NPC_Title_112616,0,0,1,13,False,0,0,2,0,True,False,40,50,200,3000.0,"[91010001,91010002,91010003]",False,0,0,0,0,Maurine,Caçador de Sucata,,[]
112617,1,0,17370010,0,1,10002,NPC_Name_112617,NPC_Title_112617,0,0,1,13,False,0,0,2,0,True,False,40,50,200,3000.0,"[91010001,91010002,91010003]",False,0,0,0,0,Marcus,Guilda de Mercadores de Nekaran,,[]
112670,1,0,17411110,0,1,10002,NPC_Name_112670,NPC_Title_112670,0,0,1,13,False,0,0,2,0,True,False,40,50,200,3000.0,"[91010001,91010002,91010003]",False,0,0,0,0,Ethan,Sherife Local,,[]
112671,1,0,17141011,0,1,10002,NPC_Name_112671,NPC_Title_112671,0,0,1,13,False,0,0,2,0,True,False,40,50,200,3000.0,"[91010001,91010002,91010003]",False,0,0,0,0,Lyla,Oficial de Investigação de Incêndios,,[]
112672,1,0,17411100,0,1,10002,NPC_Name_112672,NPC_Title_112672,0,0,1,13,False,0,0,2,0,True,False,40,50,200,3000.0,"[91010001,91010002,91010003]",False,0,0,0,0,Roden,Oficial de Inteligência,,[]
112673,1,0,17411100,0,1,10002,NPC_Name_112673,,0,0,1,13,False,0,0,2,0,True,False,40,50,200,3000.0,"[91010001,91010002,91010003]",False,0,0,0,0,Roden,,,[]
112674,1,0,17540000,0,1,10002,NPC_Name_112674,,0,0,1,13,False,0,0,2,0,True,False,40,50,200,3000.0,"[91010001,91010002,91010003]",False,0,0,0,0,Steiner 9811,,,[]
112675,1,0,17540000,0,1,10002,NPC_Name_112675,,0,0,1,13,False,0,0,2,0,True,False,40,50,200,3000.0,"[91010001,91010002,91010003]",False,0,0,0,0,Steiner 9811,,,[]
112676,1,0,17350000,0,1,10002,NPC_Name_112676,NPC_Title_112676,0,0,1,13,False,0,0,2,0,True,False,40,50,200,3000.0,"[91010001,91010002,91010003]",False,0,0,0,0,Arche,Comerciante,,[]
112680,1,0,17221001,0,1,10002,NPC_Name_112680,NPC_Title_112680,0,0,1,13,False,0,0,2,0,True,False,40,50,200,3000.0,"[91010001,91010002,91010003]",False,0,0,0,0,Allen,Oficial de Segurança Diplomática,,[]
112681,1,0,18750000,0,1,10002,NPC_Name_112681,NPC_Title_112681,0,0,1,13,False,0,0,2,0,True,False,40,50,200,3000.0,"[91010001,91010002,91010003]",False,0,0,0,0,Cassandra,Oficial de Comando de Segurança,,[]
112682,1,0,18670000,0,1,10002,NPC_Name_112682,NPC_Title_112682,0,0,1,13,False,0,0,2,0,True,False,40,50,200,3000.0,"[91010001,91010002,91010003]",False,0,0,0,0,Pyron,Informante,,[]
112683,1,0,17580000,0,1,10002,NPC_Name_112683,NPC_Title_112683,0,0,1,13,False,0,0,2,0,True,False,40,50,200,3000.0,"[91010001,91010002,91010003]",False,0,0,0,0,Percell,Membro da Associação,,[]
112690,1,0,18910010,0,1,10002,NPC_Name_112690,NPC_Title_112690,0,0,1,13,False,0,0,2,0,True,False,40,50,200,3000.0,"[91010001,91010002,91010003]",False,0,0,0,0,Lydia,Diplomata,,[]
112691,1,0,18900000,0,1,10002,NPC_Name_112691,NPC_Title_112691,0,0,1,13,False,0,0,2,0,True,False,40,50,200,3000.0,"[91010001,91010002,91010003]",False,0,0,0,0,Dahren,Informante Especial,,[]
112692,1,0,18690000,0,1,10002,NPC_Name_112692,NPC_Title_112692,0,0,1,13,False,0,0,2,0,True,False,40,50,200,3000.0,"[91010001,91010002,91010003]",False,0,0,0,0,Balboa,Sacerdote,,[]
112693,1,0,18730000,0,1,10002,NPC_Name_112693,NPC_Title_112693,0,0,1,13,False,0,0,2,0,True,False,40,50,200,3000.0,"[91010001,91010002,91010003]",False,0,0,0,0,Herman,Agente de Inteligência,,[]
112694,1,0,17480010,0,1,10002,NPC_Name_112694,NPC_Title_112694,0,0,1,13,False,0,0,2,0,True,False,40,50,200,3000.0,"[91010001,91010002,91010003]",False,0,0,0,0,Merah,Mecânico,,[]
112695,1,0,17470011,0,1,10002,NPC_Name_112695,NPC_Title_112695,0,0,1,13,False,0,0,2,0,True,False,40,50,200,3000.0,"[91010001,91010002,91010003]",False,0,0,0,0,Jyle,Coletor de Sucata,,[]
112696,1,0,17470013,0,1,10002,NPC_Name_112696,NPC_Title_112696,0,0,1,13,False,0,0,2,0,True,False,40,50,200,3000.0,"[91010001,91010002,91010003]",False,0,0,0,0,Jerok,Informante,,[]
112801,1,0,17780000,0,1,10002,NPC_Name_112801,NPC_Title_112801,0,0,1,0,False,0,0,2,0,True,False,40,40,200,3000.0,"[91010001,91010002,91010003]",False,0,0,0,0,,,,[]
112802,1,0,18570000,0,1,10002,NPC_Name_112802,NPC_Title_112802,0,0,1,0,False,0,0,2,0,True,False,40,40,200,3000.0,[],False,0,0,0,0,,,,[]
112803,1,0,17640000,0,1,10002,NPC_Name_112803,NPC_Title_112803,0,0,1,0,False,0,0,2,0,True,False,40,40,200,3000.0,[],False,0,0,0,0,,,,[]
112804,1,0,17660000,0,1,10002,NPC_Name_112804,NPC_Title_112804,0,0,1,0,False,0,0,2,0,True,False,40,40,200,3000.0,[],False,0,0,0,0,,,,[]
112805,1,0,17630000,0,1,10002,NPC_Name_112805,NPC_Title_112805,0,0,1,0,False,0,0,2,0,True,False,40,40,200,3000.0,[],False,0,0,0,0,,,,[]
112806,1,0,17640000,0,1,10002,NPC_Name_112806,NPC_Title_112806,0,0,1,0,False,0,0,2,0,True,False,40,40,200,3000.0,[],False,0,0,0,0,,,,[]
112811,1,0,17780000,0,1,10002,NPC_Name_112811,NPC_Title_112811,0,0,1,0,False,0,0,2,0,True,False,40,40,200,3000.0,[],False,0,0,0,0,Scalar Ion,Fantasma Vermelho,,[]
112812,1,0,17780000,0,1,10002,NPC_Name_112812,NPC_Title_112812,0,0,1,0,False,0,0,2,0,True,False,40,40,200,3000.0,[],False,0,0,0,0,Scalar Ion,Fantasma Vermelho,,[]
112813,1,0,17780000,0,1,10002,NPC_Name_112813,NPC_Title_112813,0,0,1,0,False,0,0,2,0,True,False,40,40,200,3000.0,[],False,0,0,0,0,Scalar Ion,Fantasma Vermelho,,[]
112814,1,0,17780000,0,1,10002,NPC_Name_112814,NPC_Title_112814,0,0,1,0,False,0,0,2,0,True,False,40,40,200,3000.0,[],False,0,0,0,0,Scalar Ion,Fantasma Vermelho,,[]
112815,1,0,17780000,0,1,10002,NPC_Name_112815,NPC_Title_112815,0,0,1,0,False,0,0,2,0,True,False,40,40,200,3000.0,[],False,0,0,0,0,Scalar Ion,Fantasma Vermelho,,[]
112820,1,0,18570001,0,1,10002,NPC_Name_112820,NPC_Title_112820,0,0,1,0,False,0,0,2,0,True,False,40,40,200,3000.0,[],False,0,0,0,0,Vector Grey,Comandante de Batalha,,[]
112821,1,0,17780001,0,1,10002,NPC_Name_112821,NPC_Title_112821,0,0,1,0,False,0,0,2,0,True,False,40,40,200,3000.0,[],False,0,0,0,0,Scalar Ion,Fantasma Vermelho,,[]
112822,1,0,17411111,0,1,10002,NPC_Name_112822,NPC_Title_112822,0,0,1,0,False,0,0,2,0,True,False,40,40,200,3000.0,[],False,0,0,0,0,Marius,Agente de Inteligência,,[]
112823,1,0,17411111,0,1,10002,NPC_Name_112823,NPC_Title_112823,0,0,1,0,False,0,0,2,0,True,False,40,40,200,3000.0,[],False,0,0,0,0,Marius,Agente de Inteligência,,[]
112824,1,0,17411111,0,1,10002,NPC_Name_112824,NPC_Title_112824,0,0,1,0,False,0,0,2,0,True,False,40,40,200,3000.0,[],False,0,0,0,0,Marius,Agente de Inteligência,,[]
112825,1,0,17411113,0,1,10002,NPC_Name_112825,NPC_Title_112825,0,0,1,0,False,0,0,2,0,True,False,40,40,200,3000.0,[],False,0,0,0,0,Berney,Oficial de Ligação,,[]
112826,1,0,17411113,0,1,10002,NPC_Name_112826,NPC_Title_112826,0,0,1,0,False,0,0,2,0,True,False,40,40,200,3000.0,[],False,0,0,0,0,Berney,Oficial de Ligação,,[]
112827,1,0,17411113,0,1,10002,NPC_Name_112827,NPC_Title_112827,0,0,1,0,False,0,0,2,0,True,False,40,40,200,3000.0,[],False,0,0,0,0,Berney,Oficial de Ligação,,[]
112828,1,0,18610011,0,1,10002,NPC_Name_112828,NPC_Title_112828,0,0,1,0,False,0,0,2,0,True,False,0,40,200,3000.0,[],False,0,0,0,0,Kelly,Agente de Inteligência,,[]
112829,1,0,17540000,0,1,10002,NPC_Name_112829,,0,0,1,0,False,0,0,2,0,True,False,40,40,200,3000.0,[],False,0,0,0,0,Steiner 7927,,,[]
112830,1,0,17540000,0,1,10002,NPC_Name_112830,,0,0,1,0,False,0,0,2,0,True,False,40,40,200,3000.0,[],False,0,0,0,0,Steiner 7927,,,[]
112831,1,0,17221010,0,1,10002,NPC_Name_112831,NPC_Title_112831,0,0,1,0,False,0,0,2,0,True,False,40,40,200,3000.0,[],False,0,0,0,0,Ricardo,Guarda de Segurança,,[]
112832,1,0,18670013,0,1,10002,NPC_Name_112832,NPC_Title_112832,0,0,1,0,False,0,0,2,0,True,False,40,40,200,3000.0,[],False,0,0,0,0,Brennan,Líder da Equipe de Segurança,,[]
112833,1,0,18670013,0,1,10002,NPC_Name_112833,NPC_Title_112833,0,0,1,0,False,0,0,2,0,True,False,40,40,200,3000.0,[],False,0,0,0,0,Brennan,Líder da Equipe de Segurança,,[]
112834,1,0,18670013,0,1,10002,NPC_Name_112834,NPC_Title_112834,0,0,1,0,False,0,0,2,0,True,False,40,40,200,3000.0,[],False,0,0,0,0,Brennan,Líder da Equipe de Segurança,,[]
112835,1,0,17220000,0,1,10002,NPC_Name_112835,,0,0,1,0,False,0,0,2,0,True,False,40,40,200,3000.0,[],False,0,0,0,0,Agente Vigilante Bellato,,,[]
112836,1,0,18910010,0,1,10002,NPC_Name_112836,NPC_Title_112836,0,0,1,0,False,0,0,2,0,True,False,40,40,200,3000.0,[],False,0,0,0,0,Irina,Sumo Sacerdote,,[]
112837,1,0,18720000,0,1,10002,NPC_Name_112837,NPC_Title_112837,0,0,1,0,False,0,0,2,0,True,False,40,40,200,3000.0,[],False,0,0,0,0,Randall,Sacerdote,,[]
112838,1,0,18610010,0,1,10002,NPC_Name_112838,NPC_Title_112838,0,0,1,0,False,0,0,2,0,True,False,40,40,200,3000.0,[],False,0,0,0,0,Kelly,Agente de Inteligência,,[]
112839,1,0,18610010,0,1,10002,NPC_Name_112839,NPC_Title_112839,0,0,1,0,False,0,0,2,0,True,False,40,40,200,3000.0,[],False,0,0,0,0,Kelly,Agente de Inteligência,,[]
112840,1,0,18610011,0,1,10002,NPC_Name_112840,NPC_Title_112840,0,0,1,0,False,0,0,2,0,True,False,40,40,200,3000.0,[],False,0,0,0,0,Kelly,Agente de Inteligência,,[]
112841,1,0,18960010,0,1,10002,NPC_Name_112841,NPC_Title_112841,0,0,1,0,False,0,0,2,0,True,False,40,40,200,3000.0,[],False,0,0,0,0,Patrick,Diretor Adjunto de Inteligência,,[]
112842,1,0,17580011,0,1,10002,NPC_Name_112842,NPC_Title_112842,0,0,1,0,False,0,0,2,0,True,False,40,40,200,3000.0,[],False,0,0,0,0,Giuseppe,Refugiado,,[]
112850,1,0,17510011,0,1,10002,NPC_Name_112850,NPC_Title_112850,0,0,1,13,False,0,0,2,0,True,False,40,40,200,3000.0,[],False,0,0,0,0,Chuck,Treinador Solitário,,[]
112851,1,0,17490000,0,1,10002,NPC_Name_112851,NPC_Title_112851,0,0,1,13,False,0,0,2,0,True,False,40,40,200,3000.0,[],False,0,0,0,0,Novan,Fora da Lei Autoproclamado,,[]
112852,1,0,17500000,0,1,10002,NPC_Name_112852,NPC_Title_112852,0,0,1,13,False,0,0,2,0,True,False,40,40,200,3000.0,[],False,0,0,0,0,Juno,Entusiasta de Máquinas,,[]
112853,1,0,17140002,0,1,10002,NPC_Name_112853,NPC_Title_112853,0,0,1,13,False,0,0,2,0,True,False,40,40,200,3000.0,[],False,0,0,0,0,Kline,Engenheiro Procurado,,[]
112854,1,0,10560000,0,1,10002,NPC_Name_112854,NPC_Title_112854,0,0,1,13,False,0,0,2,0,True,False,40,40,200,3000.0,[],False,0,0,0,0,Bilbur,Desertor de Gangue,,[]
112868,1,0,18610011,0,1,10002,NPC_Name_112868,,0,0,1,0,False,0,0,2,0,True,False,0,40,200,3000.0,[],False,0,1,0,0,,,,[]
112869,1,0,17580012,0,1,10002,NPC_Name_112869,NPC_Title_112869,0,0,1,0,False,0,0,2,0,True,False,0,40,200,3000.0,[],False,0,1,0,0,Giuseppe,Refugiado,,[]
112870,1,0,18610009,0,1,10002,NPC_Name_112870,,0,0,1,0,False,0,0,2,0,True,False,0,40,200,3000.0,[],False,0,1,0,0,,,,[]
112871,1,0,18680007,0,1,10002,NPC_Name_112871,,0,0,1,0,False,0,0,2,0,True,False,0,40,200,3000.0,[],False,0,1,0,0,,,,[]
112872,1,0,18620008,0,1,10002,NPC_Name_112872,,0,0,1,0,False,0,0,2,0,True,False,0,40,200,3000.0,[],False,0,1,0,0,,,,[]
112873,1,0,31011001,0,1,10002,NPC_Name_112873,,0,0,1,0,False,0,0,2,0,True,False,0,40,200,3000.0,[],False,0,1,0,0,,,,[]
112874,1,0,18750004,0,1,10002,NPC_Name_112874,,0,0,1,0,False,0,0,2,0,True,False,0,40,200,3000.0,[],False,0,1,0,0,,,,[]
112875,1,0,18770004,0,1,10002,NPC_Name_112875,,0,0,1,0,False,0,0,2,0,True,False,0,40,200,3000.0,[],False,0,0,0,0,Soldado de Armadura Pesada Bellato,,,[]
112876,1,0,17220002,0,1,10002,NPC_Name_112876,,0,0,1,0,False,0,0,2,0,True,False,0,40,200,3000.0,[],False,0,1,0,0,,,,[]
112877,1,0,30720002,0,1,10002,NPC_Name_112877,,0,0,1,0,False,0,0,2,0,True,False,0,40,200,3000.0,[],False,0,1,0,0,,,,[]
112878,1,0,30400007,0,1,10002,NPC_Name_112878,,0,0,1,0,False,0,0,2,0,True,False,0,40,200,3000.0,[],False,0,1,0,0,,,,[]
112879,1,0,30400008,0,1,10002,NPC_Name_112879,,0,0,1,0,False,0,0,2,0,True,False,0,40,200,3000.0,[],False,0,1,0,0,,,,[]
112880,1,0,18610006,0,1,10002,NPC_Name_112880,,0,0,1,0,False,0,0,2,0,True,False,40,40,200,3000.0,[],False,0,1,0,0,,,,[]
112881,1,0,18680000,0,1,10002,NPC_Name_112881,,0,0,1,0,False,0,0,2,0,True,False,40,40,200,3000.0,[],False,0,1,0,0,,,,[]
112882,1,0,18620002,0,1,10002,NPC_Name_112882,,0,0,1,0,False,0,0,2,0,True,False,40,40,200,3000.0,[],False,0,1,0,0,,,,[]
112883,1,0,31011000,0,1,10002,NPC_Name_112883,,0,0,1,0,False,0,0,2,0,True,False,40,40,200,3000.0,[],False,0,1,0,0,,,,[]
112884,1,0,18750000,0,1,10002,NPC_Name_112884,,0,0,1,0,False,0,0,2,0,True,False,40,40,200,3000.0,[],False,0,1,0,0,,,,[]
112885,1,0,18770000,0,1,10002,NPC_Name_112885,,0,0,1,0,False,0,0,2,0,True,False,40,40,200,3000.0,[],False,0,1,0,0,,,,[]
112886,1,0,17220000,0,1,10002,NPC_Name_112886,,0,0,1,0,False,0,0,2,0,True,False,40,40,200,3000.0,[],False,0,1,0,0,,,,[]
112890,1,0,31160000,0,1,10002,NPC_Name_112890,,0,0,1,0,False,0,0,2,0,True,False,0,40,200,3000.0,[],False,0,1,0,0,,,,[]
112891,1,0,30970000,0,1,10002,NPC_Name_112891,,0,0,1,0,False,0,0,2,0,True,False,0,40,200,3000.0,[],False,0,1,0,0,,,,[]
112892,1,0,30970000,0,1,10002,NPC_Name_112892,,0,0,1,0,False,0,0,2,0,True,False,0,40,200,3000.0,[],False,0,1,0,0,,,,[]
112893,1,0,30970000,0,1,10002,NPC_Name_112893,,0,0,1,0,False,0,0,2,0,True,False,0,40,200,3000.0,[],False,0,1,0,0,,,,[]
112894,1,0,30780000,0,1,10002,NPC_Name_112894,,0,0,1,0,False,0,0,2,0,True,False,0,40,200,3000.0,[],False,0,1,0,0,,,,[]
112895,1,0,30780000,0,1,10002,NPC_Name_112895,,0,0,1,0,False,0,0,2,0,True,False,0,40,200,3000.0,[],False,0,1,0,0,,,,[]
112896,1,0,30780000,0,1,10002,NPC_Name_112896,,0,0,1,0,False,0,0,2,0,True,False,0,40,200,3000.0,[],False,0,1,0,0,,,,[]
112897,1,0,17440000,0,1,10002,NPC_Name_112897,,0,0,1,0,False,0,0,2,0,True,False,40,40,200,3000.0,[],False,0,1,0,0,,,,[]
112898,1,0,17450000,0,1,10002,NPC_Name_112898,,0,0,1,0,False,0,0,2,0,True,False,40,40,200,3000.0,[],False,0,1,0,0,,,,[]
112899,1,0,17460000,0,1,10002,NPC_Name_112899,,0,0,1,0,False,0,0,2,0,True,False,40,40,200,3000.0,[],False,0,1,0,0,,,,[]
112901,1,0,17470001,0,1,10002,NPC_Name_112901,,0,0,1,0,False,0,0,2,0,True,False,40,50,200,3000.0,[],False,0,1,0,0,Membro Masculino da Guilda de Mercadores Nekaran,,,[]
112902,1,0,17480001,0,1,10002,NPC_Name_112902,,0,0,1,0,False,0,0,2,0,True,False,40,50,200,3000.0,[],False,0,1,0,0,Membro Feminina da Guilda de Mercadores Nekaran,,,[]
112903,1,0,17411100,0,1,10002,NPC_Name_112903,,0,0,1,0,False,0,0,2,0,True,False,40,50,200,3000.0,[],False,0,1,0,0,Imperial Masculino,,,[]
112904,1,0,17421100,0,1,10002,NPC_Name_112904,,0,0,1,0,False,0,0,2,0,True,False,40,50,200,3000.0,[],False,0,1,0,0,Imperial Feminina,,,[]
112905,1,0,17080000,0,1,10002,NPC_Name_112905,,0,0,1,0,False,0,0,2,0,True,False,40,50,200,3000.0,[],False,0,1,0,0,Comerciante Tajrun A da Guilda de Mercadores Nekaran,,,[]
112906,1,0,17550000,0,1,10002,NPC_Name_112906,,0,0,1,0,False,0,0,2,0,True,False,40,50,200,3000.0,[],False,0,1,0,0,Guilda de Mercadores Nekaran Android Teddy,,,[]
112907,1,0,17560000,0,1,10002,NPC_Name_112907,,0,0,1,0,False,0,0,2,0,True,False,40,50,200,3000.0,[],False,0,1,0,0,Guilda de Mercadores Nekaran Android Rody,,,[]
112908,1,0,17780000,0,1,10002,NPC_Name_112908,NPC_Title_112908,0,0,1,0,False,0,0,2,0,True,False,40,50,200,3000.0,"[91010001,91010002,91010003]",False,0,0,0,0,Scalar Ion,Fantasma Vermelho,,[]
112909,1,0,17780000,0,1,10002,NPC_Name_112909,NPC_Title_112909,0,0,1,0,False,0,0,2,0,True,False,40,50,200,3000.0,"[91010001,91010002,91010003]",False,0,0,0,0,Scalar Ion,Fantasma Vermelho,,[]
112910,1,0,17780000,0,1,10002,NPC_Name_112910,NPC_Title_112910,0,0,1,0,False,0,0,2,0,True,False,40,50,200,3000.0,"[91010001,91010002,91010003]",False,0,0,0,0,Scalar Ion,Fantasma Vermelho,,[]
112911,1,0,17780000,0,1,10002,NPC_Name_112911,NPC_Title_112911,0,0,1,0,False,0,0,2,0,True,False,40,50,200,3000.0,"[91010001,91010002,91010003]",False,0,0,0,0,Scalar Ion,Fantasma Vermelho,,[]
112912,1,0,17780005,0,1,10002,NPC_Name_112912,NPC_Title_112912,0,0,1,0,False,0,0,2,0,True,False,40,50,200,3000.0,"[91010001,91010002,91010003]",False,0,0,0,0,Scalar Ion,Fantasma Vermelho,,[]
112913,1,0,17780005,0,1,2515,NPC_Name_112913,NPC_Title_112913,0,0,1,0,False,0,0,2,0,True,False,40,50,200,3000.0,"[91010001,91010002,91010003]",False,0,0,0,0,Scalar Ion,Fantasma Vermelho,,[]
112914,1,0,17780000,0,1,2535,NPC_Name_112914,NPC_Title_112914,0,0,1,0,False,0,0,2,0,True,False,40,50,200,3000.0,"[91010001,91010002,91010003]",False,0,0,0,0,Scalar Ion,Fantasma Vermelho,,[]
112915,1,0,17411100,0,1,10002,NPC_Name_112915,NPC_Title_112915,0,0,1,13,False,0,0,2,0,True,False,40,50,200,3000.0,[],False,0,0,0,0,Murk,Exército Imperial,,[]
112916,1,0,17080000,0,1,10002,NPC_Name_112916,NPC_Title_112916,0,0,1,13,False,0,0,2,0,True,False,40,50,200,3000.0,[],False,0,0,0,0,Yobana,Guilda de Mercadores de Nekaran,,[]
112917,1,0,17411100,0,1,10002,NPC_Name_112917,NPC_Title_112917,0,0,1,13,False,0,0,2,0,True,False,40,50,200,3000.0,[],False,0,0,0,0,Muiren,Exército Imperial,,[]
112918,1,0,17411120,0,1,10002,NPC_Name_112918,NPC_Title_112918,0,0,1,13,False,0,0,2,0,True,False,40,50,200,3000.0,[],False,0,0,0,0,Levert,Exército Imperial,,[]
112919,1,0,17421100,0,1,10002,NPC_Name_112919,NPC_Title_112919,0,0,1,13,False,0,0,2,0,True,False,40,50,200,3000.0,[],False,0,0,0,0,Merten,Exército Imperial,,[]
112920,1,0,17470001,0,1,10002,NPC_Name_112920,,0,0,1,0,False,0,0,2,0,True,False,40,50,200,3000.0,[],False,0,1,0,0,Membro da Guilda de Mercadores Nekaran Masculino (Chat),,,[]
112921,1,0,17550000,0,1,10002,NPC_Name_112921,,0,0,1,0,False,0,0,2,0,True,False,40,50,200,3000.0,[],False,0,1,0,0,Guilda de Mercadores Nekaran Android Teddy (Chat),,,[]
112941,1,0,17411111,0,1,10002,NPC_Name_112941,NPC_Title_112941,0,0,1,0,True,0,0,2,0,True,False,40,40,200,3000.0,[],False,0,0,0,0,Marius,Agente de Inteligência,,[]
112942,1,0,17470003,0,1,10002,NPC_Name_112942,NPC_Title_112942,0,0,1,13,True,0,0,2,0,True,False,40,50,200,3000.0,[],False,0,0,0,0,Jenssen,Comerciante,,[]
112943,1,0,17620011,0,1,10002,NPC_Name_112943,NPC_Title_112943,0,0,1,0,True,0,0,2,0,True,False,40,40,180,3000.0,[],False,0,0,0,0,Jack,Agente de Inteligência,,[]
112944,1,0,18670013,0,1,10002,NPC_Name_112944,NPC_Title_112944,0,0,1,13,True,0,0,2,0,True,False,40,50,200,3000.0,[],False,0,0,0,0,Brennan,Líder da Equipe de Segurança,,[]
112945,1,0,18870010,0,1,10002,NPC_Name_112945,NPC_Title_112945,0,0,1,13,True,0,0,2,0,True,False,40,50,200,3000.0,[],False,0,0,0,0,Adyllin,Guarda de Segurança,,[]
112946,1,0,18910010,0,1,2515,NPC_Name_112946,NPC_Title_112946,0,0,1,0,True,0,0,2,0,True,False,40,40,180,3000.0,[],False,0,0,0,0,Irina,Sumo Sacerdote,,[]
112947,1,0,17580011,0,1,2546,NPC_Name_112947,NPC_Title_112947,0,0,1,0,True,0,0,2,0,True,False,40,40,200,3000.0,[],False,0,0,0,0,Giuseppe,Refugiado,,[]
112948,1,0,17580011,0,1,2543,NPC_Name_112948,NPC_Title_112948,0,0,1,0,True,0,0,2,0,True,False,40,40,200,3000.0,[],False,0,0,0,0,Giuseppe,Refugiado,,[]
112949,1,0,18700000,0,1,10002,NPC_Name_112949,NPC_Title_112949,0,0,1,13,True,0,0,2,0,True,False,40,40,180,3000.0,[],False,0,0,0,0,Vanita,Oficial de Investigação,,[]
112950,1,0,17470003,0,1,10002,NPC_Name_112950,NPC_Title_112950,0,0,1,0,True,0,0,2,0,True,False,40,50,200,3000.0,[],False,0,0,0,0,Jenssen,Comerciante,,[]
113001,1,0,17780000,1,1,10002,NPC_Name_113001,NPC_Title_113001,0,0,1,0,False,0,0,2,0,True,False,40,40,180,3000.0,[],False,0,0,0,0,Scalar Ion,Fantasma Vermelho,,[]
113002,1,0,17780000,1,1,10002,NPC_Name_113002,NPC_Title_113002,0,0,1,0,False,0,0,2,0,True,False,40,40,180,3000.0,[],False,0,0,0,0,Scalar Ion,Fantasma Vermelho,,[]
113003,1,0,17780000,1,1,10002,NPC_Name_113003,NPC_Title_113003,0,0,1,0,False,0,0,2,0,True,False,40,40,180,3000.0,[],False,0,0,0,0,Scalar Ion,Fantasma Vermelho,,[]
113004,1,0,17780000,1,1,10002,NPC_Name_113004,NPC_Title_113004,0,0,1,0,False,0,0,2,0,True,False,40,40,180,3000.0,[],False,0,0,0,0,Scalar Ion,Fantasma Vermelho,,[]
113005,1,0,17780000,1,1,10002,NPC_Name_113005,NPC_Title_113005,0,0,1,0,False,0,0,2,0,True,False,40,40,180,3000.0,[],False,0,0,0,0,Scalar Ion,Fantasma Vermelho,,[]
113006,1,0,17780000,1,1,10002,NPC_Name_113006,NPC_Title_113006,0,0,1,0,False,0,0,2,0,True,False,40,40,180,3000.0,[],False,0,0,0,0,Scalar Ion,Fantasma Vermelho,,[]
113007,1,0,17780005,1,1,2515,NPC_Name_113007,NPC_Title_113007,0,0,1,0,False,0,0,2,0,True,False,40,40,180,3000.0,[],False,0,0,0,0,Scalar Ion,Fantasma Vermelho,,[]
113008,1,0,10831011,1,1,10002,NPC_Name_113008,,0,0,1,0,False,0,0,2,0,True,False,40,40,180,3000.0,[],False,0,0,0,0,Junker,,,[]
113009,1,0,17141001,1,1,10002,NPC_Name_113009,,0,0,1,0,False,0,0,2,0,True,False,40,40,180,3000.0,[],False,0,0,0,0,Cientista Overmind,,,[]
113010,1,0,17140000,1,1,10002,NPC_Name_113010,,0,0,1,0,False,0,0,2,0,True,False,40,40,180,3000.0,[],False,0,0,0,0,Cientista Overmind,,,[]
113011,1,0,17141001,1,1,10002,NPC_Name_113011,,0,0,1,0,False,0,0,2,0,True,False,40,40,180,3000.0,[],False,0,0,0,0,Cientista Overmind,,,[]
113020,1,0,17411111,0,1,10002,NPC_Name_113020,NPC_Title_113020,0,0,1,0,False,0,0,2,0,True,False,40,40,180,3000.0,[],False,0,0,0,0,Marius,Agente de Inteligência,,[]
113021,1,0,17411111,0,1,10002,NPC_Name_113021,NPC_Title_113021,0,0,1,0,False,0,0,2,0,True,False,40,40,180,3000.0,[],False,0,0,0,0,Marius,Agente de Inteligência,,[]
113022,1,0,17440000,0,1,10002,NPC_Name_113022,NPC_Title_113022,0,0,1,0,False,0,0,2,0,True,False,40,40,180,3000.0,[],False,0,0,0,0,Escolta de Agente,Exército Imperial,,[]
113023,1,0,17140001,0,1,2515,NPC_Name_113023,NPC_Title_113023,0,0,1,0,False,0,0,2,0,True,False,40,40,180,3000.0,[],False,0,0,0,0,Bariel,Gerente,,[]
113024,1,0,17140001,0,1,10002,NPC_Name_113024,NPC_Title_113024,0,0,1,0,False,0,0,2,0,True,False,40,40,180,3000.0,[],False,0,0,0,0,Bariel,Gerente,,[]
113025,1,0,18670013,0,1,10002,NPC_Name_113025,NPC_Title_113025,0,0,1,0,False,0,0,2,0,True,False,40,40,180,3000.0,[],False,0,0,0,0,Brennan,Líder da Equipe de Segurança,,[]
113026,1,0,18670013,0,1,10002,NPC_Name_113026,NPC_Title_113026,0,0,1,0,False,0,0,2,0,True,False,40,40,180,3000.0,[],False,0,0,0,0,Brennan,Líder da Equipe de Segurança,,[]
113027,1,0,18670013,0,1,10002,NPC_Name_113027,NPC_Title_113027,0,0,1,0,False,0,0,2,0,True,False,40,40,180,3000.0,[],False,0,0,0,0,Brennan,Líder da Equipe de Segurança,,[]
113028,1,0,18880012,0,1,10002,NPC_Name_113028,NPC_Title_113028,0,0,1,0,False,0,0,2,0,True,False,40,40,180,3000.0,[],False,0,0,0,0,Matilda,Investigador,,[]
113029,1,0,18880012,0,1,10002,NPC_Name_113029,NPC_Title_113029,0,0,1,0,False,0,0,2,0,True,False,40,40,180,3000.0,[],False,0,0,0,0,Matilda,Investigador,,[]
113030,1,0,18880012,0,1,10002,NPC_Name_113030,NPC_Title_113030,0,0,1,0,False,0,0,2,0,True,False,40,40,180,3000.0,[],False,0,0,0,0,Matilda,Investigador,,[]
113031,1,0,17620011,0,1,10002,NPC_Name_113031,NPC_Title_113031,0,0,1,0,False,0,0,2,0,True,False,40,40,180,3000.0,[],False,0,0,0,0,Jack,Agente,,[]
113032,1,0,17620011,0,1,10002,NPC_Name_113032,NPC_Title_113032,0,0,1,0,False,0,0,2,0,True,False,40,40,180,3000.0,[],False,0,0,0,0,Jack,Agente,,[]
113033,1,0,17540000,0,1,10002,NPC_Name_113033,NPC_Title_113033,0,0,1,0,False,0,0,2,0,True,False,40,40,180,3000.0,[],False,0,0,0,0,Calyp,Comerciante Viajante,,[]
113034,1,0,17540000,0,1,10002,NPC_Name_113034,NPC_Title_113034,0,0,1,0,False,0,0,2,0,True,False,40,40,180,3000.0,[],False,0,0,0,0,Calypso,Comerciante Viajante,,[]
113035,1,0,18960010,0,1,10002,NPC_Name_113035,NPC_Title_113035,0,0,1,0,False,0,0,2,0,True,False,40,40,180,3000.0,[],False,0,0,0,0,Patrick,Diretor Adjunto de Inteligência,,[]
113036,1,0,17580011,0,1,2560,NPC_Name_113036,NPC_Title_113036,0,0,1,0,False,0,0,2,0,True,False,40,40,180,3000.0,[],False,0,0,0,0,Giuseppe,Refugiado,,[]
113037,1,0,17580011,0,1,10002,NPC_Name_113037,NPC_Title_113037,0,0,1,0,False,0,0,2,0,True,False,40,40,180,3000.0,[],False,0,0,0,0,Giuseppe,Refugiado,,[]
113038,1,0,18910010,0,1,2515,NPC_Name_113038,NPC_Title_113038,0,0,1,0,False,0,0,2,0,True,False,40,40,180,3000.0,[],False,0,0,0,0,Irina,Sumo Sacerdote,,[]
113039,1,0,18910010,0,1,10002,NPC_Name_113039,NPC_Title_113039,0,0,1,0,False,0,0,2,0,True,False,40,40,180,3000.0,[],False,0,0,0,0,Irina,Sumo Sacerdote,,[]
113050,1,0,17411000,1,1,10002,NPC_Name_113050,NPC_Title_113050,0,0,1,13,False,0,0,2,0,True,False,40,40,180,3000.0,[],False,0,0,0,0,Teron,Exército Imperial,,[]
113051,1,0,30542000,1,1,10002,NPC_Name_113051,NPC_Title_113051,0,0,1,13,False,0,0,2,0,True,False,40,40,180,3000.0,[],False,0,0,0,0,Fred,Sobrevivente do Experimento,,[]
113052,1,0,17510000,1,1,10002,NPC_Name_113052,NPC_Title_113052,0,0,1,13,False,0,0,2,0,True,False,40,40,180,3000.0,[],False,0,0,0,0,Ghiz,Junker,,[]
113053,1,0,17470010,1,1,10002,NPC_Name_113053,NPC_Title_113053,0,0,1,13,False,0,0,2,0,True,False,40,40,180,3000.0,[],False,0,0,0,0,Yom,Sujeito Fugitivo,,[]
113054,1,0,17570000,1,1,10002,NPC_Name_113054,NPC_Title_113054,0,0,1,13,False,0,0,2,0,True,False,40,40,180,3000.0,[],False,0,0,0,0,Harun,Guilda de Mercadores de Nekaran,,[]
113090,1,0,30420000,0,1,10002,NPC_Name_113090,,0,0,1,0,False,0,0,2,0,True,False,0,40,180,3000.0,[],False,0,1,0,0,,,,[]
113091,1,0,31160000,0,1,10002,NPC_Name_113091,,0,0,1,0,False,0,0,2,0,True,False,0,40,180,3000.0,[],False,0,1,0,0,,,,[]
113092,1,0,30780000,0,1,10002,NPC_Name_113092,,0,0,1,0,False,0,0,2,0,True,False,0,40,180,3000.0,[],False,0,1,0,0,,,,[]
113093,1,0,31160000,0,1,10002,NPC_Name_113093,,0,0,1,0,False,0,0,2,0,True,False,0,40,180,3000.0,[],False,0,1,0,0,,,,[]
113094,1,0,30970000,0,1,10002,NPC_Name_113094,,0,0,1,0,False,0,0,2,0,True,False,0,40,180,3000.0,[],False,0,1,0,0,,,,[]
113101,1,0,10320000,0,1,10002,NPC_Name_100401,,0,0,1,0,True,0,0,2,0,True,False,40,50,200,3000.0,[],False,0,1,0,0,,,,[]
113102,1,0,18540010,0,1,10002,NPC_Name_100402,,0,0,1,0,True,0,0,2,0,True,False,40,50,200,3000.0,[],False,0,1,0,0,,,,[]
113103,1,0,18530000,1,1,0,NPC_Name_100403,,0,0,1,0,True,0,0,2,0,True,False,40,100,200,30000.0,[7003001],False,0,1,0,0,,,,[]
113104,1,0,18540000,1,1,0,NPC_Name_100404,,0,0,1,0,True,0,0,2,0,True,False,40,100,200,3000.0,[7003101],False,0,1,0,0,,,,[]
113105,1,0,17100000,0,1,10002,NPC_Name_100406,NPC_Title_100406,0,0,1,0,True,0,0,2,0,True,False,40,50,200,3000.0,[],False,0,0,0,0,Chen Grayson,Assistente do Oz,,[]
113201,1,0,17120000,0,1,10002,NPC_Name_113201,NPC_Title_113201,0,0,1,0,False,0,0,2,0,True,False,40,50,200,3000.0,[],False,0,0,0,0,Kamiel Lorgana,Oficial Accretia Desdobrado,,[]
113202,1,0,17411113,0,1,10002,NPC_Name_113202,NPC_Title_113202,0,0,1,0,False,0,0,2,0,True,False,40,50,200,3000.0,[],False,0,0,0,0,Arrick,Agente de Segurança,,[]
113203,1,0,17120000,0,1,10002,NPC_Name_113203,NPC_Title_113203,0,0,1,0,False,0,0,2,0,True,False,40,50,200,3000.0,[],False,0,0,0,0,Kamiel Lorgana,Oficial Accretia Desdobrado,,[]
113204,1,0,17120000,0,1,10002,NPC_Name_113204,NPC_Title_113204,0,0,1,0,False,0,0,2,0,True,False,40,50,200,3000.0,[],False,0,0,0,0,Kamiel Lorgana,Oficial Accretia Desdobrado,,[]
113205,1,0,17120000,0,1,10002,NPC_Name_113205,NPC_Title_113205,0,0,1,0,False,0,0,2,0,True,False,40,50,200,3000.0,[],False,0,0,0,0,Kamiel Lorgana,Oficial Accretia Desdobrado,,[]
113206,1,0,17120000,0,1,10002,NPC_Name_113206,NPC_Title_113206,0,0,1,0,False,0,0,2,0,True,False,40,50,200,3000.0,[],False,0,0,0,0,Kamiel Lorgana,Oficial Accretia Desdobrado,,[]
113207,1,0,17421111,0,1,10002,NPC_Name_113207,NPC_Title_113207,0,0,1,0,False,0,0,2,0,True,False,40,50,200,3000.0,[],False,0,0,0,0,Riora,Agente de Segurança,,[]
113208,1,0,17140002,0,1,10002,NPC_Name_113208,NPC_Title_113208,0,0,1,0,False,0,0,2,0,True,False,40,50,200,3000.0,[],False,0,0,0,0,Silas,Pesquisador da Base de Pesquisa,,[]
113209,1,0,17141011,0,1,10002,NPC_Name_113209,NPC_Title_113209,0,0,1,0,False,0,0,2,0,True,False,40,50,200,3000.0,[],False,0,0,0,0,Nera,Pesquisador da Base de Pesquisa,,[]
113210,1,0,17750000,0,1,10002,NPC_Name_113210,NPC_Title_113210,0,0,1,0,False,0,0,2,0,True,False,40,50,200,3000.0,[],False,0,0,0,0,Sitz Paro,Protetor das Estrelas,,[]
113211,1,0,17750000,0,1,10002,NPC_Name_113211,NPC_Title_113211,0,0,1,0,False,0,0,2,0,True,False,40,50,200,3000.0,[],False,0,0,0,0,Sitz Paro,Protetor das Estrelas,,[]
113212,1,0,17140000,0,1,10002,,,0,0,1,0,False,0,0,2,0,False,False,40,50,200,3000.0,[],False,0,0,0,0,,,,[]
113213,1,0,17141010,0,1,10002,,,0,0,1,0,False,0,0,2,0,False,False,40,50,200,3000.0,[],False,0,0,0,0,,,,[]
113214,1,0,17140003,0,1,10002,,,0,0,1,0,False,0,0,2,0,False,False,40,50,200,3000.0,[],False,0,0,0,0,,,,[]
113215,1,0,17141001,0,1,10002,,,0,0,1,0,False,0,0,2,0,False,False,40,50,200,3000.0,[],False,0,0,0,0,,,,[]
113216,1,0,17140004,0,1,10002,,,0,0,1,0,False,0,0,2,0,False,False,40,50,200,3000.0,[],False,0,0,0,0,,,,[]
113241,1,0,17300000,0,1,10002,NPC_Name_113241,NPC_Title_113241,0,0,1,13,False,0,0,2,0,True,False,40,50,200,3000.0,[],False,0,0,0,0,Daris,Agente de Segurança do Laboratório,,[]
113242,1,0,17530001,0,1,10002,NPC_Name_113242,NPC_Title_113242,0,0,1,13,False,0,0,2,0,True,False,40,50,200,3000.0,[],False,0,0,0,0,Ryan,Respondedor de Emergência,,[]
113243,1,0,17141002,0,1,10002,NPC_Name_113243,NPC_Title_113243,0,0,1,13,False,0,0,2,0,True,False,40,50,200,3000.0,[],False,0,0,0,0,Loen,Sobrevivente de Laboratório,,[]
113244,1,0,17140004,0,1,10002,NPC_Name_113244,NPC_Title_113244,0,0,1,13,False,0,0,2,0,True,False,40,50,200,3000.0,[],False,0,0,0,0,Lakos,Gerente de Logística de Laboratório,,[]
113281,1,0,17560000,0,1,10002,NPC_Name_113281,,0,0,1,0,False,0,0,2,0,True,False,40,50,200,3000.0,[],False,0,0,0,0,Steiner 1999,,,[]
113282,1,0,18770000,0,1,10002,NPC_Name_113282,NPC_Title_113282,0,0,1,0,False,0,0,2,0,True,False,40,50,200,3000.0,[],False,0,0,0,0,Riwood,Gerente de Segurança,,[]
113283,1,0,18900010,0,1,10002,NPC_Name_113283,NPC_Title_113283,0,0,1,0,False,0,0,2,0,True,False,40,50,200,3000.0,[],False,0,0,0,0,Roden,Agente de Inteligência,,[]
113284,1,0,17560000,0,1,10002,NPC_Name_113284,,0,0,1,0,False,0,0,2,0,True,False,40,50,200,3000.0,[],False,0,0,0,0,Steiner 1999,,,[]
113285,1,0,18900010,0,1,10002,NPC_Name_113285,,0,0,1,0,False,0,0,2,0,True,False,40,50,200,3000.0,[],False,0,0,0,0,Roden,,,[]
113301,1,0,17120000,0,1,10002,NPC_Name_113301,NPC_Title_113301,0,0,1,0,False,0,0,2,0,True,False,40,50,200,3000.0,[],False,0,0,0,0,Kamiel Lorgana,Oficial Accretia Desdobrado,,[]
113302,1,0,17221002,0,1,10002,NPC_Name_113302,NPC_Title_113302,0,0,1,0,False,0,0,2,0,True,False,40,40,180,3000.0,[],False,0,0,0,0,Heze,Pumus Guarda,,[]
113303,1,0,17221000,0,1,10002,NPC_Name_113303,NPC_Title_113303,0,0,1,0,False,0,0,2,0,True,False,40,40,180,3000.0,[],False,0,0,0,0,Rama,Pumus Guarda,,[]
113304,1,0,17221000,0,1,10002,NPC_Name_113304,NPC_Title_113304,0,0,1,0,False,0,0,2,0,True,False,40,40,180,3000.0,[],False,0,0,0,0,Conrad,Pumus Guarda,,[]
113305,1,0,18990003,0,1,10002,NPC_Name_113305,NPC_Title_113305,0,0,1,0,False,0,0,2,0,True,False,40,50,200,3000.0,[7009901],False,0,0,0,0,Redtail,Mercenário Independente,,[]
113306,1,0,17120000,0,1,10002,NPC_Name_113306,NPC_Title_113306,0,0,1,0,False,0,0,2,0,True,False,40,50,200,3000.0,[],False,0,0,0,0,Kamiel Lorgana,Oficial Accretia Desdobrado,,[]
113307,1,0,17120000,0,1,10002,NPC_Name_113307,NPC_Title_113307,0,0,1,0,False,0,0,2,0,True,False,40,50,200,3000.0,[],False,0,0,0,0,Kamiel Lorgana,Oficial Accretia Desdobrado,,[]
113308,1,0,17120000,0,1,10002,NPC_Name_113308,NPC_Title_113308,0,0,1,0,False,0,0,2,0,True,False,40,50,200,3000.0,[],False,0,0,0,0,Kamiel Lorgana,Oficial Accretia Desdobrado,,[]
113309,1,0,18990003,0,1,10002,NPC_Name_113309,NPC_Title_113309,0,0,1,0,False,0,0,2,0,True,False,40,50,200,3000.0,[7009901],False,0,0,0,0,Redtail,Mercenário Independente,,[]
113310,1,0,17220000,0,1,10002,NPC_Name_113310,NPC_Title_113310,0,0,1,13,False,0,0,2,0,True,False,40,40,180,3000.0,[],False,0,0,0,0,Cad,Pumus Guarda,,[]
113311,1,0,17220010,0,1,10002,NPC_Name_113311,NPC_Title_113311,0,0,1,13,False,0,0,2,0,True,False,40,40,180,3000.0,[],False,0,0,0,0,Meyer,Guarda Pumus,,[]
113312,1,0,18660010,0,1,10002,NPC_Name_113312,NPC_Title_113312,0,0,1,13,False,0,0,2,0,True,False,40,40,180,3000.0,[],False,0,0,0,0,Moss,Engenheiro da Estação de Retransmissão,,[]
113313,1,0,17221000,0,1,10002,NPC_Name_113313,NPC_Title_113313,0,0,1,13,False,0,0,2,0,True,False,40,40,180,3000.0,[],False,0,0,0,0,Grantz,Guarda Pumus,,[]
113314,1,0,17221010,0,1,10002,NPC_Name_113314,NPC_Title_113314,0,0,1,13,False,0,0,2,0,True,False,40,40,180,3000.0,[],False,0,0,0,0,Bieber,Guarda Pumus,,[]
113381,1,0,17440000,0,1,10002,NPC_Name_113381,NPC_Title_113381,0,0,1,0,False,0,0,2,0,True,False,40,40,180,3000.0,[],False,0,0,0,0,Ruross,Sherife,,[]
113382,1,0,17560000,0,1,10002,NPC_Name_113382,,0,0,1,0,False,0,0,2,0,True,False,40,40,180,3000.0,[],False,0,0,0,0,Steiner 1080,,,[]
113383,1,0,17310000,0,1,10002,NPC_Name_113383,NPC_Title_113383,0,0,1,0,False,0,0,2,0,True,False,40,40,180,3000.0,[],False,0,0,0,0,Ernst,Consultor Técnico,,[]
113384,1,0,17580010,0,1,10002,NPC_Name_113384,NPC_Title_113384,0,0,1,0,False,0,0,2,0,True,False,40,40,180,3000.0,[],False,0,0,0,0,Yohaim,Oficial de Segurança Freewall,,[]
113385,1,0,18630000,0,1,10002,NPC_Name_113385,NPC_Title_113385,0,0,1,0,False,0,0,2,0,True,False,40,40,180,3000.0,[],False,0,0,0,0,Lavanya,Cora Sacerdotisa,,[]
113386,1,0,18960000,0,1,10002,NPC_Name_113386,NPC_Title_113386,0,0,1,0,True,0,0,2,0,True,False,40,40,180,3000.0,[],False,0,0,0,0,Holanda,Sumo Sacerdote Cora,,[]
113387,1,0,18960000,0,1,10002,NPC_Name_113387,,0,0,1,0,True,0,0,2,0,True,False,40,40,180,3000.0,[],False,0,0,0,0,Pessoa Suspeita,,,[]
113401,1,0,17120000,0,1,10002,NPC_Name_113401,NPC_Title_113401,0,0,1,0,False,0,0,2,0,True,False,40,50,200,3000.0,[],False,0,0,0,0,Kamiel Lorgana,Oficial Accretia Desdobrado,,[]
113402,1,0,19045000,0,1,10002,NPC_Name_113402,NPC_Title_113402,0,0,1,0,False,0,0,2,0,True,False,40,50,200,3000.0,[],False,0,0,0,0,Reto,Garoto Misterioso,,[]
113403,1,0,18990002,0,1,10002,NPC_Name_113403,NPC_Title_113403,0,0,1,0,False,0,0,2,0,True,False,40,50,200,3000.0,[],False,0,0,0,0,Redtail,Mercenário Independente,,[]
113404,1,0,17630010,0,1,10002,NPC_Name_113404,NPC_Title_113404,0,0,1,0,False,0,0,2,0,True,False,40,50,200,3000.0,[],False,0,0,0,0,Kale,Engenheiro de Fluxo,,[]
113405,1,0,17120000,0,1,10002,NPC_Name_113405,NPC_Title_113405,0,0,1,0,False,0,0,2,0,True,False,40,50,200,3000.0,[],False,0,0,0,0,Kamiel Lorgana,Oficial Accretia Desdobrado,,[]
113406,1,0,19045000,0,1,10002,NPC_Name_113406,NPC_Title_113406,0,0,1,0,False,0,0,2,0,True,False,40,50,200,3000.0,[],False,0,0,0,0,Reto,Garoto Misterioso,,[]
113407,1,0,17120000,0,1,10002,NPC_Name_113407,NPC_Title_113407,0,0,1,0,False,0,0,2,0,True,False,40,50,200,3000.0,[],False,0,0,0,0,Kamiel Lorgana,Oficial Accretia Desdobrado,,[]
113408,1,0,19045000,0,1,10002,NPC_Name_113408,NPC_Title_113408,0,0,1,0,False,0,0,2,0,True,False,40,50,200,3000.0,[],False,0,0,0,0,Reto,Garoto Misterioso,,[]
113409,1,0,17120000,0,1,10002,NPC_Name_113409,NPC_Title_113409,0,0,1,0,False,0,0,2,0,True,False,40,50,200,3000.0,[],False,0,0,0,0,Kamiel Lorgana,Oficial Accretia Desdobrado,,[]
113410,1,0,19045000,0,1,10002,NPC_Name_113410,NPC_Title_113410,0,0,1,0,False,0,0,2,0,True,False,40,50,200,3000.0,[],False,0,0,0,0,Reto,Garoto Misterioso,,[]
113411,1,0,18990002,0,1,10002,NPC_Name_113411,NPC_Title_113411,0,0,1,0,False,0,0,2,0,True,False,40,50,200,3000.0,[],False,0,0,0,0,Redtail,Mercenário Independente,,[]
113412,1,0,17120000,0,1,10002,NPC_Name_113412,NPC_Title_113412,0,0,1,0,False,0,0,2,0,True,False,40,50,200,3000.0,[],False,0,0,0,0,Kamiel Lorgana,Oficial Accretia Desdobrado,,[]
113413,1,0,19045000,0,1,10002,NPC_Name_113413,NPC_Title_113413,0,0,1,0,False,0,0,2,0,True,False,40,50,200,3000.0,[],False,0,0,0,0,Reto,Garoto Misterioso,,[]
113414,1,0,18990002,0,1,10002,NPC_Name_113414,NPC_Title_113414,0,0,1,0,False,0,0,2,0,True,False,40,50,200,3000.0,[],False,0,0,0,0,Redtail,Mercenário Independente,,[]
113415,1,0,17120000,0,1,10002,NPC_Name_113415,NPC_Title_113415,0,0,1,0,False,0,0,2,0,True,False,40,50,200,3000.0,[],False,0,0,0,0,Kamiel Lorgana,Oficial Accretia Desdobrado,,[]
113416,1,0,19045000,0,1,10002,NPC_Name_113416,NPC_Title_113416,0,0,1,0,False,0,0,2,0,True,False,40,50,200,3000.0,[],False,0,0,0,0,Reto,Garoto Misterioso,,[]
113417,1,0,18990002,0,1,10002,NPC_Name_113417,NPC_Title_113417,0,0,1,0,False,0,0,2,0,True,False,40,50,200,3000.0,[],False,0,0,0,0,Redtail,Mercenário Independente,,[]
113418,1,0,18660010,0,1,10002,NPC_Name_113418,NPC_Title_113418,0,0,1,0,False,0,0,2,0,True,False,40,50,200,3000.0,[],False,0,0,0,0,Paello,Engenheiro de Fluxo,,[]
113419,1,0,17120000,0,1,10002,NPC_Name_113419,NPC_Title_113419,0,0,1,0,False,0,0,2,0,True,False,40,50,200,3000.0,[],False,0,0,0,0,Kamiel Lorgana,Oficial Accretia Desdobrado,,[]
113420,1,0,19045000,0,1,10002,NPC_Name_113420,NPC_Title_113420,0,0,1,0,False,0,0,2,0,True,False,40,50,200,3000.0,[],False,0,0,0,0,Reto,Garoto Misterioso,,[]
113421,1,0,17180001,0,1,10002,NPC_Name_113421,NPC_Title_113421,0,0,1,0,False,0,0,2,0,True,False,40,50,200,3000.0,[],False,0,0,0,0,Denella,Engenheiro de Fluxo,,[]
113441,1,0,17140004,0,1,10002,NPC_Name_113441,NPC_Title_113441,0,0,1,13,False,0,0,2,0,True,False,40,50,200,3000.0,[],False,0,0,0,0,Henry,Oficial de Logística,,[]
113442,1,0,17141001,0,1,10002,NPC_Name_113442,NPC_Title_113442,0,0,1,13,False,0,0,2,0,True,False,40,50,200,3000.0,[],False,0,0,0,0,Chloe,Analista de Dados,,[]
113443,1,0,17630011,0,1,10002,NPC_Name_113443,NPC_Title_113443,0,0,1,13,False,0,0,2,0,True,False,40,50,200,3000.0,[],False,0,0,0,0,Jake,Técnico de Reparação de Terminais,,[]
113444,1,0,17550000,0,1,10002,NPC_Name_113444,NPC_Title_113444,0,0,1,13,False,0,0,2,0,True,False,40,50,200,3000.0,[],False,0,0,0,0,Louie,Operativo de Busca,,[]
113445,1,0,17141010,0,1,10002,NPC_Name_113445,NPC_Title_113445,0,0,1,13,False,0,0,2,0,True,False,40,50,200,3000.0,[],False,0,0,0,0,Ella,Technician Ambiental,,[]
113480,1,0,17470003,0,1,10002,NPC_Name_113480,NPC_Title_113480,0,0,1,0,False,0,0,2,0,True,False,40,50,200,3000.0,[],False,0,0,0,0,Caracol,Gerente,,[]
113481,1,0,17180010,0,1,10002,NPC_Name_113481,NPC_Title_113481,0,0,1,0,False,0,0,2,0,True,False,40,50,200,3000.0,[],False,0,0,0,0,Jay,Informante,,[]
113482,1,0,17600000,0,1,10002,NPC_Name_113482,NPC_Title_113482,0,0,1,0,False,0,0,2,0,True,False,40,50,200,3000.0,[],False,0,0,0,0,Cesare,Geólogo,,[]
113483,1,0,18640010,0,1,10002,NPC_Name_113483,NPC_Title_113483,0,0,1,0,False,0,0,2,0,True,False,40,50,200,3000.0,[],False,0,0,0,0,Tara,Oficial de Investigação do Ministério da Defesa,,[]
113484,1,0,17470003,0,1,10002,NPC_Name_113484,,0,0,1,0,False,0,0,2,0,True,False,40,50,200,3000.0,[],False,0,0,0,0,Caracol,,,[]
113485,1,0,17180010,0,1,10002,NPC_Name_113485,,0,0,1,0,False,0,0,2,0,True,False,40,50,200,3000.0,[],False,0,0,0,0,Jay,,,[]
113486,1,0,17600000,0,1,10002,NPC_Name_113486,,0,0,1,0,False,0,0,2,0,True,False,40,50,200,3000.0,[],False,0,0,0,0,Cesare,,,[]
113487,1,0,18640010,0,1,10002,NPC_Name_113487,,0,0,1,0,False,0,0,2,0,True,False,40,50,200,3000.0,[],False,0,0,0,0,Tara,,,[]
113501,1,0,17120000,0,1,10002,NPC_Name_113501,NPC_Title_113501,0,0,1,0,False,0,0,2,0,True,False,40,50,200,3000.0,[],False,0,0,0,0,Kamiel Lorgana,Oficial Accretia Desdobrado,,[]
113502,1,0,18990002,0,1,10002,NPC_Name_113502,NPC_Title_113502,0,0,1,0,False,0,0,2,0,True,False,40,50,200,3000.0,[],False,0,0,0,0,Redtail,Mercenário Independente,,[]
113503,1,0,19045000,0,1,10002,NPC_Name_113503,NPC_Title_113503,0,0,1,0,False,0,0,2,0,True,False,40,50,200,3000.0,[],False,0,0,0,0,Reto,Garoto Misterioso,,[]
113504,1,0,17120000,0,1,10002,NPC_Name_113504,NPC_Title_113504,0,0,1,0,False,0,0,2,0,True,False,40,50,200,3000.0,[],False,0,0,0,0,Kamiel Lorgana,Oficial Accretia Desdobrado,,[]
113505,1,0,18990002,0,1,10002,NPC_Name_113505,NPC_Title_113505,0,0,1,0,False,0,0,2,0,True,False,40,50,200,3000.0,[],False,0,0,0,0,Redtail,Mercenário Independente,,[]
113506,1,0,19045000,0,1,10002,NPC_Name_113506,NPC_Title_113506,0,0,1,0,False,0,0,2,0,True,False,40,50,200,3000.0,[],False,0,0,0,0,Reto,Garoto Misterioso,,[]
113507,1,0,18990002,0,1,10002,NPC_Name_113507,NPC_Title_113507,0,0,1,0,False,0,0,2,0,True,False,40,50,200,3000.0,[],False,0,0,0,0,Redtail,Mercenário Independente,,[]
113508,1,0,17120000,0,1,10002,NPC_Name_113508,NPC_Title_113508,0,0,1,0,False,0,0,2,0,True,False,40,50,200,3000.0,[],False,0,0,0,0,Kamiel Lorgana,Oficial Accretia Desdobrado,,[]
113509,1,0,19045000,0,1,10002,NPC_Name_113509,NPC_Title_113509,0,0,1,0,False,0,0,2,0,True,False,40,50,200,3000.0,[],False,0,0,0,0,Reto,Garoto Misterioso,,[]
113510,1,0,17180010,0,1,10002,NPC_Name_113510,NPC_Title_113510,0,0,1,0,False,0,0,2,0,True,False,40,50,200,3000.0,[],False,0,0,0,0,Achel,Capataz do Campo de Mineração,,[]
113511,1,0,18660010,0,1,10002,NPC_Name_113511,NPC_Title_113511,0,0,1,0,False,0,0,2,0,True,False,40,50,200,3000.0,[],False,0,0,0,0,Kronis,Líder do Campo de Mineração Nable,,[]
113512,1,0,17470014,0,1,10002,NPC_Name_113512,NPC_Title_113512,0,0,1,13,False,0,0,2,0,True,False,40,50,200,3000.0,[],False,0,0,0,0,Borex,Minerador do Campo de Mineração Nable,,[]
113513,1,0,17480011,0,1,10002,NPC_Name_113513,NPC_Title_113513,0,0,1,13,False,0,0,2,0,True,False,40,50,200,3000.0,[],False,0,0,0,0,Solan,Engenheiro do Campo de Mineração Nable,,[]
113514,1,0,17470014,0,1,10002,NPC_Name_113514,NPC_Title_113514,0,0,1,13,False,0,0,2,0,True,False,40,50,200,3000.0,[],False,0,0,0,0,Aeron,Engenheiro do Campo de Mineração Nable,,[]
113515,1,0,17490010,0,1,10002,NPC_Name_113515,NPC_Title_113515,0,0,1,13,False,0,0,2,0,True,False,40,50,200,3000.0,[],False,0,0,0,0,Barek,Engenheiro do Campo de Mineração Nable,,[]
113516,1,0,17750000,0,1,10002,NPC_Name_113516,NPC_Title_113516,0,0,1,0,False,0,0,2,0,True,False,40,50,200,3000.0,[],False,0,0,0,0,Sitz Paro,Protetor das Estrelas,,[]
113517,1,0,17120000,0,1,10002,NPC_Name_113517,NPC_Title_113517,0,0,1,0,False,0,0,2,0,True,False,40,50,200,3000.0,[],False,0,0,0,0,Kamiel Lorgana,Oficial Accretia Desdobrado,,[]
113518,1,0,17470014,0,1,10002,NPC_Name_113518,NPC_Title_113518,0,0,1,0,False,0,0,2,0,True,False,40,50,200,3000.0,[],False,0,0,0,0,Geertsen,Engenheiro do Campo de Mineração Nable,,[]
113531,1,0,19044000,0,1,10002,NPC_Name_113531,,0,0,1,0,False,0,0,2,0,True,False,40,50,200,3000.0,[],False,0,1,0,0,Trabalhador do Campo de Mineração Nable,,,[]
113532,1,0,17480011,0,1,10002,NPC_Name_113532,,0,0,1,0,False,0,0,2,0,True,False,40,50,200,3000.0,[],False,0,1,0,0,Trabalhador do Campo de Mineração Nable,,,[]
113533,1,0,18880013,0,1,10002,NPC_Name_113533,,0,0,1,0,False,0,0,2,0,True,False,40,50,200,3000.0,[],False,0,1,0,0,Trabalhador do Campo de Mineração Nable,,,[]
113571,1,0,17560000,0,1,10002,NPC_Name_113571,NPC_Title_113571,0,0,1,0,False,0,0,2,0,True,False,40,50,200,3000.0,[],False,0,0,0,0,NA-L331,Android de Manutenção de Instalações,,[]
113581,1,0,17600000,0,1,213582,NPC_Name_113581,NPC_Title_113581,0,0,1,0,False,0,0,2,0,True,False,40,50,200,3000.0,[],False,0,0,0,0,Daeroph,Jornalista Diário Bellato,,[]
113591,1,0,18980010,0,1,10002,NPC_Name_113591,NPC_Title_113591,0,0,1,0,False,0,0,2,0,True,False,40,50,200,3000.0,[],False,0,0,0,0,Mohad,Pesquisador de Máquinas,,[]
113592,1,0,18900010,0,1,10002,NPC_Name_113592,NPC_Title_113592,0,0,1,0,False,0,0,2,0,True,False,40,50,200,3000.0,[],False,0,0,0,0,Trevor,Engenheiro,,[]
113631,1,0,17490010,0,1,10002,NPC_Name_113631,NPC_Title_113631,0,0,1,13,False,0,0,2,0,True,False,40,50,200,3000.0,[],False,0,0,0,0,Padis,Corretor de Informações,,[]
113632,1,0,17520011,0,1,10002,NPC_Name_113632,NPC_Title_113632,0,0,1,13,False,0,0,2,0,True,False,40,50,200,3000.0,[],False,0,0,0,0,Lonia,Civil Inewt Forest,,[]
113633,1,0,17180010,0,1,10002,NPC_Name_113633,NPC_Title_113633,0,0,1,13,False,0,0,2,0,True,False,40,50,200,3000.0,[],False,0,0,0,0,Nubuk,Civil Inewt Forest,,[]
113634,1,0,17480011,0,1,10002,NPC_Name_113634,NPC_Title_113634,0,0,1,13,False,0,0,2,0,True,False,40,50,200,3000.0,[],False,0,0,0,0,Potts,Technician de Armas,,[]
113635,1,0,17470014,0,1,10002,NPC_Name_113635,NPC_Title_113635,0,0,1,13,False,0,0,2,0,True,False,40,50,200,3000.0,[],False,0,0,0,0,Hast,Divisão de Vigilância Accretia,,[]
113636,1,0,17580013,0,1,10002,NPC_Name_113636,NPC_Title_113636,0,0,1,13,False,0,0,2,0,True,False,40,50,200,3000.0,[],False,0,0,0,0,Kanuk,Civil Inewt Forest,,[]
113637,1,0,18660010,0,1,10002,NPC_Name_113637,NPC_Title_113637,0,0,1,13,False,0,0,2,0,True,False,40,50,200,3000.0,[],False,0,0,0,0,Solen,Guarda Pumus,,[]
113801,1,0,17000010,0,1,10002,NPC_Name_113801,NPC_Title_113801,0,0,1,0,True,0,0,2,0,True,False,40,40,180,3000.0,[],False,0,0,0,0,Inez Allen,Operador,,[]
113802,1,0,17750000,0,1,10002,NPC_Name_113802,NPC_Title_113802,0,0,1,0,False,0,0,2,0,True,False,40,40,200,3000.0,[],False,0,0,0,0,Sitz Paro,Protetor das Estrelas,,[]
113803,1,0,17120000,0,1,10002,NPC_Name_113803,NPC_Title_113803,0,0,1,13,False,0,0,2,0,True,False,40,40,200,3000.0,[],False,0,0,0,0,Kamiel Lorgana,Oficial Accretia Desdobrado,,[]
113804,1,0,17200000,218,1,10002,NPC_Name_113804,NPC_Title_113804,0,0,1,13,False,0,0,2,0,True,False,40,100,200,3000.0,[7009901],False,0,0,0,0,Aquil Fassbender,Unidade Especial Bellato,,[]
113805,1,0,17221000,0,1,10002,NPC_Name_113805,NPC_Title_113805,0,0,1,0,False,0,0,2,0,True,False,40,40,180,3000.0,[],False,0,0,0,0,Walter,Capitão da Guarda Polaris,,[]
113806,1,0,18750000,0,1,10002,,,0,0,1,0,True,0,0,2,0,True,False,40,50,200,3000.0,[],False,0,1,0,0,,,,[]
113807,1,0,18750001,0,1,10002,,,0,0,1,0,True,0,0,2,0,True,False,40,50,200,3000.0,[],False,0,1,0,0,,,,[]
113808,1,0,18770000,0,1,10002,,,0,0,1,0,True,0,0,2,0,True,False,40,50,200,3000.0,[],False,0,1,0,0,,,,[]
113809,1,0,18660010,0,1,10002,,,0,0,1,0,True,0,0,2,0,True,False,40,50,200,3000.0,[],False,0,1,0,0,,,,[]
113810,1,0,18880013,0,1,10002,,,0,0,1,0,True,0,0,2,0,True,False,40,50,200,3000.0,[],False,0,1,0,0,,,,[]
113811,1,0,17411116,0,1,10002,,,0,0,1,0,True,0,0,2,0,True,False,40,50,200,3000.0,[],False,0,1,0,0,,,,[]
113812,1,0,17421111,0,1,10002,,,0,0,1,0,True,0,0,2,0,True,False,40,50,200,3000.0,[],False,0,1,0,0,,,,[]
113813,1,0,17490010,0,1,10002,,,0,0,1,0,True,0,0,2,0,True,False,40,50,200,3000.0,[],False,0,1,0,0,,,,[]
113814,1,0,17500010,0,1,10002,,,0,0,1,0,True,0,0,2,0,True,False,40,50,200,3000.0,[],False,0,1,0,0,,,,[]
113815,1,0,17440000,0,1,10002,,,0,0,1,0,True,0,0,2,0,True,False,40,50,200,3000.0,[],False,0,1,0,0,,,,[]
113881,1,0,17750000,0,1,10002,NPC_Name_113881,NPC_Title_113881,0,0,1,0,False,0,0,2,0,True,False,40,50,200,3000.0,[],False,0,0,0,0,Sitz Paro,Protetor das Estrelas,,[]
113882,1,0,17200002,0,1,10002,NPC_Name_113882,NPC_Title_113882,0,0,1,0,False,0,0,2,0,True,False,40,50,200,3000.0,[],False,0,0,0,0,Aquil Fassbender,Unidade Especial Bellato,,[]
113883,1,0,17180000,0,1,10002,NPC_Name_113883,NPC_Title_113883,0,0,1,0,False,0,0,2,0,True,False,40,50,200,3000.0,[],False,0,0,0,0,Callea Everett,Biólogo Bellato,,[]
113884,1,0,17120000,0,1,10002,NPC_Name_113884,NPC_Title_113884,0,0,1,0,False,0,0,2,0,True,False,40,50,200,3000.0,[],False,0,0,0,0,Kamiel Lorgana,Oficial Accretia Desdobrado,,[]
113885,1,0,19045000,0,1,10002,NPC_Name_113885,NPC_Title_113885,0,0,1,0,False,0,0,2,0,True,False,40,50,200,3000.0,[],False,0,0,0,0,Reto,Garoto Misterioso,,[]
113901,1,0,19045000,0,1,10002,NPC_Name_113901,NPC_Title_113901,0,0,1,0,False,0,0,2,0,True,False,40,50,200,3000.0,[],False,0,0,0,0,Reto,Garoto Misterioso,,[]
113902,1,0,18990002,0,1,10002,NPC_Name_113902,NPC_Title_113902,0,0,1,0,False,0,0,2,0,True,False,40,50,200,3000.0,[],False,0,0,0,0,Redtail,Mercenário Independente,,[]
113903,1,0,17180000,0,1,10002,NPC_Name_113903,NPC_Title_113903,0,0,1,0,False,0,0,2,0,True,False,40,50,200,3000.0,[],False,0,0,0,0,Callea Everett,Pesquisador Bellato,,[]
113904,1,0,17120000,0,1,10002,NPC_Name_113904,NPC_Title_113904,0,0,1,0,False,0,0,2,0,True,False,40,50,200,3000.0,[],False,0,0,0,0,Kamiel Lorgana,Oficial Accretia Desdobrado,,[]
113905,1,0,17750000,0,1,10002,NPC_Name_113905,NPC_Title_113905,0,0,1,0,False,0,0,2,0,True,False,40,50,200,3000.0,[],False,0,0,0,0,Sitz Paro,Protetor das Estrelas,,[]
113906,1,0,18660010,0,1,10002,NPC_Name_113906,NPC_Title_113906,0,0,1,0,False,0,0,2,0,True,False,40,50,200,3000.0,[],False,0,0,0,0,Harrington,Guardião do Terminal do Posto Avançado Cinzento,,[]
113907,1,0,19045000,0,1,10002,NPC_Name_113907,NPC_Title_113907,0,0,1,0,False,0,0,2,0,True,False,40,50,200,3000.0,[],False,0,0,0,0,Reto,Garoto Misterioso,,[]
113908,1,0,18820001,0,1,10002,NPC_Name_113908,NPC_Title_113908,0,0,1,0,False,0,0,2,0,True,False,40,50,200,3000.0,[],False,0,0,0,0,Dane Whitaker,Mercenários Supremos,,[]
113921,1,0,17480011,0,1,10002,NPC_Name_113921,,0,0,1,0,False,0,0,2,0,True,False,40,50,200,3000.0,[],False,0,1,0,0,Engenheiro do Posto Avançado Cinzento,,,[]
113922,1,0,17510012,0,1,10002,NPC_Name_113922,,0,0,1,0,False,0,0,2,0,True,False,40,50,200,3000.0,[],False,0,1,0,0,Engenheiro do Posto Avançado Cinzento,,,[]
113923,1,0,17470014,0,1,10002,NPC_Name_113923,,0,0,1,0,False,0,0,2,0,True,False,40,50,200,3000.0,[],False,0,1,0,0,Engenheiro do Posto Avançado Cinzento,,,[]
114001,1,0,17140000,0,1,10002,NPC_Name_114031,NPC_Title_114031,0,0,1,0,False,0,0,2,0,True,False,40,50,200,3000.0,[],False,0,0,0,0,,,,[]
114002,1,0,17140002,0,1,10002,NPC_Name_114032,NPC_Title_114032,0,0,1,0,False,0,0,2,0,True,False,40,50,200,3000.0,[],False,0,0,0,0,,,,[]
114003,1,0,17140001,0,1,10002,NPC_Name_114033,NPC_Title_114033,0,0,1,0,False,0,0,2,0,True,False,40,50,200,3000.0,[],False,0,0,0,0,,,,[]
114004,1,0,17141010,0,1,10002,NPC_Name_114034,NPC_Title_114034,0,0,1,0,False,0,0,2,0,True,False,40,50,200,3000.0,[],False,0,0,0,0,,,,[]
114005,1,0,17141001,0,1,10002,NPC_Name_114035,NPC_Title_114035,0,0,1,0,False,0,0,2,0,True,False,40,50,200,3000.0,[],False,0,0,0,0,,,,[]
114006,1,0,17140004,0,1,10002,NPC_Name_114036,NPC_Title_114036,0,0,1,0,False,0,0,2,0,True,False,40,50,200,3000.0,[],False,0,0,0,0,,,,[]
114007,1,0,17141011,0,1,10002,NPC_Name_114037,NPC_Title_114037,0,0,1,0,False,0,0,2,0,True,False,40,50,200,3000.0,[],False,0,0,0,0,,,,[]
114008,1,0,17140000,0,1,10002,NPC_Name_114038,NPC_Title_114038,0,0,1,0,False,0,0,2,0,True,False,40,50,200,3000.0,[],False,0,0,0,0,,,,[]
120201,1,0,17200000,0,1,10002,NPC_Name_120201,NPC_Title_120201,0,0,1,0,False,0,0,2,0,True,False,40,50,200,5000.0,[],False,0,0,0,0,Aquil Fassbender,Unidade Especial Bellato,,[]
120202,1,0,17320000,0,1,10002,NPC_Name_120202,NPC_Title_120202,0,0,1,0,False,0,0,2,0,True,False,40,50,200,3000.0,[],False,0,0,0,0,Ada,Espião Karon,,[]
120203,1,0,17320002,0,1,10002,NPC_Name_120203,NPC_Title_120203,0,0,1,0,False,0,0,2,0,True,False,40,50,200,3000.0,[],False,0,0,0,0,Ada,Espião Karon,,[]
120204,1,0,17221000,0,1,10002,,,0,0,1,0,False,0,0,2,0,True,False,40,50,200,3000.0,[],False,0,1,0,0,,,,[]
120301,1,0,18690000,284,1,10002,NPC_Name_120301,NPC_Title_120301,0,0,1,0,False,0,0,2,1,True,False,40,50,200,10000.0,"[7012701,7012702]",True,106604,0,0,0,Altair,Líder dos Rastreador de Heresia,,[]
120302,1,0,17240000,1,1,10002,NPC_Name_120302,NPC_Title_120302,0,0,1,0,False,0,0,2,1,True,False,40,50,200,10000.0,"[7012301,7012302,7012304,7012305]",True,106613,0,0,0,Kirill Everrune,Cavaleiros da Luz,,[]
120303,1,0,18620000,1,1,10002,NPC_Name_120303,NPC_Title_120303,0,0,1,0,False,0,0,2,1,True,True,40,50,200,10000.0,[7011501],False,0,1,0,0,Soldado,Rastreadores de Heresia,,[]
120304,1,0,18610000,1,1,10002,NPC_Name_120304,NPC_Title_120303,0,0,1,0,False,0,0,2,1,True,True,40,50,200,10000.0,[7011401],False,0,1,0,0,Soldado,Rastreadores de Heresia,,[]
120305,1,0,18980000,1,1,10002,NPC_Name_120305,NPC_Title_120303,0,0,1,0,False,0,0,2,1,True,True,40,50,200,10000.0,[7014801],False,0,1,0,0,Sacerdote,Rastreadores de Heresia,,[]
120306,1,0,18640000,1,1,10002,NPC_Name_120306,NPC_Title_120303,0,0,1,0,False,0,0,2,1,True,True,40,50,200,10000.0,[7011801],False,0,1,0,0,Sacerdote,Rastreadores de Heresia,,[]
120307,1,0,18620003,0,1,10002,NPC_Name_120307,NPC_Title_120303,0,0,1,0,False,0,0,2,0,False,False,40,50,200,3000.0,[7011501],False,0,1,0,0,Soldado Ferido,Rastreadores de Heresia,,[]
120308,1,0,18610002,0,1,10002,NPC_Name_120308,NPC_Title_120303,0,0,1,0,False,0,0,2,0,False,False,40,50,200,3000.0,[7011401],False,0,1,0,0,Soldado Ferido,Rastreadores de Heresia,,[]
120309,1,0,18980002,0,1,10002,NPC_Name_120309,NPC_Title_120303,0,0,1,0,False,0,0,2,0,False,False,40,50,200,3000.0,[7014801],False,0,1,0,0,Sacerdote Ferido,Rastreadores de Heresia,,[]
120310,1,0,18640003,0,1,10002,NPC_Name_120310,NPC_Title_120303,0,0,1,0,False,0,0,2,0,False,False,40,50,200,3000.0,[7011801],False,0,1,0,0,Sacerdote Ferido,Rastreadores de Heresia,,[]
120311,1,0,18730001,0,1,10002,NPC_Name_120311,NPC_Title_120311,0,0,1,0,False,0,0,2,0,False,False,40,50,200,3000.0,[],False,0,1,0,0,Civil Exilado,Herege Sagrado,,[]
120312,1,0,18900001,0,1,10002,NPC_Name_120312,NPC_Title_120311,0,0,1,0,False,0,0,2,0,False,False,40,50,200,3000.0,[],False,0,1,0,0,Civil Exilado,Herege Sagrado,,[]
120313,1,0,18740001,0,1,10002,NPC_Name_120313,NPC_Title_120311,0,0,1,0,False,0,0,2,0,False,False,40,50,200,5000.0,[],False,0,1,0,0,Civil Exilado,Herege Sagrado,,[]
120314,1,0,18910001,0,1,10002,NPC_Name_120314,NPC_Title_120311,0,0,1,0,False,0,0,2,0,True,True,40,50,200,3000.0,[],False,0,1,0,0,Civil Exilado,Herege Sagrado,,[]
120315,1,0,18960001,0,1,10002,NPC_Name_120315,NPC_Title_120311,0,0,1,0,False,0,0,2,0,False,False,40,50,200,3000.0,[],False,0,1,0,0,Civil Exilado,Herege Sagrado,,[]
120316,1,0,18890001,0,1,10002,NPC_Name_120316,NPC_Title_120311,0,0,1,0,False,0,0,2,0,False,False,40,50,200,3000.0,[],False,0,1,0,0,Civil Exilado,Herege Sagrado,,[]
120317,1,0,18730002,0,1,10002,NPC_Name_120317,NPC_Title_120311,0,0,1,0,False,0,0,2,0,False,False,40,50,200,3000.0,[],False,0,1,0,0,Civiliano Ferido,Herege Sagrado,,[]
120318,1,0,18740002,0,1,10002,NPC_Name_120318,NPC_Title_120311,0,0,1,0,False,0,0,2,0,False,False,40,50,200,3000.0,[],False,0,1,0,0,Civiliano Ferido,Herege Sagrado,,[]
120319,1,0,18890002,0,1,10002,NPC_Name_120319,NPC_Title_120311,0,0,1,0,False,0,0,2,0,False,False,40,50,200,3000.0,[],False,0,1,0,0,Civilian Ferido,Herege Sagrado,,[]
120320,1,0,18620000,0,1,10002,NPC_Name_120320,NPC_Title_120303,0,0,1,0,False,0,0,2,1,True,False,40,50,200,10000.0,[7011501],True,0,0,0,0,Rajuel,Rastreadores de Heresia,,[]
120321,1,0,18730001,0,1,10002,NPC_Name_120321,NPC_Title_120311,0,0,1,0,False,0,0,2,0,False,False,40,50,200,3000.0,[],False,0,1,0,0,Civil Exilado,Herege Sagrado,,[]
120322,1,0,18960001,0,1,10002,NPC_Name_120322,NPC_Title_120311,0,0,1,0,False,0,0,2,0,False,False,40,50,200,3000.0,[],False,0,1,0,0,Civil Exilado,Herege Sagrado,,[]
120323,1,0,18740001,0,1,10002,NPC_Name_120323,NPC_Title_120311,0,0,1,0,False,0,0,2,0,False,False,40,50,200,3000.0,[],False,0,1,0,0,Civil Exilado,Herege Sagrado,,[]
120324,1,0,18700000,285,1,10002,NPC_Name_120324,NPC_Title_120303,0,0,1,0,False,0,0,2,1,True,True,40,50,200,10000.0,[7013001],False,0,1,0,0,Mago,Rastreadores de Heresia,,[]
120501,1,0,17760000,0,1,10002,NPC_Name_120501,NPC_Title_120501,0,0,1,0,False,0,0,2,1,True,True,40,40,180,30000.0,[],True,0,0,0,0,Giz Kadasha,Protetor das Estrelas,,[]
120502,1,0,17760005,0,1,10002,NPC_Name_120502,NPC_Title_120502,0,0,1,0,False,0,0,2,1,True,True,40,40,180,30000.0,[],False,0,0,0,0,Giz Kadasha,Protetor das Estrelas,,[]
120503,1,0,17750000,0,1,10002,NPC_Name_120503,NPC_Title_120503,0,0,1,0,False,0,0,2,1,True,True,40,90,200,30000.0,[],True,0,0,0,0,Sitz Paro,Protetor das Estrelas,,[]
120504,1,0,17750000,0,1,10002,NPC_Name_120504,NPC_Title_120504,0,0,1,0,False,0,0,2,1,True,True,40,90,200,30000.0,[],False,0,0,0,0,Sitz Paro,Protetor das Estrelas,,[]
120505,1,0,17240000,1,1,10002,NPC_Name_120505,NPC_Title_120505,0,0,1,0,False,0,0,2,1,True,True,40,80,200,30000.0,"[7012301,7012302,7012304,7012305]",True,0,0,0,0,Kirill Everrune,Cavaleiros da Luz,,[]
120506,1,0,17240000,1,1,10002,NPC_Name_120506,NPC_Title_120506,0,0,1,0,False,0,0,2,1,True,True,40,80,200,30000.0,"[7012301,7012302,7012304,7012305]",False,0,0,0,0,Kirill Everrune,Cavaleiros da Luz,,[]
120507,1,0,17250000,1,1,10002,NPC_Name_120507,NPC_Title_120507,0,0,1,0,False,0,0,2,1,True,True,40,100,200,30000.0,"[7011901,7011902]",True,0,0,0,0,Transeo Vickers,Cavaleiros da Luz,,[]
120508,1,0,17250000,1,1,10002,NPC_Name_120508,NPC_Title_120508,0,0,1,0,False,0,0,2,1,True,True,40,100,200,30000.0,"[7011901,7011902]",False,0,0,0,0,Transeo Vickers,Cavaleiros da Luz,,[]
120509,1,0,17760004,433,2,10002,NPC_Name_120509,NPC_Title_120509,0,0,1,0,False,0,0,2,1,False,False,30,60,180,30000.0,[],True,0,0,0,0,Giz Kadasha,Protetor das Estrelas,,[]
120510,1,0,17750002,432,2,10002,NPC_Name_120510,NPC_Title_120510,0,0,1,0,False,0,0,2,1,False,False,40,90,200,30000.0,[],True,0,0,0,0,Sitz Paro,Protetor das Estrelas,,[]
120521,1,0,18610000,1,1,0,NPC_Name_120521,NPC_Title_120521,0,0,1,0,True,0,0,2,0,True,True,40,100,200,30000.0,[7011401],True,0,1,0,0,Shocktrooper,Cavaleiros Cora,,[]
120522,1,0,18620000,1,1,0,NPC_Name_120522,NPC_Title_120522,0,0,1,0,True,0,0,2,0,True,True,40,100,200,30000.0,[7011501],True,0,1,0,0,Sentinela,Cavaleiros Cora,,[]
120523,1,0,18690000,1,1,0,NPC_Name_120523,NPC_Title_120523,0,0,1,0,True,0,0,2,0,True,True,40,100,200,30000.0,"[7012701,7012702]",True,0,1,0,0,Arquivista,Cavaleiros Cora,,[]
120531,1,0,18610000,1,1,0,NPC_Name_120531,NPC_Title_120531,0,0,1,0,True,0,0,2,0,True,True,40,100,200,30000.0,[7011401],True,0,1,0,0,Shocktrooper,Cavaleiros Cora,,[]
120532,1,0,18620000,1,1,0,NPC_Name_120532,NPC_Title_120532,0,0,1,0,True,0,0,2,0,True,True,40,100,200,30000.0,[7011501],True,0,1,0,0,Sentinela,Cavaleiros Cora,,[]
120533,1,0,18690000,1,1,0,NPC_Name_120533,NPC_Title_120533,0,0,1,0,True,0,0,2,0,True,True,40,100,200,30000.0,"[7012701,7012702]",True,0,1,0,0,Arquivista,Cavaleiros Cora,,[]
120591,1,0,30080000,0,1,10002,,,0,0,1,0,False,0,0,2,0,False,False,40,50,200,3000.0,[],False,0,0,0,0,,,,[]
120701,1,0,30700003,1,120701,10002,NPC_Name_120701,NPC_Title_120701,0,0,1,13,False,0,2,2,0,True,True,230,280,400,10000.0,[],True,120702,0,0,0,Plasma de Aquiles com Mau Funcionamento,Obra-Prima de Senikoff,,[]
120702,1,0,30700002,1,120702,10002,NPC_Name_120702,NPC_Title_120702,0,0,1,0,False,0,0,2,1,True,True,230,230,400,10000.0,[3612001],True,120701,0,0,0,Aquiles - Plasma,Obra-prima de Senikoff,,[]
120703,1,0,17141010,1,1,10002,NPC_Name_120703,NPC_Title_120703,0,0,1,13,True,0,0,2,0,True,True,40,40,200,10000.0,[],True,107593,0,0,0,Senikoff,Pesquisador Accretia,,[]
120901,1,0,17780009,1,1,10002,NPC_Name_120901,NPC_Title_120901,0,0,1,0,False,0,0,2,0,True,False,40,50,200,10000.0,"[91010001,91010002,91010003]",False,0,0,0,0,Scalar Ion,Fantasma Vermelho,,[]
120902,1,0,17780003,0,1,10002,NPC_Name_120902,NPC_Title_120902,0,0,1,0,False,0,0,2,0,True,False,40,50,200,10000.0,"[91010001,91010002,91010003]",False,0,0,0,0,Scalar Ion,Fantasma Vermelho,,[]
120903,1,0,18570011,0,1,10002,NPC_Name_120903,NPC_Title_120903,0,0,1,0,False,0,0,2,0,True,False,40,40,180,3000.0,[],True,0,0,0,0,Vector Grey,Comandante de Batalha,,[]
121001,1,0,17780003,1,1,10002,NPC_Name_121001,NPC_Title_121001,0,0,1,0,False,0,0,2,1,True,True,40,50,200,50000.0,"[91010001,91010002,91010003]",True,105121,0,0,0,Scalar Ion,Fantasma Vermelho,,[]
121002,1,0,30120010,0,1,121002,NPC_Name_121002,,0,0,1,0,True,0,0,2,0,True,False,40,50,200,3000.0,[],False,0,0,0,0,Último Euclid,,,[]
121003,1,0,17430002,0,317,0,NPC_Name_121003,NPC_Title_121003,0,0,1,0,False,0,0,2,0,True,False,40,100,310,3000.0,[],False,0,0,0,0,Euclid Nova,Presidente do Overmind,,[]
121010,1,0,30080000,0,1,10002,,,0,0,1,0,False,0,0,2,0,False,False,40,50,200,3000.0,[],False,0,0,0,0,,,,[]
121101,1,0,17340000,0,1,10002,NPC_Name_121101,NPC_Title_121101,0,0,1,0,False,0,0,2,0,True,False,40,50,200,3000.0,[],True,0,0,0,0,Arca,IA de Gestão do Planeta Arcano,,[]
121201,1,0,17340000,0,1,10002,NPC_Name_121201,NPC_Title_121201,0,0,1,0,False,0,0,2,0,True,False,40,50,200,3000.0,[],True,0,0,0,0,Arca,IA de Gestão de Planeta Arcano,,[]
121301,1,0,17340000,0,1,10002,NPC_Name_121301,NPC_Title_121301,0,0,1,0,False,0,0,2,0,True,False,40,50,200,3000.0,[],False,0,0,0,0,Arca,IA de Gestão de Planeta Arcano,,[]
121401,1,0,17340000,0,1,10002,NPC_Name_121401,NPC_Title_121401,0,0,1,0,False,0,0,2,0,True,False,40,50,200,3000.0,[],False,0,0,0,0,Arca,IA de Gestão do Planeta Arcano,,[]
121402,1,0,17760000,0,1,10002,NPC_Name_121402,NPC_Title_121402,0,0,1,0,False,0,0,2,0,True,False,30,60,180,3000.0,[],False,0,0,0,0,Giz Kadasha,Protetor das Estrelas,,[]
121403,1,0,17750000,0,1,10002,NPC_Name_121403,NPC_Title_121403,0,0,1,0,False,0,0,2,0,True,False,40,90,200,3000.0,[],False,0,0,0,0,Sitz Paro,Protetor das Estrelas,,[]
121501,1,0,17340000,0,1,10002,NPC_Name_121501,NPC_Title_121501,0,0,1,0,False,0,0,2,0,True,False,40,50,200,3000.0,[],False,0,0,0,0,Arca,Inteligência Artificial de Gestão de Planeta Arcano,,[]
121502,1,0,17760001,0,1,10002,NPC_Name_121502,NPC_Title_121502,0,0,1,0,False,0,0,2,0,True,False,30,60,180,3000.0,[],False,0,0,0,0,Giz Kadasha,Protetor das Estrelas,,[]
121503,1,0,17750000,0,1,10002,NPC_Name_121503,NPC_Title_121503,0,0,1,0,False,0,0,2,0,True,False,40,90,200,3000.0,[],False,0,0,0,0,Sitz Paro,Protetor das Estrelas,,[]
121701,1,0,17340000,0,1,10002,NPC_Name_121701,NPC_Title_121701,0,0,1,0,False,0,0,2,0,True,False,40,50,200,3000.0,[],False,0,0,0,0,Arca,IA de Gestão do Planeta Arcano,,[]
121702,1,0,17760001,0,1,10002,NPC_Name_121702,NPC_Title_121702,0,0,1,0,False,0,0,2,0,True,False,30,60,180,3000.0,[],False,0,0,0,0,Giz Kadasha,Protetor das Estrelas,,[]
121703,1,0,17750000,0,1,10002,NPC_Name_121703,NPC_Title_121703,0,0,1,0,False,0,0,2,0,True,False,40,90,200,3000.0,[],False,0,0,0,0,Sitz Paro,Protetor das Estrelas,,[]
121801,1,0,17780000,0,1,10002,NPC_Name_121801,NPC_Title_121801,0,0,1,0,False,0,0,2,0,True,False,40,40,200,3000.0,"[91010001,91010002,91010003]",False,0,0,0,0,Scalar Ion,Fantasma Vermelho,,[]
121802,1,0,30120001,0,1,10002,NPC_Name_121802,NPC_Title_121802,0,0,1,0,False,0,0,2,0,True,False,40,40,200,3000.0,[],False,0,0,0,0,Android Quebrado,Sinal-Fraco,,[]
121803,1,0,17340000,0,1,10002,NPC_Name_121803,NPC_Title_121803,0,0,1,0,False,0,0,2,0,True,False,40,40,200,3000.0,[],False,0,0,0,0,Arca,IA de Gestão do Planeta Arcano,,[]
121804,1,0,17750000,0,1,10002,NPC_Name_121804,NPC_Title_121804,0,0,1,0,False,0,0,2,0,True,False,40,40,200,3000.0,[],False,0,0,0,0,Sitz Paro,Protetor das Estrelas,,[]
121805,1,0,17760001,0,1,10002,NPC_Name_121805,NPC_Title_121805,0,0,1,0,False,0,0,2,0,True,False,40,40,200,3000.0,[],False,0,0,0,0,Giz Kadasha,Protetor das Estrelas,,[]
121806,1,0,30120000,0,1,10002,,,0,0,1,0,False,0,0,2,0,False,False,30,50,200,3000.0,[],False,0,1,0,0,,,,[]
121807,1,0,30120002,0,1,10002,,,0,0,1,0,False,0,0,2,0,False,False,30,50,200,3000.0,[],False,0,1,0,0,,,,[]
121808,1,0,30120003,0,1,10002,,,0,0,1,0,False,0,0,2,0,False,False,30,50,200,3000.0,[],False,0,1,0,0,,,,[]
121809,1,0,30080000,0,1,10002,NPC_Name_121802,NPC_Title_121802,0,0,1,0,False,0,0,2,0,True,False,0,40,200,3000.0,[],False,0,1,0,0,Android Quebrado,Sinal-Fraco,,[]
121901,15,0,14060007,1,121901,10002,NPC_Name_121901,NPC_Title_121901,0,0,1,0,False,0,0,2,1,True,True,130,230,230,5000.0,"[3507001,3507002,3507003,3507004,3507005]",True,0,0,0,0,Sheera Lumen,Guia Jovem,,[]
121902,15,0,14020001,1,121902,10002,NPC_Name_121902,NPC_Title_121902,0,0,1,0,False,0,0,2,1,True,True,110,190,190,5000.0,[3503001],True,0,0,0,0,Redtail,Criminoso Procurado,,[]
121903,15,0,18990002,1,1,10002,NPC_Name_121903,NPC_Title_121903,0,0,1,13,True,0,0,2,1,True,False,40,50,200,5000.0,"[7006101,7006102,7006103]",True,121904,0,0,0,Redtail,Criminoso Procurado,,[]
121904,15,0,18990000,0,1,10002,NPC_Name_121904,NPC_Title_121904,0,0,1,13,False,0,0,2,0,True,False,40,50,200,5000.0,[],True,121905,0,0,0,Redtail,Criminoso Procurado,,[]
121905,15,0,18990002,1,1,10002,NPC_Name_121905,NPC_Title_121905,0,0,1,13,False,0,0,2,1,True,False,40,50,200,5000.0,"[7006101,7006102,7006103]",True,0,0,0,0,Redtail,Criminoso Procurado,,[]
122001,1,0,17010000,100019,1,10002,NPC_Name_122001,NPC_Title_122001,0,0,1,0,True,0,0,2,0,True,False,40,50,200,3000.0,"[7002201,7002202,7002203]",True,0,0,0,0,Bigbass,Mercenário Veterano,,[]
122002,1,0,17010000,100019,1,10002,NPC_Name_122002,NPC_Title_122002,0,0,1,0,True,0,0,2,0,True,False,40,50,200,3000.0,"[7002201,7002202,7002203]",True,0,0,0,0,Bigbass,Mercenário Veterano,,[]
122003,1,0,17130000,0,1,10002,NPC_Name_122003,NPC_Title_122003,0,0,1,0,True,0,0,2,0,True,False,40,50,200,3000.0,[],True,0,0,0,0,Miranda Rojas,Diretor do Laboratório Kairax,,[]
122004,1,0,17130000,0,1,10002,NPC_Name_122004,NPC_Title_122004,0,0,1,0,True,0,0,2,0,True,False,40,50,200,3000.0,[],False,0,0,0,0,Miranda Rojas,Diretor do Laboratório Kairax,,[]
122005,1,0,17290000,0,1,10002,NPC_Name_122005,NPC_Title_122005,0,0,1,0,True,0,0,2,0,True,False,40,50,200,3000.0,[],False,0,0,0,0,MacPherson Gaucho,Comandante Imperial,,[]
122006,1,0,17421000,0,1,10002,NPC_Name_122006,NPC_Title_122006,0,0,1,0,False,0,0,2,0,True,False,40,50,200,3000.0,[],False,0,0,0,0,Teros,Capitão da Guarda Akvaran,,[]
122011,1,0,17460010,1,1,10002,,,0,0,1,0,True,0,0,2,0,True,False,40,50,200,3000.0,[7003101],False,0,1,0,0,,,,[]
122012,1,0,17450010,1,1,10002,,,0,0,1,0,True,0,0,2,0,True,False,40,50,200,3000.0,[7003101],False,0,1,0,0,,,,[]
122031,1,0,30080000,1,1,10002,,,0,0,1,0,False,0,0,2,0,False,False,40,100,200,3000.0,[],False,0,0,0,0,,,,[]
122032,1,0,30080000,1,1,10002,,,0,0,1,0,False,0,0,2,0,False,False,40,100,200,3000.0,[],False,0,0,0,0,,,,[]
122033,1,0,30080000,1,1,10002,,,0,0,1,0,False,0,0,2,0,False,False,40,100,200,3000.0,[],False,0,0,0,0,,,,[]
122051,1,0,17470000,0,1,0,,,0,0,1,0,False,0,0,2,0,False,False,40,50,200,3000.0,[],False,0,1,0,0,,,,[]
122052,1,0,17480000,0,1,0,,,0,0,1,0,False,0,0,2,0,False,False,40,50,200,3000.0,[],False,0,1,0,0,,,,[]
122053,1,0,17370000,0,1,0,,,0,0,1,0,False,0,0,2,0,False,False,40,50,200,3000.0,[],False,0,1,0,0,,,,[]
122054,1,0,17400000,0,1,0,,,0,0,1,0,False,0,0,2,0,False,False,40,50,200,3000.0,[],False,0,1,0,0,,,,[]
122055,1,0,10480000,0,1,0,,,0,0,1,0,False,0,0,2,0,False,False,40,50,200,3000.0,[],False,0,1,0,0,,,,[]
122056,1,0,17560000,0,1,0,,,0,0,1,0,False,0,0,2,0,False,False,40,50,200,3000.0,[],False,0,1,0,0,,,,[]
122057,1,0,17411111,0,1,0,,,0,0,1,0,False,0,0,2,0,False,False,40,50,200,3000.0,[],False,0,1,0,0,,,,[]
122058,1,0,17411113,0,1,0,,,0,0,1,0,False,0,0,2,0,False,False,40,50,200,3000.0,[],False,0,1,0,0,,,,[]
122059,1,0,17460010,0,1,0,,,0,0,1,0,False,0,0,2,0,False,False,40,50,200,3000.0,[],False,0,1,0,0,,,,[]
122191,1,0,18980000,0,1,10002,NPC_Name_122191,NPC_Title_122192,0,0,1,13,False,0,0,2,0,True,False,40,100,180,3000.0,"[7012601,7012602]",False,0,0,0,0,Bachmann,Espião Thermit,,[]
122192,1,0,18980000,0,1,10002,NPC_Name_122192,NPC_Title_122192,0,0,1,13,False,0,0,2,0,True,False,40,100,180,3000.0,"[7012601,7012602]",False,0,0,0,0,Bachmann,Espião Thermit,,[]
122193,1,0,18720000,0,1,10002,NPC_Name_122193,NPC_Title_122193,0,0,1,13,False,0,0,2,0,True,False,40,40,180,3000.0,[],False,0,0,0,0,Isaac,Estudioso Desaparecido,,[]
122194,3,0,14110000,1,1,0,,,0,0,2,0,False,0,0,2,1,False,False,0,0,0,3600.0,[3701011],False,0,0,0,0,,,,[]
122195,1,0,18980000,0,1,10002,NPC_Name_122195,NPC_Title_122192,0,0,1,13,False,0,0,2,0,True,False,40,100,180,3000.0,"[7012601,7012602]",False,0,0,0,0,Bachmann,Espião Thermit,,[]
122196,1,0,30080000,0,1,10002,NPC_Name_105902,NPC_Title_105902,0,0,1,13,True,0,0,2,0,True,False,40,50,200,3000.0,[],False,0,0,0,0,Inez Allen,Mercenários Supremos,,[]
122201,15,0,18990000,0,1,10002,NPC_Name_122201,NPC_Title_122201,0,0,1,13,False,0,0,2,0,True,False,40,50,200,3000.0,[],False,108809,0,0,0,Redtail,Criminoso Procurado,,[]
122601,1,0,17630000,0,1,0,NPC_Name_122601,,0,0,1,0,False,0,0,2,0,True,False,40,40,180,3000.0,[],False,0,1,0,0,Irmandade do Amanhecer,,,[]
122602,1,0,17640000,0,1,0,NPC_Name_122601,,0,0,1,0,False,0,0,2,0,True,False,40,40,180,3000.0,[],False,0,1,0,0,Irmandade do Amanhecer,,,[]
122603,1,0,17620000,0,1,0,NPC_Name_122601,,0,0,1,0,False,0,0,2,0,True,False,40,40,180,3000.0,[],False,0,1,0,0,Irmandade do Amanhecer,,,[]
122604,1,0,17660000,0,1,0,NPC_Name_122601,,0,0,1,0,False,0,0,2,0,True,False,40,40,180,3000.0,[],False,0,1,0,0,Irmandade do Amanhecer,,,[]
122605,1,0,17170000,0,1,0,NPC_Name_122605,NPC_Title_122605,0,0,1,0,False,0,0,2,0,True,False,40,40,180,3000.0,[],False,0,0,0,0,Zizelon Earhart,Corretor Accretia,,[]
122606,1,0,17170000,0,1,0,NPC_Name_122606,NPC_Title_122606,0,0,1,0,False,0,0,2,0,True,False,40,40,180,3000.0,[],False,105605,0,0,0,Zizelon Earhart,Corretor Accretia,,[]
122691,1,0,30080000,1,1,10002,,,0,0,1,0,False,0,0,2,0,False,False,40,100,200,3000.0,[],False,0,0,0,0,,,,[]
122701,1,0,17760001,0,1,10002,NPC_Name_122701,NPC_Title_122701,0,0,1,13,False,0,0,2,0,True,False,40,40,180,3000.0,[],False,0,0,0,0,Giz Kadasha,Protetor das Estrelas,,[]
122702,1,0,17340000,0,1,10002,NPC_Name_122702,NPC_Title_122702,0,0,1,0,False,0,0,2,0,True,False,40,50,200,3000.0,[],False,0,0,0,0,Arca,IA de Gestão do Planeta Arcano,,[]
122801,1,0,17780001,1,1,10002,NPC_Name_123501,NPC_Title_123501,0,0,1,0,False,0,0,2,0,True,False,40,50,200,3000.0,[],False,0,0,0,0,Scalar Ion,Fantasma Vermelho,,[]
122901,15,0,18660000,0,1,10002,NPC_Name_122901,NPC_Title_122901,0,0,1,13,False,0,0,2,0,True,False,40,50,200,3000.0,[],False,0,0,0,0,Jacky,Engenheiro Chefe,,[]
122902,15,0,18670000,0,1,10002,NPC_Name_122902,NPC_Title_122902,0,0,1,13,False,0,0,2,0,True,False,40,50,200,3000.0,[],False,0,0,0,0,Gran,Engenheiro em Treinamento,,[]
122903,15,0,17630011,0,1,10002,NPC_Name_122903,NPC_Title_122903,0,0,1,13,False,0,0,2,0,True,False,40,40,200,3000.0,[],False,0,0,0,0,Russell,Engenheiro em Treinamento,,[]
122904,15,0,18990000,0,1,10002,NPC_Name_122904,NPC_Title_122904,0,0,1,13,False,0,0,2,0,True,False,40,40,200,3000.0,[],False,0,0,0,0,Redtail,Criminoso Procurado,,[]
122905,15,0,17320000,0,1,10002,NPC_Name_122905,NPC_Title_122905,0,0,1,13,False,0,0,2,0,True,False,40,40,200,3000.0,[],False,0,0,0,0,Ada,Apotecário,,[]
122906,15,0,18990000,0,1,10002,NPC_Name_122906,NPC_Title_122906,0,0,1,13,False,0,0,2,0,True,False,40,40,200,3000.0,[],False,0,0,0,0,Redtail,Criminoso Procurado,,[]
122907,15,0,17320000,0,1,10002,NPC_Name_122907,NPC_Title_122907,0,0,1,13,False,0,0,2,0,True,False,40,40,200,3000.0,[],False,0,0,0,0,Ada,Apotecário,,[]
123001,15,0,17620000,0,1,10002,NPC_Name_123001,NPC_Title_123001,0,0,1,13,False,0,0,2,0,True,False,40,40,200,3000.0,[],False,0,0,0,0,George,Engenheiro em Treinamento,,[]
123002,15,0,18990000,0,1,10002,NPC_Name_123002,NPC_Title_123002,0,0,1,13,False,0,0,2,0,True,False,40,40,200,3000.0,[],False,0,0,0,0,Redtail,Criminoso Procurado,,[]
123003,15,0,17320000,0,1,10002,NPC_Name_123003,NPC_Title_123003,0,0,1,13,False,0,0,2,0,True,False,40,40,200,3000.0,[],False,0,0,0,0,Ada,Boticário,,[]
123101,15,0,18990000,0,1,10002,NPC_Name_123101,NPC_Title_123101,0,0,1,13,False,0,0,2,1,True,False,40,40,200,3000.0,"[7006101,7006102,7006103]",False,0,0,0,0,Redtail,Criminoso Procurado,,[]
123102,15,0,17320000,0,1,10002,NPC_Name_123102,NPC_Title_123102,0,0,1,13,False,0,0,2,0,True,False,40,40,200,3000.0,[],False,0,0,0,0,Ada,Apotecário,,[]
123103,15,0,17580010,0,1,10002,NPC_Name_123103,NPC_Title_123103,0,0,1,13,False,0,0,2,0,True,False,40,50,200,3000.0,[],False,0,0,0,0,Howard,Magnata Local,,[]
123104,15,0,18750000,1,1,10002,NPC_Name_123104,NPC_Title_123104,0,0,1,0,False,0,0,2,1,True,True,40,50,200,5000.0,"[7013201,7013202]",True,0,0,0,0,Sieg,Exército Regular Bellato,,[]
123105,15,0,18770000,1,1,10002,NPC_Name_123105,NPC_Title_123105,0,0,1,0,False,0,0,2,1,True,True,40,50,200,5000.0,"[7013401,7013402]",True,0,0,0,0,Juta,Exército Regular de Bellato,,[]
123106,15,0,18990000,0,1,10002,NPC_Name_123101,NPC_Title_123101,0,0,1,13,False,0,0,2,0,True,False,40,40,200,3000.0,[],False,0,0,0,0,Redtail,Criminoso Procurado,,[]
123201,15,0,18990000,0,123201,10002,NPC_Name_123201,NPC_Title_123201,0,0,1,13,False,0,2,2,0,True,False,40,40,200,30000.0,"[7006101,7006102,7006103]",True,123204,0,0,0,Redtail,Criminoso Procurado,,[]
123202,15,0,18990000,0,1,10002,NPC_Name_123201,NPC_Title_123201,0,0,1,13,False,0,0,2,0,True,False,40,40,200,3000.0,[],True,0,0,0,0,Redtail,Criminoso Procurado,,[]
123203,15,0,18990000,0,1,10002,NPC_Name_123201,NPC_Title_123201,0,0,1,13,True,0,0,2,0,True,False,40,40,200,3000.0,[],True,106215,0,0,0,Redtail,Criminoso Procurado,,[]
123301,15,0,18990000,0,1,10002,NPC_Name_123301,NPC_Title_123301,0,0,1,13,False,0,0,2,1,True,False,40,40,200,3000.0,"[7006101,7006102,7006103]",True,0,0,0,0,Redtail,Criminoso Procurado,,[]
123302,15,0,17320000,0,1,10002,NPC_Name_123302,NPC_Title_123302,0,0,1,13,False,0,0,2,0,True,False,40,40,200,3000.0,[],False,0,0,0,0,Ada,Apotecário,,[]
123303,15,0,17580010,0,1,10002,NPC_Name_123303,NPC_Title_123303,0,0,1,13,False,0,0,2,0,True,False,40,50,200,3000.0,[],True,106201,0,0,0,Howard,Magnata Local,,[]
123304,15,0,18750003,0,1,10002,NPC_Name_123304,NPC_Title_123304,0,0,1,0,False,0,0,2,0,True,False,40,50,200,3000.0,[],True,106204,0,0,0,Sieg,Exército Regular Bellato,,[]
123305,15,0,18770003,0,1,10002,NPC_Name_123305,NPC_Title_123305,0,0,1,0,False,0,0,2,0,True,False,40,50,200,30000.0,[],False,0,0,0,0,Juta,Exército Regular de Bellato,,[]
123306,15,0,18990002,1,1,10002,NPC_Name_123306,NPC_Title_123306,0,0,1,13,False,0,0,2,1,True,False,40,50,200,5000.0,"[7006101,7006102,7006103]",True,0,0,0,0,Redtail,Criminoso Procurado,,[]
123307,15,0,18990000,0,1,10002,NPC_Name_123307,NPC_Title_123307,0,0,1,13,False,0,0,2,1,True,False,40,40,200,3000.0,"[7006101,7006102,7006103]",True,0,0,0,0,Redtail,Criminoso Procurado,,[]
123308,15,0,18990000,0,1,10002,NPC_Name_123308,NPC_Title_123308,0,0,1,13,False,0,0,2,0,True,False,40,40,200,3000.0,"[7006101,7006102,7006103]",True,0,0,0,0,Redtail,Criminoso Procurado,,[]
123311,15,0,18750003,1,1,10002,NPC_Name_123311,NPC_Title_123311,0,0,1,0,True,0,0,2,1,True,True,40,60,200,30000.0,"[7013201,7013202]",True,0,0,0,0,Batedor,Exército Regular Bellato,,[]
123312,15,0,18770003,1,1,10002,NPC_Name_123312,NPC_Title_123312,0,0,1,0,True,0,0,2,1,True,True,40,60,200,30000.0,"[7013401,7013402]",True,0,0,0,0,Cavalaria Ligeira,Exército Regular Bellato,,[]
123313,15,0,18760003,1,1,10002,NPC_Name_123313,NPC_Title_123313,0,0,1,0,True,0,0,2,1,True,True,40,60,200,30000.0,[7013301],True,0,0,0,0,Cavalaria Pesada,Exército Regular de Bellato,,[]
123321,15,0,18750003,1,1,10002,NPC_Name_123321,NPC_Title_123321,0,0,1,0,True,0,0,2,1,True,True,40,60,200,30000.0,"[7013201,7013202]",True,0,0,0,0,Explorador,Exército Regular Bellato,,[]
123322,15,0,18770003,1,1,10002,NPC_Name_123322,NPC_Title_123322,0,0,1,0,True,0,0,2,1,True,True,40,60,200,30000.0,"[7013401,7013402]",True,0,0,0,0,Cavalaria Leve,Exército Regular Bellato,,[]
123323,15,0,18760003,1,1,10002,NPC_Name_123323,NPC_Title_123323,0,0,1,0,True,0,0,2,1,True,True,40,60,200,30000.0,[7013301],True,0,0,0,0,Cavalaria Pesada,Exército Regular Bellato,,[]
123324,15,0,18750003,1,1,10002,NPC_Name_123321,NPC_Title_123321,0,0,1,0,True,0,0,2,1,True,True,40,60,200,30000.0,"[7013201,7013202]",True,0,0,0,0,Explorador,Exército Regular Bellato,,[]
123325,15,0,18760003,1,1,10002,NPC_Name_123323,NPC_Title_123323,0,0,1,0,True,0,0,2,1,True,True,40,60,200,30000.0,[7013301],True,0,0,0,0,Cavalaria Pesada,Exército Regular Bellato,,[]
123391,15,0,30080000,0,1,10002,,,0,0,1,0,False,0,0,2,0,False,False,40,50,200,3000.0,[],False,0,0,0,0,,,,[]
123392,15,0,30080000,0,1,10002,,,0,0,1,0,False,0,0,2,0,False,False,40,50,200,3000.0,[],False,0,0,0,0,,,,[]
123393,15,0,30080000,0,1,10002,,,0,0,1,0,False,0,0,2,0,False,False,40,50,200,3000.0,[],False,0,0,0,0,,,,[]
123394,15,0,30080000,0,1,10002,,,0,0,1,0,False,0,0,2,0,False,False,40,50,200,3000.0,[],False,0,0,0,0,,,,[]
123401,1,0,18870000,0,1,10002,NPC_Name_123401,NPC_Title_123401,0,0,1,0,True,0,0,2,0,True,False,40,40,180,3000.0,[],False,0,0,0,0,Codinome 9,Oficial de Investigação Freewall,,[]
123402,1,0,18960000,0,1,10002,,,0,0,1,0,True,0,0,2,0,True,False,40,40,180,3000.0,[],False,0,0,0,0,,,,[]
123403,57,0,14060001,9022,1,0,NPC_Name_123403,NPC_Title_123403,0,0,1,0,True,0,0,2,0,True,True,130,230,540,10000.0,"[3507001,3507002,3507003,3507004,3507005]",False,0,0,0,0,Stinger MAU,Reforços Proxa,,[]
123404,57,0,14070001,9023,1,0,NPC_Name_123404,NPC_Title_123404,0,0,1,0,True,0,0,2,0,True,True,130,230,540,10000.0,"[3508001,3508002,3508003,3508004]",False,0,0,0,0,MAU Ares,Reforços Proxa,,[]
123501,1,0,17780000,1,1,10002,NPC_Name_123501,NPC_Title_123501,0,0,1,0,False,0,0,2,1,True,True,40,50,200,15000.0,"[91010001,91010002,91010003]",True,0,0,0,0,Scalar Ion,Fantasma Vermelho,,[]
123502,1,0,17780005,0,1,10002,NPC_Name_123502,NPC_Title_123502,0,0,1,0,False,0,0,2,0,True,False,40,50,200,15000.0,"[91010001,91010002,91010003]",True,0,0,0,0,Scalar Ion,Fantasma Vermelho,,[]
123503,1,0,18570002,1,1,10002,NPC_Name_123503,NPC_Title_123503,0,0,1,0,False,0,0,2,1,True,True,40,80,200,15000.0,"[81050001,81050002,81050003,81050004]",True,0,0,0,0,Vector Grey,Comandante de Batalha,,[]
123504,1,0,17780000,1,1,10002,NPC_Name_123501,NPC_Title_123501,0,0,1,0,False,0,0,2,1,True,True,40,50,200,15000.0,"[91010001,91010002,91010003]",True,0,0,0,0,Scalar Ion,Fantasma Vermelho,,[]
123505,1,0,30080004,999999,1,2535,NPC_Name_123505,,0,0,1,0,True,0,0,2,0,True,True,30,50,230,3000.0,[],False,0,1,0,0,Transparente (Para Alvo de Habilidade),,,[]
123801,7,0,18770001,1,1,10002,NPC_Name_108301,NPC_Title_108301,0,0,1,0,False,0,0,2,1,True,True,40,50,200,30000.0,"[7013401,7013402]",False,108315,0,0,0,Tolio,Oficial Investigador Bellato,,[]
123802,2,0,18760000,1,1,10002,NPC_Name_108316,,0,0,1,0,False,0,0,2,1,True,True,40,60,200,30000.0,[7013301],False,108316,1,0,0,Soldado Bellato,,,[]
123803,2,0,18750000,1,1,10002,NPC_Name_108317,,0,0,1,0,False,0,0,2,1,True,True,40,40,180,30000.0,"[7013201,7013202]",False,108317,1,0,0,Soldado Bellato,,,[]
123804,2,0,18750000,1,1,10002,NPC_Name_108317,,0,0,1,0,False,0,0,2,1,True,True,40,40,180,30000.0,"[7013201,7013202]",False,0,1,0,0,Soldado Bellato,,,[]
123805,7,0,18770000,1,1,10002,NPC_Name_108301,NPC_Title_108301,0,0,1,0,False,0,0,2,0,True,False,40,50,200,30000.0,"[7013401,7013402]",False,0,0,0,0,Tolio,Oficial Investigador Bellato,,[]
123901,1,0,18870000,0,1,10002,NPC_Name_123901,NPC_Title_123901,0,0,1,0,True,0,0,2,0,True,False,40,40,180,3000.0,[],False,0,0,0,0,Codinome 9,Oficial de Investigação Freewall,,[]
123902,1,0,18960000,0,1,10002,NPC_Name_123902,NPC_Title_123902,0,0,1,0,False,0,0,2,0,True,False,40,40,180,3000.0,[],False,0,0,0,0,Lehman,Agente de Inteligência Cora,,[]
123903,1,0,30080000,0,1,10002,NPC_Name_123903,NPC_Title_123903,0,0,1,0,True,0,0,2,0,True,False,40,50,200,3000.0,[],False,0,1,0,0,Inez Allen,Operador,,[]
123904,1,0,30445000,0,1,10002,,,0,0,1,0,True,0,0,2,0,False,False,60,150,200,3000.0,[],False,0,1,0,0,,,,[]
123905,1,0,10690000,0,1,10002,NPC_Name_123905,NPC_Title_123905,0,0,1,0,False,0,0,2,0,True,False,40,40,180,3000.0,[7002501],False,0,0,0,0,Kargan,Líder Axiv,,[]
124001,1,0,17010000,100019,1,10002,NPC_Name_124001,NPC_Title_124001,0,0,1,0,True,0,0,2,0,True,False,40,50,200,3000.0,"[7002201,7002202,7002203]",False,0,0,0,0,Bigbass,Mercenário Veterano,,[]
124002,1,0,17010000,100019,1,10002,NPC_Name_124002,NPC_Title_124002,0,0,1,0,True,0,0,2,0,True,False,40,50,200,3000.0,"[7002201,7002202,7002203]",False,0,0,0,0,Bigbass,Mercenário Veterano,,[]
124011,1,0,30080000,1,1,10002,,,0,0,1,0,False,0,0,2,0,False,False,40,100,200,3000.0,[],False,0,0,0,0,,,,[]
124012,1,0,30080000,1,1,10002,,,0,0,1,0,False,0,0,2,0,False,False,40,100,200,3000.0,[],False,0,0,0,0,,,,[]
124013,1,0,30080000,1,1,10002,,,0,0,1,0,False,0,0,2,0,False,False,40,100,200,3000.0,[],False,0,0,0,0,,,,[]
124014,1,0,30080000,1,1,10002,,,0,0,1,0,False,0,0,2,0,False,False,40,100,200,3000.0,[],False,0,0,0,0,,,,[]
124501,1,0,17200000,1,1,10002,NPC_Name_124501,NPC_Title_124501,0,0,1,13,False,0,0,2,0,True,False,40,100,200,3000.0,[7009901],False,106109,0,0,0,Aquil Fassbender,Unidade Especial Bellato,,[]
124502,1,0,18750000,1,1,10002,NPC_Name_124502,NPC_Title_124502,0,0,1,0,False,0,0,2,0,True,False,40,50,200,3000.0,[],False,106110,0,0,0,Blake,Unidade Especial Bellato,,[]
124503,1,0,18810002,1,1,10002,NPC_Name_124503,,0,0,1,13,False,0,0,2,0,True,False,40,100,200,3000.0,[],False,0,1,0,0,Mars Gudelj,,,[]
124504,1,0,10660001,1,1,10002,NPC_Name_124504,,0,0,1,13,False,0,0,2,0,True,False,40,100,200,3000.0,"[7006801,7006802,7006803]",False,0,1,0,0,Talpa Infectado,,,[]
124505,1,0,17200000,1,1,10002,NPC_Name_124501,NPC_Title_124501,0,0,1,13,False,0,0,2,0,True,False,40,100,200,3000.0,[7009901],False,0,0,0,0,Aquil Fassbender,Unidade Especial Bellato,,[]
124506,1,0,18750000,1,1,10002,NPC_Name_124502,NPC_Title_124502,0,0,1,0,False,0,0,2,0,True,False,40,50,200,3000.0,[],False,0,0,0,0,Blake,Unidade Especial Bellato,,[]
124507,1,0,10640001,1,1,10002,NPC_Name_124507,,0,0,1,13,False,0,0,2,0,True,False,40,100,200,3000.0,"[7006801,7006802,7006803]",False,0,1,0,0,Infectado,,,[]
124601,1,0,17230000,0,1,10002,NPC_Name_124601,NPC_Title_124601,0,0,1,0,False,0,0,2,0,True,False,40,40,180,3000.0,[],False,0,0,0,0,Octavia Mistral,Falso Alto Sacerdote,,[]
124602,1,0,17230002,0,1,10002,NPC_Name_124602,NPC_Title_124602,0,0,1,0,False,0,0,2,0,True,False,40,40,180,3000.0,[],False,0,0,0,0,Octavia Mistral,Falso Alto Sacerdote,,[]
124603,1,0,17240000,1,1,10002,NPC_Name_124603,NPC_Title_124603,0,0,1,0,False,0,0,2,0,True,False,40,80,200,30000.0,"[7012301,7012302,7012304,7012305]",False,0,0,0,0,Kirill Everrune,Cavaleiros da Luz,,[]
124604,1,0,17250000,1,1,10002,NPC_Name_124604,NPC_Title_124604,0,0,1,0,False,0,0,2,1,True,True,40,100,200,1000.0,"[7011901,7011902]",False,0,0,0,0,Transeo Vickers,Cavaleiros da Luz,,[]
124605,1,0,17250000,1,1,10002,NPC_Name_124605,NPC_Title_124605,0,0,1,0,False,0,0,2,1,True,True,40,100,200,30000.0,"[7011901,7011902]",False,0,0,0,0,Transeo Vickers,Cavaleiros da Luz,,[]
124691,1,0,30080000,0,1,10002,,,0,0,1,0,False,0,0,2,0,False,False,40,50,200,3000.0,[],False,0,0,0,0,,,,[]
124692,1,0,30080000,0,1,10002,,,0,0,1,0,False,0,0,2,0,False,False,40,50,200,3000.0,[],False,0,0,0,0,,,,[]
124693,1,0,30080000,0,1,10002,,,0,0,1,0,False,0,0,2,0,False,False,40,50,200,3000.0,[],False,0,0,0,0,,,,[]
124801,1,0,17760000,0,1,10002,NPC_Name_124801,NPC_Title_124801,0,0,1,0,False,0,0,2,0,True,False,30,60,180,3000.0,[],False,0,0,0,0,Giz Kadasha,Protetor das Estrelas,,[]
124802,1,0,17760001,0,1,10002,NPC_Name_124802,NPC_Title_124802,0,0,1,0,False,0,0,2,0,True,False,30,60,180,3000.0,[],False,0,0,0,0,Giz Kadasha,Protetor das Estrelas,,[]
124803,1,0,17750000,0,1,10002,NPC_Name_124803,NPC_Title_124803,0,0,1,0,False,0,0,2,0,True,False,40,40,200,3000.0,[],False,0,0,0,0,Sitz Paro,Protetor das Estrelas,,[]
124804,1,0,17750000,0,1,10002,NPC_Name_124804,NPC_Title_124804,0,0,1,0,False,0,0,2,0,True,False,40,40,200,3000.0,[],False,0,0,0,0,Sitz Paro,Protetor das Estrelas,,[]
124805,1,0,17760003,0,1,10002,,,0,0,1,0,True,0,0,2,0,True,False,30,60,180,3000.0,[],False,0,1,0,0,,,,[]
124901,1,0,18990002,1,1,10002,NPC_Name_124901,NPC_Title_124901,0,0,1,13,False,0,0,2,0,True,False,40,50,200,5000.0,"[7006101,7006102,7006103]",False,0,0,0,0,Redtail,Criminoso Procurado,,[]
127101,1,0,17411111,0,1,10002,NPC_Name_127101,NPC_Title_127101,0,0,1,0,True,0,0,2,0,True,False,40,50,200,3000.0,[],False,0,0,0,0,Marius,Agente de Inteligência,,[]
127102,1,0,17411114,0,1,10002,NPC_Name_127102,NPC_Title_127102,0,0,1,0,True,0,0,2,0,True,False,40,50,200,3000.0,[],True,0,0,0,0,Marius,Agente de Inteligência,,[]
127103,1,0,17740011,1,1,10002,NPC_Name_127103,NPC_Title_127103,0,0,1,0,True,0,0,2,0,True,False,40,50,80,30000.0,"[7014901,7014902]",True,0,0,0,0,Comandante Nível 2 L.O.,Imperial Accretia,,[]
127104,1,0,17411113,0,1,10002,NPC_Name_127104,NPC_Title_127104,0,0,1,0,True,0,0,2,0,True,False,40,50,200,3000.0,[],False,0,0,0,0,Berney,Oficial de Ligação,,[]
127105,1,0,18780001,1,127108,10002,NPC_Name_127105,NPC_Title_127105,0,0,1,0,True,0,0,2,1,True,True,40,60,200,30000.0,"[7013501,7013502]",False,0,1,0,0,Guarda Recon,Accretia Imperial,,[]
127106,1,0,18790001,1,127108,10002,NPC_Name_127106,NPC_Title_127106,0,0,1,0,True,0,0,2,1,True,True,40,60,200,30000.0,"[7013601,7013602]",False,0,1,0,0,Guarda Striker,Imperial Accretia,,[]
127107,1,0,18800001,1,127108,10002,NPC_Name_127107,NPC_Title_127107,0,0,1,0,True,0,0,2,1,True,True,40,60,200,30000.0,"[7013701,7013702]",False,0,1,0,0,Guarda Vanguarda,Imperial Accretia,,[]
127108,1,0,30080001,139,1,10002,NPC_Name_127108,,0,0,1,0,True,0,0,2,1,False,False,0,60,200,30000.0,[10000026],False,0,1,0,0,,,,[]
127109,1,0,18860002,18860000,1,10002,NPC_Name_127109,,0,0,1,0,True,0,0,2,1,True,True,30,80,200,50000.0,"[81050001,81050002,81050003,81050004]",False,0,1,0,0,,,,[]
127110,1,0,18850002,18850000,1,10002,NPC_Name_127110,,0,0,1,0,True,0,0,2,1,True,True,30,80,200,50000.0,[91020001],False,0,1,0,0,,,,[]
127111,1,0,18860002,18860000,1,10002,NPC_Name_127109,,0,0,1,0,True,0,0,2,1,True,True,30,80,200,50000.0,"[81050001,81050002,81050003,81050004]",False,0,1,0,0,,,,[]
127112,1,0,18860002,18860000,1,10002,NPC_Name_127109,,0,0,1,0,True,0,0,2,1,True,True,30,80,200,50000.0,"[81050001,81050002,81050003,81050004]",False,0,1,0,0,,,,[]
127113,1,0,18850002,18850000,1,10002,NPC_Name_127110,,0,0,1,0,True,0,0,2,1,True,True,30,80,200,50000.0,[91020001],False,0,1,0,0,,,,[]
127114,1,0,18780000,1,1,10002,NPC_Name_127105,NPC_Title_127105,0,0,1,0,True,0,0,2,1,True,True,40,60,200,30000.0,"[7013501,7013502]",False,0,1,0,0,Guarda Recon,Accretia Imperial,,[]
127115,1,0,18790000,1,1,10002,NPC_Name_127106,NPC_Title_127106,0,0,1,0,True,0,0,2,1,True,True,40,60,200,30000.0,"[7013601,7013602]",False,0,1,0,0,Guarda Striker,Imperial Accretia,,[]
127116,1,0,30080000,0,1,10002,NPC_Name_127116,,0,0,1,0,True,0,0,2,0,False,False,40,50,200,3000.0,[],False,0,1,0,0,,,,[]
127117,1,0,18860002,18860000,1,10002,NPC_Name_127109,,0,0,1,0,True,0,0,2,1,True,True,30,80,200,50000.0,"[81050001,81050002,81050003,81050004]",False,0,1,0,0,,,,[]
127118,1,0,18850002,18850000,1,10002,NPC_Name_127110,,0,0,1,0,True,0,0,2,1,True,True,30,80,200,50000.0,[91020001],False,0,1,0,0,,,,[]
127119,1,0,30080001,139,1,10002,NPC_Name_127108,,0,0,1,0,True,0,0,2,1,False,False,0,60,200,30000.0,[10000027],False,0,1,0,0,,,,[]
127201,1,0,18880014,0,1,10002,NPC_Name_127201,NPC_Title_127201,0,0,1,0,False,0,0,2,0,True,False,40,40,180,3000.0,[],False,0,0,0,0,Matilda,Investigador,,[]
127202,1,0,18670014,0,127202,127202,NPC_Name_127202,NPC_Title_127202,0,0,1,13,False,0,2,2,0,True,True,40,50,200,3000.0,[],False,0,0,0,0,Brennan,Líder da Equipe de Segurança,,[]
127301,1,0,18910010,0,1,10002,NPC_Name_127301,NPC_Title_127301,0,0,1,0,False,0,0,2,0,True,False,30,40,200,3000.0,[],False,0,0,0,0,Irina,Sumo Sacerdote,,[]
127302,1,0,18910012,0,1,10002,NPC_Name_127302,NPC_Title_127302,0,0,1,0,False,0,0,2,0,True,False,30,40,200,3000.0,[],False,0,0,0,0,Irina,Sumo Sacerdote,,[]
127303,1,0,18960010,0,1,10002,NPC_Name_127303,NPC_Title_127303,0,0,1,0,False,0,0,2,0,True,False,30,40,200,3000.0,[],False,0,0,0,0,Patrick,Diretor Adjunto de Inteligência,,[]
127304,1,0,18610010,0,1,10002,NPC_Name_127304,NPC_Title_127304,0,0,1,0,False,0,0,2,0,True,False,30,40,200,3000.0,[],False,0,0,0,0,,Agente de Inteligência,,[]
127305,1,0,30080002,0,1,10002,NPC_Name_127305,,0,0,1,0,False,0,0,2,0,True,False,0,40,200,3000.0,[],False,0,1,0,0,Barreira de Força,,,[]
127306,1,0,18720000,0,1,10002,NPC_Name_127306,NPC_Title_127306,0,0,1,0,False,0,0,2,0,True,False,30,40,200,3000.0,[],False,0,0,0,0,Randall,Sacerdote,,[]
127307,1,0,18610002,0,1,2547,NPC_Name_127307,NPC_Title_127307,0,0,1,0,True,0,0,2,0,True,False,30,40,200,3000.0,[],False,0,0,0,0,Kelly,Agente de Inteligência,,[]
127308,1,0,18960010,0,1,10002,NPC_Name_127308,NPC_Title_127308,0,0,1,0,False,0,0,2,0,True,False,30,40,200,3000.0,[],False,0,0,0,0,Patrick,Diretor Adjunto de Inteligência,,[]
127309,1,0,18610019,0,127309,10002,NPC_Name_127309,NPC_Title_127309,0,0,1,0,False,0,0,2,1,True,False,30,40,200,3000.0,[7011401],False,0,0,0,0,Kelly,Agente de Inteligência,,[]
127310,1,0,18610006,0,1,10002,NPC_Name_127310,NPC_Title_127310,0,0,1,0,False,0,0,2,0,True,False,40,40,200,3000.0,[],False,0,0,0,0,,Agente de Inteligência,,[]
127311,1,0,18910013,0,1,10002,NPC_Name_127311,NPC_Title_127311,0,0,1,0,False,0,0,2,0,True,False,20,40,200,3000.0,[],False,0,0,0,0,Irina,Sumo Sacerdote,,[]
127321,1,0,18650000,0,127321,10002,NPC_Name_127321,,0,0,1,0,False,0,0,2,1,True,False,0,40,200,3000.0,"[7011701,7011702]",False,0,1,0,0,Cavaleiro de Proteção,,,[]
127322,1,0,18640000,0,1,10002,NPC_Name_127322,,0,0,1,0,False,0,0,2,0,False,False,0,40,200,3000.0,[],False,0,1,0,0,Sacerdote Asceta,,,[]
127323,1,0,18630000,0,127323,10002,NPC_Name_127323,,0,0,1,0,False,0,0,2,1,True,False,0,40,200,3000.0,[7011601],False,0,1,0,0,Sacerdote de Batalha,,,[]
127324,1,0,18620000,0,127324,10002,NPC_Name_127324,,0,0,1,0,False,0,0,2,1,True,False,0,40,200,3000.0,[7011501],False,0,1,0,0,Recon,,,[]
127380,1,0,18640000,0,1,10002,NPC_Name_127380,,0,0,1,0,False,0,0,2,0,False,False,0,40,200,3000.0,[],False,0,1,0,0,Sacerdote,,,[]
127381,1,0,18980000,0,1,10002,NPC_Name_127381,,0,0,1,0,False,0,0,2,0,False,False,0,40,200,3000.0,[],False,0,1,0,0,Sacerdote,,,[]
127382,1,0,19046000,0,1,10002,NPC_Name_127382,,0,0,1,0,False,0,0,2,0,False,False,0,40,200,3000.0,[],False,0,1,0,0,Sacerdote,,,[]
127383,1,0,18630000,0,1,10002,NPC_Name_127383,,0,0,1,0,False,0,0,2,0,False,False,0,40,200,3000.0,[],False,0,1,0,0,Sacerdote,,,[]
127398,1,0,30080000,100019,1,10002,,,0,0,1,0,False,0,0,2,0,False,False,40,50,200,3000.0,[],False,0,0,0,0,,,,[]
127399,1,0,30080000,100019,1,10002,,,0,0,1,0,False,0,0,2,0,False,False,40,50,200,3000.0,[],False,0,0,0,0,,,,[]
127401,1,0,17750000,0,1,10002,NPC_Name_127401,NPC_Title_127401,0,0,1,0,False,0,0,2,0,True,False,40,50,200,3000.0,[],False,0,0,0,0,Sitz Paro,Protetor das Estrelas,,[]
127402,1,0,17200000,0,1,10002,NPC_Name_127402,NPC_Title_127402,0,0,1,0,False,0,0,2,0,True,False,40,50,200,3000.0,[],False,0,0,0,0,Aquil Fassbender,Unidade Especial Bellato,,[]
127403,1,0,17220000,0,1,10002,NPC_Name_127403,NPC_Title_127403,0,0,1,0,False,0,0,2,0,True,False,40,50,200,3000.0,[],False,0,0,0,0,Membro da Equipe,Unidade Especial Bellato,,[]
127404,1,0,17221000,0,1,10002,NPC_Name_127404,NPC_Title_127404,0,0,1,0,False,0,0,2,0,True,False,40,50,200,3000.0,[],False,0,0,0,0,Membro da Equipe,Unidade Especial Bellato,,[]
127405,1,0,17220010,0,1,10002,NPC_Name_127405,NPC_Title_127405,0,0,1,0,False,0,0,2,0,True,False,40,50,200,3000.0,[],False,0,0,0,0,Membro da Equipe,Unidade Especial Bellato,,[]
127490,1,0,30080000,0,1,10002,,,0,0,1,0,False,0,0,2,0,False,False,40,50,200,3000.0,[],False,0,0,0,0,,,,[]
127501,1,0,17000010,1,127501,10002,NPC_Name_127501,NPC_Title_127501,0,0,1,13,False,0,2,2,0,True,False,40,40,180,3000.0,[],False,0,2,0,0,Inez Allen,Operador,,[]
127502,1,0,17750000,0,1,10002,NPC_Name_127502,NPC_Title_127502,0,0,1,0,False,0,0,2,0,True,False,40,40,200,3000.0,[],False,0,0,0,0,Sitz Paro,Protetor das Estrelas,,[]
127503,1,0,17120000,0,1,10002,NPC_Name_127503,NPC_Title_127503,0,0,1,0,False,0,0,2,0,True,False,40,50,200,30000.0,"[7003401,7003402,7003403,7003404,7003405]",False,0,0,0,0,Kamiel Lorgana,Oficial Accretia Desdobrado,,[]
127504,1,0,17200000,0,1,10002,NPC_Name_127504,NPC_Title_127504,0,0,1,0,False,0,0,2,0,True,False,40,50,200,3000.0,[],False,0,0,0,0,Aquil Fassbender,Unidade Especial Bellato,,[]
127505,1,0,18750000,0,1,10002,NPC_Name_127505,NPC_Title_127505,0,0,1,0,True,0,0,2,0,True,False,40,50,200,3000.0,[],False,0,0,0,0,Brien,Guarda Polaris,,[]
127506,1,0,17221000,0,1,10002,,,0,0,1,0,True,0,0,2,0,True,False,40,50,200,3000.0,[],False,0,1,0,0,,,,[]
127507,1,0,17220010,0,1,10002,,,0,0,1,0,True,0,0,2,0,True,False,40,50,200,3000.0,[],False,0,1,0,0,,,,[]
127601,1,0,17750000,0,1,10002,NPC_Name_127601,NPC_Title_127601,0,0,1,0,False,0,0,2,0,True,False,40,40,200,3000.0,[],False,0,0,0,0,Sitz Paro,Protetor das Estrelas,,[]
127602,1,0,17030000,0,1,10002,NPC_Name_127602,NPC_Title_127602,0,0,1,12,False,0,0,2,0,True,False,40,50,200,3000.0,[],False,0,0,0,0,Frankie,Mercado Negro Mogul,,[]
127603,1,0,17080000,0,1,10002,NPC_Name_127603,NPC_Title_127603,0,0,1,0,False,0,0,2,0,True,False,40,90,200,3000.0,[8000000],False,0,0,0,0,Glenn,Comerciante Assustado do Mercado Negro,,[]
127701,1,0,17120000,0,1,10002,NPC_Name_127701,NPC_Title_127701,0,0,1,0,False,0,0,2,1,True,False,40,50,200,30000.0,"[7003401,7003402,7003403,7003404,7003405]",False,0,0,0,0,Kamiel Lorgana,Oficial Accretia Implantado,,[]
127702,1,0,18990002,0,1,10002,NPC_Name_127702,NPC_Title_127702,0,0,1,0,False,0,0,2,1,True,False,40,50,200,30000.0,"[7006101,7006102,7006103]",False,0,0,0,0,Redtail,Mercenário Independente,,[]
127703,1,0,19045000,0,1,10002,NPC_Name_127703,NPC_Title_127703,0,0,1,0,False,0,0,2,0,True,False,40,50,200,30000.0,[],False,0,0,0,0,Reto,Garoto Misterioso,,[]
127704,1,0,17750000,0,1,10002,NPC_Name_127704,NPC_Title_127704,0,0,1,0,False,0,0,2,0,True,False,40,50,200,30000.0,[],False,0,0,0,0,Sitz Paro,Protetor das Estrelas,,[]
127705,1,0,14060009,9022,1,10002,NPC_Name_127705,NPC_Title_127705,0,0,1,0,False,0,0,2,1,True,True,180,180,540,30000.0,"[3507001,3507002,3507003,3507004,3507005]",False,0,0,0,0,Stinger,MAU do Sitz Paro,,[]
127706,1,0,30700004,1,120702,10002,NPC_Name_127706,NPC_Title_127706,0,0,1,0,False,0,0,2,1,True,True,230,230,400,10000.0,[3612001],False,0,0,0,0,Chiron Canhão de Plasma,Lançador do Kamiel,,[]
127707,1,0,17120000,0,1,10002,NPC_Name_127707,NPC_Title_127707,0,0,1,0,False,0,0,2,1,True,False,40,50,200,30000.0,"[7003401,7003402,7003403,7003404,7003405]",True,0,0,0,0,Kamiel Lorgana,Oficial Accretia Desdobrado,,[]
127708,1,0,18990002,0,1,10002,NPC_Name_127708,NPC_Title_127708,0,0,1,0,False,0,0,2,1,True,False,40,50,200,30000.0,"[7006101,7006102,7006103]",True,0,0,0,0,Redtail,Mercenário Independente,,[]
127709,1,0,19045000,0,1,10002,NPC_Name_127709,NPC_Title_127709,0,0,1,0,False,0,0,2,0,True,False,40,50,200,30000.0,[],True,0,0,0,0,Reto,Garoto Misterioso,,[]
127710,1,0,17750000,0,1,10002,NPC_Name_127710,NPC_Title_127710,0,0,1,0,False,0,0,2,0,True,False,40,50,200,30000.0,[],True,0,0,0,0,Sitz Paro,Protetor das Estrelas,,[]
127791,1,0,30080000,1,1,10002,,,0,0,1,0,False,0,0,2,0,False,False,40,100,200,3000.0,[],False,0,0,0,0,,,,[]
127792,1,0,30080000,1,1,10002,,,0,0,1,0,False,0,0,2,0,False,False,40,100,200,3000.0,[],False,0,0,0,0,,,,[]
127793,1,0,30080000,1,1,10002,,,0,0,1,0,False,0,0,2,0,False,False,40,100,200,3000.0,[],False,0,0,0,0,,,,[]
127794,1,0,30080000,1,1,10002,,,0,0,1,0,False,0,0,2,0,False,False,40,100,200,3000.0,[],False,0,0,0,0,,,,[]
127801,1,0,17340000,0,1,10002,NPC_Name_127801,NPC_Title_127801,0,0,1,0,False,0,0,2,0,True,False,40,50,200,3000.0,[],False,0,0,0,0,Arca,IA de Gestão do Planeta Arcano,,[]
127802,1,0,17750000,0,1,10002,NPC_Name_127802,NPC_Title_127802,0,0,1,0,False,0,0,2,0,True,False,40,50,200,3000.0,[],False,0,0,0,0,Sitz Paro,Protetor das Estrelas,,[]
127803,1,0,17400000,0,1,10002,NPC_Name_127803,NPC_Title_127803,0,0,1,0,False,0,0,2,0,True,False,40,50,200,3000.0,[],False,0,0,0,0,,,,[]
127901,1,0,18990002,0,1,10002,NPC_Name_127901,NPC_Title_127901,0,0,1,0,False,0,0,2,0,True,False,40,50,200,30000.0,[],False,0,0,0,0,Redtail,Mercenário Independente,,[]
127902,1,0,17120000,0,1,10002,NPC_Name_127902,NPC_Title_127902,0,0,1,0,False,0,0,2,0,True,False,40,50,200,30000.0,[],False,0,0,0,0,Kamiel Lorgana,Oficial Accretia Implantado,,[]
127903,1,0,17750000,0,1,10002,NPC_Name_127903,NPC_Title_127903,0,0,1,0,False,0,0,2,0,True,False,40,50,200,3000.0,[],False,0,0,0,0,Sitz Paro,Protetor das Estrelas,,[]
127904,1,0,19045000,0,1,10002,NPC_Name_127904,NPC_Title_127904,0,0,1,0,False,0,0,2,0,True,False,40,50,200,30000.0,[],False,0,0,0,0,Reto,Garoto Misterioso,,[]
127905,1,0,17000010,0,1,10002,NPC_Name_127905,NPC_Title_127905,0,0,1,0,False,0,0,2,0,True,False,40,40,180,3000.0,[],False,0,0,0,0,Inez Allen,Operador,,[]
127906,1,0,17180000,0,1,10002,NPC_Name_127906,NPC_Title_127906,0,0,1,0,False,0,0,2,0,True,False,40,50,200,3000.0,[],False,0,0,0,0,Callea Everett,Pesquisador Bellato,,[]
127907,1,0,17200000,0,1,10002,NPC_Name_127907,NPC_Title_127907,0,0,1,0,False,0,0,2,0,True,False,40,50,200,3000.0,[],False,0,0,0,0,Aquil Fassbender,Unidade Especial Bellato,,[]
176001,1,0,31420000,0,1,0,NPC_Name_176001,,0,0,1,22,False,0,0,2,0,False,False,40,50,200,0.0,[],False,0,1,0,0,,,,[]
176002,1,0,31420001,0,1,0,NPC_Name_176002,,0,0,1,22,False,0,0,2,0,False,False,40,50,200,0.0,[],False,0,1,0,0,,,,[]
176003,1,0,31440001,0,1,0,NPC_Name_176003,,0,0,1,22,False,0,0,2,0,False,False,60,150,200,3000.0,[],False,0,1,0,0,,,,[]
176004,1,0,31440002,0,1,0,NPC_Name_176003,,0,0,1,22,False,0,0,2,0,False,False,60,150,200,3000.0,[],False,0,1,0,0,,,,[]
176005,1,0,30080000,0,1,0,NPC_Name_176005,,0,0,1,22,True,0,0,2,0,False,False,40,50,200,0.0,[],False,0,1,0,0,,,,[]
176006,1,0,30080000,0,1,0,NPC_Name_176005,,0,0,1,22,True,0,0,2,0,False,False,40,50,200,0.0,[],False,0,1,0,0,,,,[]
176007,1,0,30080000,0,1,0,NPC_Name_176005,,0,0,1,22,True,0,0,2,0,False,False,40,50,200,0.0,[],False,0,1,0,0,,,,[]
176202,1,0,18770000,0,1,0,NPC_Name_176202,,0,0,1,0,False,0,0,2,0,False,False,30,50,200,3000.0,[],False,0,1,0,0,,,,[]
176301,1,0,18610000,0,1,0,NPC_Name_176301,,0,0,1,0,False,0,0,2,0,False,False,40,50,200,3000.0,[],False,0,1,0,0,,,,[]
176302,1,0,18620000,0,1,0,NPC_Name_176302,,0,0,1,0,False,0,0,2,0,False,False,40,50,200,3000.0,[],False,0,1,0,0,,,,[]
177001,1,0,30080000,1,1,0,NPC_Name_177001,,0,0,1,22,True,0,0,2,0,False,False,40,100,200,3000.0,[],False,0,1,0,0,,,,[]
177002,1,0,31200000,0,1,45,NPC_Name_177002,,0,0,1,29,False,0,0,2,0,True,False,40,50,200,3000.0,[],False,0,0,0,0,,,,[]
177003,1,0,17900000,0,1,21,NPC_Name_177003,,11,0,1,2,False,1,0,2,0,True,False,40,50,200,3000.0,[],False,0,0,0,0,,,,[]
177004,1,0,17900002,0,1,17,NPC_Name_177004,,15,0,1,10,False,0,0,2,0,True,False,40,50,200,3000.0,[],False,0,0,0,0,,,,[]
177005,1,0,31460000,1,1,0,NPC_Name_177001,,0,0,1,0,True,0,0,2,0,False,False,40,100,200,3000.0,[],False,0,1,0,0,,,,[]
177006,1,0,31470000,1,1,0,NPC_Name_177001,,0,0,1,0,True,0,0,2,0,False,False,40,100,200,3000.0,[],False,0,1,0,0,,,,[]
177007,1,0,30080000,1,1,0,NPC_Name_177001,,0,0,1,22,True,0,0,2,0,False,False,40,100,200,3000.0,[],False,0,1,0,0,,,,[]
177008,1,0,30080000,1,1,0,NPC_Name_177001,,0,0,1,22,True,0,0,2,0,False,False,40,100,200,3000.0,[],False,0,1,0,0,,,,[]
177009,1,0,30080000,1,1,0,NPC_Name_177001,,0,0,1,22,True,0,0,2,0,False,False,40,100,200,3000.0,[],False,0,1,0,0,,,,[]
177010,1,0,30080000,1,1,0,NPC_Name_177001,,0,0,1,22,True,0,0,2,0,False,False,40,100,200,3000.0,[],False,0,1,0,0,,,,[]
177011,1,0,31550000,1,1,0,NPC_Name_177001,,0,0,1,236,True,0,0,2,0,False,False,40,100,200,3000.0,[],False,0,1,0,0,,,,[]
177012,1,0,31560000,1,1,0,NPC_Name_177001,,0,0,1,236,True,0,0,2,0,False,False,40,100,200,3000.0,[],False,0,1,0,0,,,,[]
177013,1,0,30444001,1,1,0,NPC_Name_177001,,0,0,1,0,True,0,0,2,0,False,False,40,100,200,3000.0,[],False,0,1,0,0,,,,[]
177014,1,0,30080001,177014,1,0,,,0,0,1,125,True,0,0,2,0,False,False,0,50,200,3000.0,[],False,0,1,0,0,,,,[]
178001,1,0,30080000,1,1,10002,NPC_Name_178001,,0,0,1,0,False,0,0,2,0,False,False,40,100,200,3000.0,[],False,0,1,0,0,,,,[]
178002,1,0,30080000,1,1,10002,NPC_Name_178001,,0,0,1,0,False,0,0,2,0,False,False,40,100,200,3000.0,[],False,0,1,0,0,,,,[]
183101,1,0,30443000,1,1,10002,NPC_Name_183101,,0,0,1,22,False,0,0,2,0,False,False,60,150,200,3000.0,[],True,0,1,0,0,,,,[]
183102,1,0,30443000,1,1,10002,NPC_Name_183102,,0,0,1,22,False,0,0,2,0,False,False,60,150,200,3000.0,[],True,0,1,0,0,,,,[]
183103,1,0,30443000,1,1,10002,NPC_Name_183103,,0,0,1,22,False,0,0,2,0,False,False,60,150,200,3000.0,[],True,0,1,0,0,,,,[]
183104,1,0,30443000,1,1,10002,NPC_Name_183104,,0,0,1,22,False,0,0,2,0,False,False,60,150,200,3000.0,[],True,0,1,0,0,,,,[]
183105,1,0,30443000,1,1,10002,NPC_Name_183105,,0,0,1,22,False,0,0,2,0,False,False,60,150,200,3000.0,[],True,0,1,0,0,,,,[]
183106,1,0,30443000,1,1,10002,NPC_Name_183106,,0,0,1,22,False,0,0,2,0,False,False,60,150,200,3000.0,[],True,0,1,0,0,,,,[]
183107,1,0,30443000,1,1,10002,NPC_Name_183107,,0,0,1,22,False,0,0,2,0,False,False,60,150,200,3000.0,[],True,0,1,0,0,,,,[]
183108,1,0,30443000,1,1,10002,NPC_Name_183108,,0,0,1,22,False,0,0,2,0,False,False,60,150,200,3000.0,[],True,0,1,0,0,,,,[]
183109,1,0,30443000,1,1,10002,NPC_Name_183109,,0,0,1,22,False,0,0,2,0,False,False,60,150,200,3000.0,[],True,0,1,0,0,,,,[]
183110,1,0,30443000,1,1,10002,NPC_Name_183110,,0,0,1,22,False,0,0,2,0,False,False,60,150,200,3000.0,[],True,0,1,0,0,,,,[]
183111,1,0,30443000,1,1,10002,NPC_Name_183111,,0,0,1,22,False,0,0,2,0,False,False,60,150,200,3000.0,[],True,0,1,0,0,,,,[]
183112,1,0,30443000,1,1,10002,NPC_Name_183112,,0,0,1,22,False,0,0,2,0,False,False,60,150,200,3000.0,[],True,0,1,0,0,,,,[]
183191,1,0,30080000,1,1,10002,NPC_Name_183191,,0,0,1,22,False,0,0,2,0,False,False,0,90,90,3000.0,[],False,0,1,0,0,,,,[]
183192,1,0,30080000,1,1,10002,NPC_Name_183192,,0,0,1,22,False,0,0,2,0,False,False,0,90,90,3000.0,[],False,0,1,0,0,,,,[]
183197,1,0,30080000,1,1,10002,NPC_Name_183197,,0,0,1,0,False,0,0,2,0,False,False,40,100,200,3000.0,[],False,0,1,0,0,,,,[]
183198,1,0,30080000,1,1,10002,NPC_Name_183198,,0,0,1,0,False,0,0,2,0,False,False,40,100,200,3000.0,[],False,0,1,0,0,,,,[]
183199,1,0,30080000,1,1,10002,NPC_Name_183199,,0,0,1,22,False,0,0,2,0,False,False,0,90,90,3000.0,[],False,0,1,0,0,,,,[]
183201,1,0,30443000,1,1,10002,NPC_Name_183201,,0,0,1,22,False,0,0,2,0,False,False,60,150,200,3000.0,[],True,0,1,0,0,,,,[]
183202,1,0,30443000,1,1,10002,NPC_Name_183202,,0,0,1,22,False,0,0,2,0,False,False,60,150,200,3000.0,[],True,0,1,0,0,,,,[]
183203,1,0,30443000,1,1,10002,NPC_Name_183203,,0,0,1,22,False,0,0,2,0,False,False,60,150,200,3000.0,[],True,0,1,0,0,,,,[]
183204,1,0,30443000,1,1,10002,NPC_Name_183204,,0,0,1,22,False,0,0,2,0,False,False,60,150,200,3000.0,[],True,0,1,0,0,,,,[]
183205,1,0,30443000,1,1,10002,NPC_Name_183205,,0,0,1,22,False,0,0,2,0,False,False,60,150,200,3000.0,[],True,0,1,0,0,,,,[]
183206,1,0,30443000,1,1,10002,NPC_Name_183206,,0,0,1,22,False,0,0,2,0,False,False,60,150,200,3000.0,[],True,0,1,0,0,,,,[]
183207,1,0,30443000,1,1,10002,NPC_Name_183207,,0,0,1,22,False,0,0,2,0,False,False,60,150,200,3000.0,[],True,0,1,0,0,,,,[]
183208,1,0,30443000,1,1,10002,NPC_Name_183208,,0,0,1,22,False,0,0,2,0,False,False,60,150,200,3000.0,[],True,0,1,0,0,,,,[]
183209,1,0,30443000,1,1,10002,NPC_Name_183209,,0,0,1,22,False,0,0,2,0,False,False,60,150,200,3000.0,[],True,0,1,0,0,,,,[]
183210,1,0,30443000,1,1,10002,NPC_Name_183210,,0,0,1,22,False,0,0,2,0,False,False,60,150,200,3000.0,[],True,0,1,0,0,,,,[]
183211,1,0,30443000,1,1,10002,NPC_Name_183211,,0,0,1,22,False,0,0,2,0,False,False,60,150,200,3000.0,[],True,0,1,0,0,,,,[]
183212,1,0,30443000,1,1,10002,NPC_Name_183212,,0,0,1,22,False,0,0,2,0,False,False,60,150,200,3000.0,[],True,0,1,0,0,,,,[]
183291,1,0,30080000,1,1,10002,NPC_Name_183291,,0,0,1,22,False,0,0,2,0,False,False,0,90,90,3000.0,[],False,0,1,0,0,,,,[]
183292,1,0,30080000,1,1,10002,NPC_Name_183292,,0,0,1,22,False,0,0,2,0,False,False,0,90,90,3000.0,[],False,0,1,0,0,,,,[]
183299,1,0,30080000,1,1,10002,NPC_Name_183299,,0,0,1,22,False,0,0,2,0,False,False,0,90,90,3000.0,[],False,0,1,0,0,,,,[]
183301,1,0,30443000,1,1,10002,NPC_Name_183301,,0,0,1,22,False,0,0,2,0,False,False,60,150,200,3000.0,[],True,0,1,0,0,,,,[]
183302,1,0,30443000,1,1,10002,NPC_Name_183302,,0,0,1,22,False,0,0,2,0,False,False,60,150,200,3000.0,[],True,0,1,0,0,,,,[]
183303,1,0,30443000,1,1,10002,NPC_Name_183303,,0,0,1,22,False,0,0,2,0,False,False,60,150,200,3000.0,[],True,0,1,0,0,,,,[]
183304,1,0,30443000,1,1,10002,NPC_Name_183304,,0,0,1,22,False,0,0,2,0,False,False,60,150,200,3000.0,[],True,0,1,0,0,,,,[]
183305,1,0,30443000,1,1,10002,NPC_Name_183305,,0,0,1,22,False,0,0,2,0,False,False,60,150,200,3000.0,[],True,0,1,0,0,,,,[]
183306,1,0,30443000,1,1,10002,NPC_Name_183306,,0,0,1,22,False,0,0,2,0,False,False,60,150,200,3000.0,[],True,0,1,0,0,,,,[]
183307,1,0,30443000,1,1,10002,NPC_Name_183307,,0,0,1,22,False,0,0,2,0,False,False,60,150,200,3000.0,[],True,0,1,0,0,,,,[]
183308,1,0,30443000,1,1,10002,NPC_Name_183308,,0,0,1,22,False,0,0,2,0,False,False,60,150,200,3000.0,[],True,0,1,0,0,,,,[]
183309,1,0,30443000,1,1,10002,NPC_Name_183309,,0,0,1,22,False,0,0,2,0,False,False,60,150,200,3000.0,[],True,0,1,0,0,,,,[]
183310,1,0,30443000,1,1,10002,NPC_Name_183310,,0,0,1,22,False,0,0,2,0,False,False,60,150,200,3000.0,[],True,0,1,0,0,,,,[]
183311,1,0,30443000,1,1,10002,NPC_Name_183311,,0,0,1,22,False,0,0,2,0,False,False,60,150,200,3000.0,[],True,0,1,0,0,,,,[]
183312,1,0,30443000,1,1,10002,NPC_Name_183312,,0,0,1,22,False,0,0,2,0,False,False,60,150,200,3000.0,[],True,0,1,0,0,,,,[]
183391,1,0,30080000,1,1,10002,NPC_Name_183391,,0,0,1,22,False,0,0,2,0,False,False,0,90,90,3000.0,[],False,0,1,0,0,,,,[]
183392,1,0,30080000,1,1,10002,NPC_Name_183392,,0,0,1,22,False,0,0,2,0,False,False,0,90,90,3000.0,[],False,0,1,0,0,,,,[]
183399,1,0,30080000,1,1,10002,NPC_Name_183399,,0,0,1,22,False,0,0,2,0,False,False,0,90,90,3000.0,[],False,0,1,0,0,,,,[]
200351,1,0,30880001,0,1,200351,Object_Name_200351,,0,0,1,117,True,0,0,2,0,True,False,40,50,200,3000.0,[],False,0,0,0,0,Civil em Dor,,,[]
200352,1,0,17140005,0,1,200352,Object_Name_200352,,0,0,1,117,True,0,0,2,0,True,False,40,50,200,3000.0,[],False,0,0,0,0,Civiliano Caído,,,[]
200551,1,0,30050000,0,1,200551,Object_Name_200551,,0,0,1,117,True,0,0,2,0,True,False,30,50,180,3000.0,[],False,0,2,0,0,Leitor de Cartão-chave,,,[]
200802,22,0,30080000,999999,1,1591,Object_Name_200802,,0,0,1,117,True,0,0,2,0,True,False,30,60,180,3000.0,[],False,0,2,0,0,Portão do Mercado Negro,,,[]
200803,22,0,30680000,999999,1,10010,Object_Name_200803,,0,0,1,117,True,0,0,2,0,True,False,30,60,180,3000.0,[],False,0,2,0,0,Eco Abissal,,,[]
200804,22,0,30680000,999999,1,10010,Object_Name_200803,,0,0,1,117,True,0,0,2,0,True,False,30,60,180,3000.0,[],False,0,2,0,0,Eco Abissal,,,[]
200805,22,0,30910000,999999,1,200805,Object_Name_200805,,0,0,1,117,True,0,0,2,0,True,False,30,95,180,3000.0,[],False,0,0,0,0,Caixa de Suprimentos da Administração da Facção,,,[]
200806,22,0,30080000,999999,1,200806,Object_Name_200802,,0,0,1,117,True,0,0,2,0,True,False,30,60,180,3000.0,[],False,0,2,0,0,Portão do Mercado Negro,,,[]
200902,22,0,30200000,999999,1,2518,Object_Name_200902,,0,0,1,117,True,0,0,2,0,True,False,30,60,180,3000.0,[],False,0,0,0,0,Console de Segurança do Hangar,,,[]
200903,22,0,30200000,999999,1,1578,Object_Name_200903,,0,0,1,117,True,0,0,2,0,True,False,30,60,180,3000.0,[],False,0,0,0,0,Console de Descriptografia,,,[]
201001,1,0,30080003,999999,1,2030,Object_Name_201001,,0,0,1,117,True,0,0,2,0,True,False,30,60,180,3000.0,[],False,0,2,0,0,Upload de Aura de Força,,,[]
201101,1,0,30080003,999999,1,2030,Object_Name_201101,,0,0,1,117,True,0,0,2,0,True,False,0,60,180,3000.0,[],False,0,2,0,0,Carregar Dados,,,[]
201102,1,0,30790010,999999,1,2011,Object_Name_201102,,0,0,1,117,True,0,0,2,0,True,False,0,60,180,3000.0,[],False,0,2,0,0,Folha de Cura,,,[]
201201,1,0,30050000,0,1,201201,Object_Name_201201,,0,0,1,117,True,0,0,2,0,True,False,30,50,180,3000.0,[],True,0,2,0,0,Leitor de Cartão-chave,,,[]
201202,1,0,30050000,0,1,201202,Object_Name_201202,,0,0,1,117,True,0,0,2,0,True,False,30,50,180,3000.0,[],False,0,2,0,0,Painel de Acesso,,,[]
201203,1,0,30501000,0,1,201203,Object_Name_201203,,0,0,1,117,True,0,0,2,0,True,False,30,50,180,3000.0,[],False,0,2,0,0,Cadáver do Pesquisador,,,[]
201204,1,0,30080000,0,1,201204,Object_Name_201204,,0,0,1,117,True,0,0,2,0,True,False,30,50,180,3000.0,[],False,0,2,0,0,Cápsula Quebrada,,,[]
201205,1,0,30750001,0,1,201205,Object_Name_201205,,0,0,1,117,True,0,0,2,0,True,False,30,120,240,3000.0,[],False,0,2,0,0,Estojo de Armazenamento de Relíquias,,,[]
201301,1,0,30050000,999999,1,10003,,,0,0,1,117,False,0,0,2,0,True,False,30,60,180,3000.0,[],False,0,0,0,0,,,,[]
201302,1,0,30050000,999999,1,10003,,,0,0,1,117,False,0,0,2,0,True,False,30,60,180,3000.0,[],False,0,0,0,0,,,,[]
201501,2,0,30530000,999999,1,5000,Object_Name_201501,,0,0,1,117,True,0,0,2,0,True,False,30,60,180,3000.0,[],False,0,2,0,0,Escalada,,,[]
201502,2,0,30530000,999999,1,5000,Object_Name_201502,,0,0,1,117,True,0,0,2,0,True,False,30,60,180,3000.0,[],False,0,2,0,0,Salto,,,[]
201503,2,0,30610000,999999,1,201503,Object_Name_201503,,0,0,1,117,True,0,0,2,0,True,False,30,60,180,3000.0,[],False,0,0,0,0,Receptor de Dados de Mineração,,,[]
201504,2,0,30530000,999999,1,5000,Object_Name_201504,,0,0,1,117,True,0,0,2,0,True,False,30,60,180,3000.0,[],False,0,2,0,0,Pular fora,,,[]
201505,3,0,30620000,999999,1,201505,Object_Name_201505,,0,0,1,117,True,0,0,2,0,True,False,30,60,180,3000.0,[],False,0,0,0,0,Console de Controle do Lançador,,,[]
201506,3,0,30530000,999999,1,5000,Object_Name_201506,,0,0,1,117,True,0,0,2,0,True,False,30,60,180,3000.0,[],False,0,2,0,0,Pular,,,[]
201511,4,0,30530000,999999,1,5000,Object_Name_201511,,0,0,1,117,True,0,0,2,0,True,False,30,60,180,3000.0,[],False,0,2,0,0,Pular,,,[]
201512,5,0,30590003,999999,1,201512,Object_Name_201512,,0,0,1,117,True,0,0,2,0,True,False,30,60,180,3000.0,[],False,0,2,0,0,Console de Controle da Ponte,,,[]
201531,7,0,18750010,999999,1,201531,Object_Name_201531,,0,0,1,117,True,0,0,2,0,True,False,30,60,180,3000.0,[],False,0,0,0,0,Cadáver de Soldado Bellato,,,[]
201532,7,0,30530000,999999,1,5000,Object_Name_201532,,0,0,1,117,True,0,0,2,0,True,False,30,60,180,3000.0,[],False,0,2,0,0,Escalada,,,[]
201533,7,0,30530000,999999,1,5000,Object_Name_201533,,0,0,1,117,True,0,0,2,0,True,False,30,60,180,3000.0,[],False,0,2,0,0,Pular,,,[]
201551,7,0,30530000,999999,1,5000,Object_Name_201551,,0,0,1,117,True,0,0,2,0,True,False,30,60,180,3000.0,[],False,0,2,0,0,Mover-se pela parede,,,[]
201552,7,0,30530000,999999,1,5000,Object_Name_201552,,0,0,1,117,True,0,0,2,0,True,False,30,60,180,3000.0,[],False,0,2,0,0,Pular,,,[]
202201,1,0,31012000,999999,1,2030,,,0,0,1,117,True,0,0,2,0,True,False,30,60,180,3000.0,[],False,0,0,0,0,,,,[]
202801,1,0,31021000,999999,1,202801,Object_Name_202801,,0,0,1,117,True,0,0,2,0,True,False,30,60,180,3000.0,[],False,0,2,0,0,Pingente do Vector,,,[]
202802,1,0,30530000,999999,1,5000,Object_Name_202802,,0,0,1,117,True,0,0,2,0,True,False,30,60,180,3000.0,[],False,0,2,0,0,Sair,,,[]
205101,1,0,30120001,999999,1,205101,Object_Name_205101,,0,0,1,117,True,0,0,2,0,True,False,30,60,180,3000.0,[],False,0,0,0,0,Android Destruído,,,[]
205102,1,0,30120010,999999,1,205102,Object_Name_205102,,0,0,1,117,True,0,0,2,0,True,False,40,50,200,3000.0,[],False,0,0,0,0,Android Caído,,,[]
205103,1,0,30120013,999999,1,205103,Object_Name_205103,,0,0,1,117,True,0,0,2,0,True,False,30,60,180,3000.0,[],False,0,0,0,0,Android Caído,,,[]
205104,1,0,30950000,999999,1,205104,Object_Name_205104,,0,0,1,117,True,0,0,2,0,True,False,30,60,180,3000.0,[],False,0,0,0,0,Instalação de Drone de Reconhecimento,,,[]
205105,1,0,31180000,999999,1,205105,Object_Name_205105,,0,0,1,117,True,0,0,2,0,True,False,0,60,180,3000.0,[],False,0,2,0,0,Instalação de Bomba EMP,,,[]
205106,1,0,31180000,999999,1,205106,Object_Name_205106,,0,0,1,117,True,0,0,2,0,True,False,0,60,180,3000.0,[],False,0,2,0,0,Instalação de Bomba EMP,,,[]
205107,1,0,30120010,999999,1,205107,Object_Name_205107,,0,0,1,117,True,0,0,2,0,True,False,30,60,180,3000.0,[],False,0,0,0,0,Android Caído,,,[]
205108,1,0,30950000,999999,1,205108,Object_Name_205108,,0,0,1,117,True,0,0,2,0,True,False,30,60,180,3000.0,[],False,0,0,0,0,Instalação de Drone de Reconhecimento,,,[]
205109,1,0,30120010,999999,1,205109,Object_Name_205109,,0,0,1,117,True,0,0,2,0,True,False,30,60,180,3000.0,[],False,0,0,0,0,Android Caído,,,[]
205110,1,0,30120013,999999,1,205110,Object_Name_205110,,0,0,1,117,True,0,0,2,0,True,False,30,60,180,3000.0,[],False,0,0,0,0,Android Caído,,,[]
205111,1,0,30680000,999999,1,10010,Object_Name_205111,,0,0,1,117,True,0,0,2,0,True,False,30,50,180,3000.0,[],False,0,2,0,0,Eco Abissal,,,[]
205121,1,0,30120001,999999,1,10002,,,0,0,1,117,True,0,0,2,0,True,False,40,50,200,3000.0,[],False,0,1,0,0,,,,[]
205122,1,0,30120001,999999,1,10002,,,0,0,1,117,True,0,0,2,0,True,False,40,50,200,3000.0,[],False,0,1,0,0,,,,[]
205123,1,0,30120003,999999,1,10002,,,0,0,1,117,True,0,0,2,0,True,False,40,50,200,3000.0,[],False,0,1,0,0,,,,[]
205124,1,0,30120002,999999,1,10002,,,0,0,1,117,True,0,0,2,0,True,False,30,60,180,3000.0,[],False,0,1,0,0,,,,[]
205125,1,0,30120001,999999,1,10002,,,0,0,1,117,True,0,0,2,0,True,False,30,60,180,3000.0,[],False,0,1,0,0,,,,[]
205126,1,0,30120006,999999,1,10002,,,0,0,1,117,True,0,0,2,0,True,False,30,60,180,3000.0,[],False,0,1,0,0,,,,[]
205127,1,0,30120001,999999,1,10002,,,0,0,1,117,True,0,0,2,0,True,False,30,60,180,3000.0,[],False,0,1,0,0,,,,[]
205128,1,0,30120002,999999,1,10002,,,0,0,1,117,True,0,0,2,0,True,False,30,60,180,3000.0,[],False,0,1,0,0,,,,[]
205129,1,0,30120003,999999,1,10002,,,0,0,1,117,True,0,0,2,0,True,False,30,60,180,3000.0,[],False,0,1,0,0,,,,[]
205130,1,0,30120001,999999,1,10002,,,0,0,1,117,True,0,0,2,0,True,False,30,60,180,3000.0,[],False,0,1,0,0,,,,[]
205191,1,0,30160000,999999,1,205191,Object_Name_205191,,0,0,1,117,True,0,0,2,0,True,False,30,60,180,3000.0,[],False,0,0,0,0,Caixa de Suprimentos Bellato,,,[]
205192,1,0,30180002,999999,1,205192,Object_Name_205192,,0,0,1,117,True,0,0,2,0,True,False,30,60,180,3000.0,[],False,0,0,0,0,Caixa de Armas Bellato,,,[]
205193,1,0,30960000,999999,1,205193,Object_Name_205193,,0,0,1,117,True,0,0,2,0,True,False,30,60,180,3000.0,[],False,0,0,0,0,Console de Recuperação de Dados,,,[]
205194,1,0,30820000,999999,1,205194,Object_Name_205194,,0,0,1,117,True,0,0,2,0,True,False,30,60,180,3000.0,[],False,0,0,0,0,Baliza Accretia,,,[]
205201,1,0,30130000,999999,1,205201,Object_Name_205201,,0,0,1,117,True,0,0,2,0,True,False,30,60,180,3000.0,[],False,0,0,0,0,Ferramenta de Desarmamento de Armadilhas,,,[]
205202,1,0,30180001,999999,1,205202,Object_Name_205202,,0,0,1,117,True,0,0,2,0,True,False,30,60,180,3000.0,[],False,0,0,0,0,Remessa da Guilda de Mercadores de Nekaran,,,[]
205203,1,0,30180001,999999,1,205203,Object_Name_205203,,0,0,1,117,True,0,0,2,0,True,False,30,60,180,3000.0,[],False,0,0,0,0,Remessa da Guilda de Mercadores de Nekaran,,,[]
205204,1,0,30180001,999999,1,205204,Object_Name_205204,,0,0,1,117,True,0,0,2,0,True,False,30,60,180,3000.0,[],False,0,0,0,0,Remessa da Guilda de Mercadores de Nekaran,,,[]
205205,1,0,30180001,999999,1,205205,Object_Name_205205,,0,0,1,117,True,0,0,2,0,True,False,30,60,180,3000.0,[],False,0,0,0,0,Remessa da Guilda de Mercadores de Nekaran,,,[]
205206,1,0,30080000,999999,1,205206,Object_Name_205206,,0,0,1,117,True,0,0,2,0,True,False,0,60,180,3000.0,[],False,0,2,0,0,Armadilha Ferinky Booby,,,[]
205207,1,0,30290000,999999,1,205207,Object_Name_205207,,0,0,1,117,True,0,0,2,0,True,False,30,60,180,3000.0,[],False,0,0,0,0,Gerador,,,[]
205208,1,0,30290000,999999,1,205208,Object_Name_205208,,0,0,1,117,True,0,0,2,0,True,False,30,60,180,3000.0,[],False,0,0,0,0,Gerador,,,[]
205209,1,0,30290000,999999,1,205209,Object_Name_205209,,0,0,1,117,True,0,0,2,0,True,False,30,60,180,3000.0,[],False,0,0,0,0,Gerador,,,[]
205210,1,0,30170000,999999,1,205210,Object_Name_205210,,0,0,1,117,True,0,0,2,0,True,False,30,60,180,3000.0,[],False,0,0,0,0,Kit de Modificação do Gerador,,,[]
205280,1,0,30180001,999999,1,205280,Object_Name_205280,,0,0,1,117,True,0,0,2,0,True,False,30,60,180,3000.0,[],False,0,0,0,0,Suprimentos Ferinky,,,[]
205281,1,0,30820003,999999,1,205281,Object_Name_205281,,0,0,1,117,True,0,0,2,0,True,False,30,60,180,3000.0,[],False,0,0,0,0,Baliza de Vigilância,,,[]
205282,1,0,30820003,999999,1,205282,Object_Name_205282,,0,0,1,117,True,0,0,2,0,True,False,30,60,180,3000.0,[],False,0,0,0,0,Baliza de Vigilância,,,[]
205283,1,0,10760001,999999,1,205283,Object_Name_205283,,0,0,1,117,True,0,0,2,0,True,False,30,60,180,3000.0,[],False,0,0,0,0,Canhão Antiaéreo,,,[]
205284,1,0,31160000,999999,1,205284,Object_Name_205284,,0,0,1,117,True,0,0,2,0,True,False,30,60,180,3000.0,[],False,0,2,0,0,Sinais do Agente,,,[]
205285,1,0,30200000,999999,1,205285,Object_Name_205285,,0,0,1,117,True,0,0,2,0,True,False,30,60,180,3000.0,[],False,0,0,0,0,Console de Comunicação do Informante,,,[]
205286,1,0,31160000,999999,1,205286,Object_Name_205284,,0,0,1,117,True,0,0,2,0,True,False,30,60,180,3000.0,[],False,0,2,0,0,Sinais do Agente,,,[]
205301,1,0,30140000,999999,1,205301,Object_Name_205301,,0,0,1,117,True,0,0,2,0,True,False,30,60,180,3000.0,[],False,0,0,0,0,Bolsa Suspeita,,,[]
205302,1,0,30310000,999999,1,10003,Object_Name_205302,,0,0,1,117,True,0,0,2,0,True,False,30,60,180,3000.0,[],False,0,0,0,0,,,,[]
205303,1,0,30050000,999999,1,10003,Object_Name_205303,,0,0,1,117,True,0,0,2,0,True,False,30,60,180,3000.0,[],False,0,0,0,0,,,,[]
205304,1,0,30180001,999999,1,205304,Object_Name_205304,,0,0,1,117,True,0,0,2,0,True,False,30,60,180,3000.0,[],False,0,0,0,0,Estojo de Droga Especial,,,[]
205305,1,0,30960000,999999,1,205305,Object_Name_205305,,0,0,1,117,True,0,0,2,0,True,False,30,60,180,3000.0,[],False,0,0,0,0,Terminal de Dados,,,[]
205360,1,0,30820000,999999,1,205360,Object_Name_205360,,0,0,1,117,True,0,0,2,0,True,False,40,60,200,3000.0,[],False,0,0,0,0,Beacon de Comunicação Accretia,,,[]
205361,1,0,30180001,999999,1,205361,Object_Name_205361,,0,0,1,117,True,0,0,2,0,True,False,30,60,180,3000.0,[],False,0,0,0,0,Caixa de Peças Abandonada,,,[]
205362,1,0,30960000,999999,1,205362,Object_Name_205362,,0,0,1,117,True,0,0,2,0,True,False,30,60,180,3000.0,[],False,0,0,0,0,Terminal de Comunicação Wilder,,,[]
205363,1,0,30140000,999999,1,205363,Object_Name_205363,,0,0,1,117,True,0,0,2,0,True,False,30,60,180,3000.0,[],False,0,0,0,0,Caso de Droga dos Bandidos,,,[]
205390,1,0,30160000,999999,1,205390,Object_Name_205390,,0,0,1,117,True,0,0,2,0,True,False,30,60,180,3000.0,[],False,0,0,0,0,Caixa de Bens dos Bandidos,,,[]
205391,1,0,30080000,999999,1,2014,,,0,0,1,117,True,0,0,2,0,True,False,30,60,180,3000.0,[],False,0,2,0,0,,,,[]
205401,1,0,30200000,999999,1,205401,Object_Name_205401,,0,0,1,117,True,0,0,2,0,True,False,30,60,180,3000.0,[],False,0,0,0,0,Console de Controle,,,[]
205402,1,0,30410000,999999,1,205402,Object_Name_205402,,0,0,1,117,True,0,0,2,0,True,False,0,60,180,3000.0,[],False,0,0,0,0,Líquido Suspeito,,,[]
205403,1,0,30250000,999999,1,205403,Object_Name_205403,,0,0,1,117,True,0,0,2,0,True,False,30,60,180,3000.0,[],False,0,0,0,0,Carcaça de Estilhaçador Infectado,,,[]
205404,1,0,30310000,999999,1,205404,Object_Name_205404,,0,0,1,117,True,0,0,2,0,True,False,30,60,180,3000.0,[],False,0,0,0,0,Caixa de Dados de Pesquisa,,,[]
205405,1,0,30200000,999999,1,205405,Object_Name_205405,,0,0,1,117,True,0,0,2,0,True,False,30,60,180,3000.0,[],False,0,0,0,0,Console de Controle,,,[]
205501,1,0,30180002,999999,1,2011,Object_Name_205501,,0,0,1,117,True,0,0,2,0,True,False,30,60,180,3000.0,[],False,0,0,0,0,Suprimentos para as Favelas,,,[]
205502,1,0,30180000,999999,1,2512,Object_Name_205502,,0,0,1,117,True,0,0,2,0,True,False,30,60,180,3000.0,[],False,0,0,0,0,,,,[]
205503,1,0,30180000,999999,1,2512,Object_Name_205503,,0,0,1,117,True,0,0,2,0,True,False,30,60,180,3000.0,[],False,0,0,0,0,,,,[]
205504,1,0,30180000,999999,1,2011,Object_Name_205504,,0,0,1,117,True,0,0,2,0,True,False,30,60,180,3000.0,[],False,0,0,0,0,,,,[]
205505,1,0,30180000,999999,1,2011,Object_Name_205505,,0,0,1,117,True,0,0,2,0,True,False,30,60,180,3000.0,[],False,0,0,0,0,,,,[]
205506,1,0,30180000,999999,1,2011,Object_Name_205506,,0,0,1,117,True,0,0,2,0,True,False,30,60,180,3000.0,[],False,0,0,0,0,,,,[]
205507,1,0,30600002,999999,1,2545,Object_Name_205507,,0,0,1,117,True,0,0,2,0,True,False,30,60,180,3000.0,[],False,0,0,0,0,Reservatório de Água Potável,,,[]
205508,1,0,30120005,999999,1,2503,Object_Name_205508,,0,0,1,117,True,0,0,2,0,True,False,30,60,180,3000.0,[],False,0,0,0,0,Android Destruído,,,[]
205509,1,0,30890000,999999,1,2534,Object_Name_205509,,0,0,1,117,True,0,0,2,0,True,False,30,60,180,3000.0,[],False,0,0,0,0,Torre de Rádio Descartada,,,[]
205551,1,0,30542000,999999,1,2554,Object_Name_205551,,0,0,1,117,True,0,0,2,0,True,False,30,60,180,3000.0,[],False,0,0,0,0,Escravo Sequestrado,,,[]
205552,1,0,30543000,999999,1,2555,Object_Name_205552,,0,0,1,117,True,0,0,2,0,True,False,30,60,180,3000.0,[],False,0,0,0,0,Escravo Raptado,,,[]
205553,1,0,30960000,999999,1,205305,Object_Name_205553,,0,0,1,117,True,0,0,2,0,True,False,30,60,180,3000.0,[],False,0,0,0,0,Console de Dados,,,[]
205554,1,0,30970001,999999,1,2556,Object_Name_205554,,0,0,1,117,True,0,0,2,0,True,False,0,60,180,3000.0,[],False,0,2,0,0,Spray Hormonal Snatcher,,,[]
205604,1,0,30130000,999999,1,2503,Object_Name_205604,,0,0,1,117,True,0,0,2,0,True,False,30,60,180,3000.0,[],False,0,2,0,0,Bolsa de Pessoa Desaparecida,,,[]
205605,1,0,30760000,999999,1,2503,Object_Name_205605,,0,0,1,117,True,0,0,2,0,True,False,30,60,180,3000.0,[],False,0,2,0,0,Kit de Primeiros Socorros para Pessoa Desaparecida,,,[]
205606,1,0,30810000,999999,1,2503,Object_Name_205606,,0,0,1,117,True,0,0,2,0,True,False,30,60,180,3000.0,[],False,0,2,0,0,Comida de Emergência para Pessoa Desaparecida,,,[]
205607,1,0,30540000,999999,1,208502,Object_Name_205607,,0,0,1,117,True,0,0,2,0,True,False,30,60,180,3000.0,[],False,0,2,0,0,Pessoa Desaparecida em Esconderijo,,,[]
205608,1,0,30541000,999999,1,208502,Object_Name_205608,,0,0,1,117,True,0,0,2,0,True,False,30,60,180,3000.0,[],False,0,2,0,0,Pessoa Desaparecida Assustada,,,[]
205609,1,0,30542000,999999,1,208502,Object_Name_205609,,0,0,1,117,True,0,0,2,0,True,False,30,60,180,3000.0,[],False,0,2,0,0,Pessoa Desaparecida em Lágrimas,,,[]
205610,5,0,30050000,999999,1,2540,Object_Name_205610,,0,0,1,117,True,0,0,2,0,True,False,30,60,180,3000.0,[],False,0,2,0,0,Dispositivo de Acesso ao Esconderijo Secreto,,,[]
205611,5,0,30050000,999999,1,2540,Object_Name_205610,,0,0,1,117,True,0,0,2,0,True,False,30,60,180,3000.0,[],False,0,2,0,0,Dispositivo de Acesso ao Esconderijo Secreto,,,[]
205612,5,0,30050000,999999,1,2540,Object_Name_205610,,0,0,1,117,True,0,0,2,0,True,False,30,60,180,3000.0,[],False,0,2,0,0,Dispositivo de Acesso ao Esconderijo Secreto,,,[]
205613,5,0,30050000,999999,1,2540,Object_Name_205610,,0,0,1,117,True,0,0,2,0,True,False,30,60,180,3000.0,[],False,0,2,0,0,Dispositivo de Acesso ao Esconderijo Secreto,,,[]
205690,5,0,30120001,999999,1,2503,Object_Name_205690,,0,0,1,117,True,0,0,2,0,True,False,30,60,180,3000.0,[],False,0,2,0,0,Android Destruído,,,[]
205701,1,0,30620000,999999,1,2538,Object_Name_205701,,0,0,1,117,True,0,0,2,0,True,False,30,60,180,3000.0,[],False,0,2,0,0,Dispositivo de Registro de Log de Treinamento,,,[]
205703,1,0,30170000,999999,1,1584,Object_Name_205703,,0,0,1,117,True,0,0,2,0,True,False,30,60,180,3000.0,[],False,0,2,0,0,Caixa de Suprimentos Kairax,,,[]
205704,1,0,30380001,999999,1,2539,Object_Name_205704,,0,0,1,117,True,0,0,2,0,True,False,30,60,180,3000.0,[],False,0,2,0,0,Dispositivo de Armazenamento de Dados de Pesquisa,,,[]
205705,1,0,30620000,999999,1,2548,Object_Name_205705,,0,0,1,117,True,0,0,2,0,True,False,30,60,180,3000.0,[],False,0,2,0,0,Transceptor Kairax,,,[]
205801,18,0,30260000,999999,1,2546,Object_Name_205801,,0,0,1,117,True,0,0,2,0,True,False,30,60,180,3000.0,[],False,0,2,0,0,Traços de Fragmentos de Aeronave,,,[]
205802,18,0,30380002,999999,1,2545,Object_Name_205802,,0,0,1,117,True,0,0,2,0,True,False,30,60,180,3000.0,[],False,0,2,0,0,Repetidor com Mau Funcionamento,,,[]
205803,18,0,30380000,999999,1,2545,Object_Name_205803,,0,0,1,117,True,0,0,2,0,True,False,30,60,180,3000.0,[],False,0,2,0,0,Repetidor com Mau Funcionamento,,,[]
205901,12,0,30150000,999999,1,205901,Object_Name_205901,,0,0,1,117,True,0,0,2,0,True,False,30,60,180,3000.0,[],False,0,0,0,0,Suprimentos Abandonados,,,[]
205902,12,0,30720000,999999,1,205902,Object_Name_205902,,0,0,1,117,True,0,0,2,0,True,False,30,60,180,3000.0,[],False,0,0,0,0,Cadáver de Membro da Guarnição,,,[]
205903,12,0,30380001,999999,1,205903,Object_Name_205903,,0,0,1,117,True,0,0,2,0,True,False,30,60,180,3000.0,[],False,0,0,0,0,Interruptor de Retransmissão de Sinal,,,[]
205904,12,0,30530000,999999,1,205904,Object_Name_205904,,0,0,1,117,True,0,0,2,0,True,False,30,60,180,3000.0,[],False,0,2,0,0,Escalada,,,[]
205905,12,0,30530000,999999,1,205905,Object_Name_205905,,0,0,1,117,True,0,0,2,0,True,False,30,60,180,3000.0,[],False,0,2,0,0,Escalada,,,[]
205906,12,0,30530000,999999,1,205906,Object_Name_205906,,0,0,1,117,True,0,0,2,0,True,False,30,60,180,3000.0,[],False,0,2,0,0,Escalada,,,[]
205907,12,0,30530000,999999,1,205907,Object_Name_205907,,0,0,1,117,True,0,0,2,0,True,False,30,60,180,3000.0,[],False,0,2,0,0,Pular,,,[]
205908,12,0,30050000,999999,1,205908,Object_Name_205908,,0,0,1,117,True,0,0,2,0,True,False,30,60,180,3000.0,[],False,0,0,0,0,Console de Comutação de Relé de Sinal,,,[]
205909,12,0,30050000,999999,1,205909,Object_Name_205909,,0,0,1,117,True,0,0,2,0,True,False,30,60,180,3000.0,[],False,0,0,0,0,Console de Comutação de Relé de Sinal,,,[]
205910,12,0,30400000,999999,1,205910,Object_Name_205910,,0,0,1,117,True,0,0,2,0,True,False,30,60,180,3000.0,[],False,0,0,0,0,Soldado Ferido,,,[]
205911,12,0,30400002,999999,1,205911,Object_Name_205910,,0,0,1,117,True,0,0,2,0,True,False,30,60,180,3000.0,[],False,0,0,0,0,Soldado Ferido,,,[]
205912,12,0,30550000,999999,1,205912,Object_Name_205912,,0,0,1,117,True,0,0,2,0,True,False,0,60,180,3000.0,[],False,0,0,0,0,Instalar Bomba de Íons,,,[]
205913,12,0,30550000,999999,1,205913,Object_Name_205912,,0,0,1,117,True,0,0,2,0,True,False,0,60,180,3000.0,[],False,0,0,0,0,Instalar Bomba de Íons,,,[]
205914,12,0,30080000,999999,1,205914,Object_Name_205914,,0,0,1,117,True,0,0,2,0,True,False,0,60,180,3000.0,[],False,0,1,0,0,RD - Drone de Reconhecimento,,,[]
205915,12,0,30080000,999999,1,205915,Object_Name_205915,,0,0,1,117,True,0,0,2,0,True,False,0,60,180,3000.0,[],False,0,2,0,0,Inspecionar a célula,,,[]
205916,12,0,30050000,999999,1,205916,Object_Name_205916,,0,0,1,117,True,0,0,2,0,True,False,30,60,180,3000.0,[],False,0,0,0,0,Console de Segurança,,,[]
205917,12,0,30390000,999999,1,205917,Object_Name_205917,,0,0,1,117,True,0,0,2,0,True,False,30,60,180,3000.0,[],False,0,0,0,0,Caixa de Bomba de Íons,,,[]
205918,12,0,30050000,999999,1,205918,Object_Name_205916,,0,0,1,117,True,0,0,2,0,True,False,30,60,180,3000.0,[],True,0,0,0,0,Console de Segurança,,,[]
205919,12,0,30380001,999999,1,205919,Object_Name_205919,,0,0,1,117,True,0,0,2,0,True,False,30,60,180,3000.0,[],False,0,0,0,0,Interruptor de Relevo de Sinal,,,[]
205920,12,0,30910000,999999,1,205920,Object_Name_205920,,0,0,1,117,True,0,0,2,0,True,False,30,95,180,3000.0,[],False,0,0,0,0,Armazenamento de Biosuit,,,[]
205921,12,0,30550000,999999,1,205921,Object_Name_205921,,0,0,1,117,True,0,0,2,0,True,False,0,60,180,3000.0,[],False,0,0,0,0,Instalar Bomba de Íons,,,[]
205922,12,0,30050000,999999,1,205922,Object_Name_205922,,0,0,1,117,True,0,0,2,0,True,False,30,60,180,3000.0,[],True,0,0,0,0,Console de Segurança,,,[]
205923,12,0,30050000,999999,1,205923,Object_Name_205922,,0,0,1,117,True,0,0,2,0,True,False,30,60,180,3000.0,[],True,0,0,0,0,Console de Segurança,,,[]
205970,11,0,30390000,999999,1,205970,Object_Name_205970,,0,0,1,117,True,0,0,2,0,True,False,30,60,180,3000.0,[],True,0,0,0,0,Armazenamento de Equipamento,,,[]
206001,1,0,30210001,999999,1,2503,Object_Name_206001,,0,0,1,117,True,0,0,2,0,True,False,0,60,180,3000.0,[],False,0,2,0,0,Transceptor do Clipper,,,[]
206002,1,0,30140000,999999,1,10008,Object_Name_206002,,0,0,1,117,True,0,0,2,0,True,False,0,60,180,3000.0,[],False,0,2,0,0,Bolsa do Clipper,,,[]
206003,1,0,30610000,999999,1,2523,Object_Name_206003,,0,0,1,117,True,0,0,2,0,True,False,30,60,180,3000.0,[],False,0,2,0,0,Dispositivo de Coleção de Espécimes Infectados,,,[]
206004,1,0,30230000,999999,1,2503,Object_Name_206004,,0,0,1,117,True,0,0,2,0,True,False,0,60,180,3000.0,[],False,0,2,0,0,Cadáver de Alexia,,,[]
206005,1,0,30080000,999999,1,2546,Object_Name_206005,,0,0,1,117,True,0,0,2,0,True,False,0,60,180,3000.0,[],False,0,2,0,0,Traços de Infecção,,,[]
206006,1,0,30170000,999999,1,2503,Object_Name_206006,,0,0,1,117,True,0,0,2,0,True,False,30,60,180,3000.0,[],False,0,2,0,0,Equipamento de Vanguarda,,,[]
206007,1,0,30200000,999999,1,2523,Object_Name_206007,,0,0,1,117,True,0,0,2,0,True,False,30,60,180,3000.0,[],False,0,2,0,0,Dispositivo de Gravação da Expedição Bellato,,,[]
206008,1,0,30080000,999999,1,2003,Object_Name_206008,,0,0,1,117,True,0,0,2,0,True,False,0,60,180,3000.0,[],False,0,2,0,0,Área Contaminada,,,[]
206009,1,0,30080000,999999,1,2546,Object_Name_206009,,0,0,1,117,True,0,0,2,0,True,False,0,60,180,3000.0,[],False,0,2,0,0,Traços de Festa Avançada,,,[]
206010,1,0,30720000,999999,1,2546,Object_Name_206010,,0,0,1,117,True,0,0,2,0,True,False,0,60,180,3000.0,[],False,0,2,0,0,Traços de Festa Avançada,,,[]
206011,1,0,30080000,999999,1,2546,Object_Name_206011,,0,0,1,117,True,0,0,2,0,True,False,0,60,180,3000.0,[],False,0,2,0,0,,,,[]
206012,1,0,30080000,999999,1,2517,Object_Name_206012,,0,0,1,117,True,0,0,2,0,True,False,30,60,180,3000.0,[],False,0,2,0,0,,,,[]
206091,1,0,30050000,999999,1,2523,Object_Name_206091,,0,0,1,117,True,0,0,2,0,True,False,30,60,180,3000.0,[],False,0,2,0,0,Dispositivo de Comunicação Imperial,,,[]
206092,1,0,30080000,999999,1,2508,Object_Name_206092,,0,0,1,117,True,0,0,2,0,True,False,0,60,180,3000.0,[],False,0,2,0,0,Site de Leitura,,,[]
206093,1,0,30080000,999999,1,2508,Object_Name_206093,,0,0,1,117,True,0,0,2,0,True,False,0,60,180,3000.0,[],False,0,2,0,0,Site de Leitura,,,[]
206101,1,0,30370000,999999,1,206101,Object_Name_206101,,0,0,1,117,True,0,0,2,0,True,False,30,60,180,3000.0,[],False,0,2,0,0,Célula,,,[]
206102,1,0,30370000,999999,1,206102,Object_Name_206102,,0,0,1,117,True,0,0,2,0,True,False,30,60,180,3000.0,[],False,0,2,0,0,Célula,,,[]
206103,1,0,30070000,999999,1,2503,Object_Name_206103,,0,0,1,117,True,0,0,2,0,True,False,0,60,180,3000.0,[],False,0,2,0,0,Traços de Festa Avançada de Mars Gudelj,,,[]
206104,1,0,30620000,999999,1,2540,Object_Name_206104,,0,0,1,117,True,0,0,2,0,True,False,30,60,180,3000.0,[],False,224501,2,0,0,Dispositivo de Armazenamento de Dados,,,[]
206105,1,0,30310000,999999,1,1584,Object_Name_206105,,0,0,1,117,True,0,0,2,0,True,False,0,60,180,3000.0,[],False,0,2,0,0,Chip de Dados,,,[]
206106,1,0,30080000,999999,1,2546,Object_Name_206106,,0,0,1,117,True,0,0,2,0,True,False,0,60,180,3000.0,[],False,0,2,0,0,Inspecionar o Lago Infectado,,,[]
206107,1,0,30310000,999999,1,2503,Object_Name_206107,,0,0,1,117,True,0,0,2,0,True,False,30,60,180,3000.0,[],False,0,2,0,0,Pertences da Equipe Avançada,,,[]
206108,1,0,30080000,999999,1,2546,Object_Name_206108,,0,0,1,117,True,0,0,2,0,True,False,30,60,180,3000.0,[],False,0,2,0,0,Traços de Emboscada,,,[]
206109,1,0,30720000,999999,1,2503,,,0,0,1,117,True,0,0,2,0,True,False,0,60,180,3000.0,[],False,0,2,0,0,,,,[]
206191,1,0,30210001,999999,1,1584,Object_Name_206191,,0,0,1,117,True,0,0,2,0,True,False,0,60,180,3000.0,[],False,0,2,0,0,Dados de Romansa,,,[]
206201,20,0,30080000,999999,1,2546,Object_Name_206201,,0,0,1,117,True,0,0,2,0,True,False,0,60,180,3000.0,[],False,0,2,0,0,Vestígios da Vila,,,[]
206202,20,0,30870001,999999,1,2503,Object_Name_206202,,0,0,1,117,True,0,0,2,0,True,False,0,60,180,3000.0,[],False,0,2,0,0,Cadáver Civil,,,[]
206203,20,0,30620000,999999,1,2503,Object_Name_206203,,0,0,1,117,True,0,0,2,0,True,False,0,60,180,3000.0,[],False,0,2,0,0,,,,[]
206204,20,0,30870000,999999,1,2503,Object_Name_206204,,0,0,1,117,True,0,0,2,0,True,False,0,60,180,3000.0,[],False,0,2,0,0,Cadáver Civil,,,[]
206205,20,0,30080000,999999,1,2517,,,0,0,1,117,True,0,0,2,0,True,False,0,60,180,3000.0,[],False,0,2,0,0,,,,[]
206301,1,0,30960001,999999,1,206301,Object_Name_206301,,0,0,1,117,True,0,0,2,0,True,False,30,60,180,3000.0,[],False,0,0,0,0,Console de Dados com Mau Funcionamento,,,[]
206302,1,0,30120001,999999,1,206302,Object_Name_206302,,0,0,1,117,True,0,0,2,0,True,False,30,60,180,3000.0,[],False,0,0,0,0,Android Destruído,,,[]
206303,1,0,30120001,999999,1,206303,Object_Name_206303,,0,0,1,117,True,0,0,2,0,True,False,30,60,180,3000.0,[],False,0,0,0,0,Android Destruído,,,[]
206304,1,0,30710000,999999,1,206304,Object_Name_206304,,0,0,1,117,True,0,0,2,0,True,False,30,60,180,3000.0,[],False,0,0,0,0,Memorando de Euclid,,,[]
206305,1,0,30380001,999999,1,206305,Object_Name_206305,,0,0,1,117,True,0,0,2,0,True,False,30,60,180,3000.0,[],False,0,0,0,0,Computador de Euclid,,,[]
206306,1,0,30380001,999999,1,206306,Object_Name_206306,,0,0,1,117,True,0,0,2,0,True,False,30,60,180,3000.0,[],False,0,0,0,0,Computador de Euclid,,,[]
206307,1,0,30080000,999999,1,206307,Object_Name_206307,,0,0,1,117,True,0,0,2,0,True,False,30,60,180,3000.0,[],False,0,2,0,0,Enviar Dados,,,[]
206308,1,0,30120000,999999,1,206308,Object_Name_206308,,0,0,1,117,True,0,0,2,0,True,False,30,60,180,3000.0,[],False,0,0,0,0,Android Militar,,,[]
206309,1,0,30501000,999999,1,206309,Object_Name_206309,,0,0,1,117,True,0,0,2,0,True,False,30,60,180,3000.0,[],False,0,0,0,0,Pesquisador de Robótica Militar,,,[]
206310,1,0,30080000,999999,1,206310,Object_Name_206310,,0,0,1,117,True,0,0,2,0,True,False,30,60,180,3000.0,[],False,0,2,0,0,Enviar Dados,,,[]
206311,1,0,30080000,999999,1,206311,Object_Name_206311,,0,0,1,117,True,0,0,2,0,True,False,30,60,180,3000.0,[],False,0,2,0,0,Enviar Dados,,,[]
206312,1,0,30610000,999999,1,206312,Object_Name_206312,,0,0,1,117,True,0,0,2,0,True,False,30,60,180,3000.0,[],False,0,0,0,0,Conversor de Dados,,,[]
206321,1,0,30120001,999999,1,0,,,0,0,1,117,True,0,0,2,0,True,False,30,60,180,3000.0,[],False,0,1,0,0,,,,[]
206322,1,0,30120000,999999,1,0,,,0,0,1,117,True,0,0,2,0,True,False,30,60,180,3000.0,[],False,0,1,0,0,,,,[]
206323,1,0,30380001,999999,1,0,,,0,0,1,117,True,0,0,2,0,True,False,30,60,180,3000.0,[],False,0,1,0,0,,,,[]
206324,1,0,30620000,999999,1,0,,,0,0,1,117,True,0,0,2,0,True,False,30,60,180,3000.0,[],False,0,1,0,0,,,,[]
206325,1,0,30610000,999999,1,0,,,0,0,1,117,True,0,0,2,0,True,False,30,60,180,3000.0,[],False,0,1,0,0,,,,[]
206391,1,0,30830001,999999,1,206391,Object_Name_206391,,0,0,1,117,True,0,0,2,0,True,False,30,60,180,3000.0,[],False,0,0,0,0,Beacon de Comunicação Bellato,,,[]
206392,1,0,30830001,999999,1,206392,Object_Name_206392,,0,0,1,117,True,0,0,2,0,True,False,30,60,180,3000.0,[],False,0,0,0,0,Baliza de Comunicação Bellato,,,[]
206393,1,0,30840001,999999,1,206393,Object_Name_206393,,0,0,1,117,True,0,0,2,0,True,False,30,60,180,3000.0,[],False,0,0,0,0,Beacon de Comunicação Cora,,,[]
206394,1,0,30240001,999999,1,206394,Object_Name_206394,,0,0,1,117,True,0,0,2,0,True,False,30,60,180,3000.0,[],False,0,0,0,0,Gerador de Holograma,,,[]
206401,1,0,30130000,999999,1,2003,Object_Name_206401,,0,0,1,117,True,0,0,2,0,True,False,30,60,180,3000.0,[],False,0,2,0,0,Inventário,,,[]
206402,1,0,30810000,999999,1,2003,Object_Name_206402,,0,0,1,117,True,0,0,2,0,True,False,30,60,180,3000.0,[],False,0,2,0,0,Rações de Emergência,,,[]
206403,1,0,31080000,999999,1,2503,Object_Name_206403,,0,0,1,117,True,0,0,2,0,True,False,30,60,180,3000.0,[],False,0,2,0,0,Cadáver Contendo Força,,,[]
206404,1,0,18730003,999999,1,1582,Object_Name_206404,,0,0,1,117,True,0,0,2,0,True,False,30,50,180,3000.0,[],False,0,0,0,0,Civiliano Gemendo,,,[]
206405,1,0,18640007,999999,1,1582,Object_Name_206405,,0,0,1,117,True,0,0,2,0,True,False,30,50,180,3000.0,[],False,0,0,0,0,Civil em Dor,,,[]
206481,1,0,30820000,999999,1,206481,Object_Name_206481,,0,0,1,117,True,0,0,2,0,True,False,30,60,180,3000.0,[],False,0,0,0,0,Baliza de Investigação,,,[]
206482,1,0,30160000,999999,1,2011,Object_Name_206482,,0,0,1,117,True,0,0,2,0,True,False,30,60,180,3000.0,[],False,0,0,0,0,Caixa do Trem,,,[]
206483,1,0,30210000,999999,1,2542,Object_Name_206483,,0,0,1,117,True,0,0,2,0,True,False,30,60,180,3000.0,[],False,0,0,0,0,Terminal do Aventureiro,,,[]
206491,1,0,30250000,999999,1,2000,Object_Name_206491,,0,0,1,117,True,0,0,2,0,True,False,30,60,180,3000.0,[],False,0,0,0,0,,,,[]
206492,1,0,30570000,999999,1,2000,Object_Name_206492,,0,0,1,117,True,0,0,2,0,True,False,30,60,180,3000.0,[],False,0,0,0,0,,,,[]
206493,1,0,30080006,999999,1,2003,Object_Name_206493,,0,0,1,117,True,0,0,2,0,True,False,30,60,180,3000.0,[],False,0,2,0,0,Inspecionar o Status do Solo,,,[]
206494,1,0,31250000,999999,1,1584,Object_Name_206494,,0,0,1,117,True,0,0,2,0,True,False,30,50,180,3000.0,[],False,0,0,0,0,Material de Construção Raro,,,[]
206495,1,0,30080000,999999,1,2016,Object_Name_206495,,0,0,1,117,True,0,0,2,0,True,False,30,60,180,3000.0,[],False,0,2,0,0,,,,[]
206496,1,0,30080000,999999,1,2003,Object_Name_206496,,0,0,1,117,True,0,0,2,0,True,False,30,60,180,3000.0,[],False,0,2,0,0,Traços de Isaac,,,[]
206497,1,0,30970000,999999,1,0,,,0,0,1,117,True,0,0,2,0,True,False,0,60,180,3000.0,[],False,0,1,0,0,,,,[]
206498,1,0,30830000,999999,1,2514,Object_Name_206498,,0,0,1,117,True,0,0,2,0,True,False,30,60,180,3000.0,[],False,0,0,0,0,Beacon de Comunicação,,,[]
206501,1,0,30410000,999999,1,2003,Object_Name_206501,,0,0,1,117,True,0,0,2,0,True,False,30,60,180,3000.0,[],False,0,2,0,0,,,,[]
206502,1,0,30410000,999999,1,2003,Object_Name_206502,,0,0,1,117,True,0,0,2,0,True,False,30,60,180,3000.0,[],False,0,2,0,0,,,,[]
206503,1,0,30810000,999999,1,2011,Object_Name_206503,,0,0,1,117,True,0,0,2,0,True,False,30,60,180,3000.0,[],False,0,2,0,0,Pacote de Comida,,,[]
206504,1,0,30410000,999999,1,2003,Object_Name_206504,,0,0,1,117,True,0,0,2,0,True,False,30,60,180,3000.0,[],False,0,2,0,0,,,,[]
206505,1,0,30370000,999999,1,208801,Object_Name_206505,,0,0,1,117,True,0,0,2,0,True,False,30,60,180,3000.0,[],False,0,2,0,0,,,,[]
206506,1,0,30370000,999999,1,208801,Object_Name_206506,,0,0,1,117,True,0,0,2,0,True,False,30,60,180,3000.0,[],False,0,2,0,0,,,,[]
206507,1,0,30080000,999999,1,2003,,,0,0,1,117,True,0,0,2,0,True,False,30,60,180,3000.0,[],False,0,2,0,0,,,,[]
206508,1,0,30080000,999999,1,2003,,,0,0,1,117,True,0,0,2,0,True,False,30,60,180,3000.0,[],False,0,2,0,0,,,,[]
206509,1,0,30080000,999999,1,2003,,,0,0,1,117,True,0,0,2,0,True,False,30,60,180,3000.0,[],False,0,2,0,0,,,,[]
206510,1,0,30080000,999999,1,2003,,,0,0,1,117,True,0,0,2,0,True,False,30,60,180,3000.0,[],False,0,2,0,0,,,,[]
206511,1,0,30080000,999999,1,2000,Object_Name_206511,,0,0,1,117,True,0,0,2,0,True,False,30,60,180,3000.0,[],False,0,2,0,0,Ativar,,,[]
206512,1,0,18640003,999999,1,206512,Object_Name_206512,,0,0,1,117,True,0,0,2,0,True,False,30,60,180,3000.0,[],False,0,2,0,0,Peregrina Caída Johanna,,,[]
206513,1,0,18980002,999999,1,206513,Object_Name_206513,,0,0,1,117,True,0,0,2,0,True,False,30,60,180,3000.0,[],False,0,2,0,0,Hungh Peregrino Caído,,,[]
206571,1,0,30390000,999999,1,2011,Object_Name_206571,,0,0,1,117,True,0,0,2,0,True,False,30,60,180,3000.0,[],False,0,0,0,0,Bagagem de Matilda,,,[]
206591,1,0,30080000,999999,1,206591,Object_Name_206591,,0,0,1,117,True,0,0,2,0,True,False,0,60,180,3000.0,[],False,0,2,0,0,Oferecer Sacrifício,,,[]
206601,1,0,30780000,999999,1,2500,Object_Name_206601,,0,0,1,117,True,0,0,2,0,True,False,0,60,180,3000.0,[],False,0,2,0,0,Mancha de Sangue,,,[]
206602,1,0,30080000,999999,1,2000,,,0,0,1,117,True,0,0,2,0,True,False,0,60,180,3000.0,[],False,0,2,0,0,,,,[]
206603,1,0,30790012,999999,1,2011,Object_Name_206603,,0,0,1,117,True,0,0,2,0,True,False,0,60,180,3000.0,[],False,0,2,0,0,Folha de Energia,,,[]
206604,1,0,30080000,999999,1,2001,,,0,0,1,117,True,0,0,2,0,True,False,0,60,180,3000.0,[],False,0,2,0,0,,,,[]
206605,1,0,30760000,999999,1,2029,Object_Name_206605,,0,0,1,117,True,0,0,2,0,True,False,0,60,180,3000.0,[],False,0,2,0,0,Bolsa Médica,,,[]
206606,1,0,30810000,999999,1,2029,Object_Name_206606,,0,0,1,117,True,0,0,2,0,True,False,0,60,180,3000.0,[],False,0,2,0,0,Comida Derrubada,,,[]
206671,1,0,30790012,999999,1,2011,Object_Name_206671,,0,0,1,117,True,0,0,2,0,True,False,0,60,180,3000.0,[],False,0,2,0,0,Flor Vermelha,,,[]
206672,1,0,30570000,999999,1,2011,Object_Name_206672,,0,0,1,117,True,0,0,2,0,True,False,0,60,180,3000.0,[],False,0,2,0,0,Erva Desbotada,,,[]
206673,1,0,31100000,999999,1,2011,Object_Name_206673,,0,0,1,117,True,0,0,2,0,True,False,0,60,180,3000.0,[],False,0,2,0,0,Cogumelo Pinkspore,,,[]
206681,1,0,30390000,999999,1,206681,Object_Name_206681,,0,0,1,117,True,0,0,2,0,True,False,30,60,180,3000.0,[],False,0,0,0,0,Mercadoria Classificada,,,[]
206691,1,0,30480000,999999,1,2029,Object_Name_206691,,0,0,1,117,True,0,0,2,0,True,False,0,60,180,3000.0,[],False,0,0,0,0,Chip de Dados,,,[]
206692,1,0,30260000,999999,1,2000,Object_Name_206692,,0,0,1,117,True,0,0,2,0,True,False,30,60,180,3000.0,[],False,0,2,0,0,Marcas de Queimadura,,,[]
206693,1,0,30260000,999999,1,2000,Object_Name_206693,,0,0,1,117,True,0,0,2,0,True,False,30,60,180,3000.0,[],False,0,2,0,0,Marcas de Queimadura,,,[]
206694,1,0,30970000,999999,1,2006,Object_Name_206694,,0,0,1,117,True,0,0,2,0,True,False,0,60,180,3000.0,[],False,0,2,0,0,Traços de Isaac,,,[]
206701,1,0,30080000,999999,1,2546,Object_Name_206701,,0,0,1,117,True,0,0,2,0,True,False,0,60,180,3000.0,[],False,0,2,0,0,Investigar a Entrada do Templo,,,[]
206702,1,0,30080000,999999,1,2546,Object_Name_206702,,0,0,1,117,True,0,0,2,0,True,False,30,60,180,3000.0,[],False,0,2,0,0,,,,[]
206703,1,0,30080000,999999,1,2546,Object_Name_206703,,0,0,1,117,True,0,0,2,0,True,False,30,60,180,3000.0,[],False,0,2,0,0,,,,[]
206704,1,0,18720004,999999,1,2503,Object_Name_206704,,0,0,1,117,True,0,0,2,0,True,False,0,60,180,3000.0,[],False,0,2,0,0,Cadáver do Cavaleiro,,,[]
206707,1,0,31013000,999999,1,2503,Object_Name_206707,,0,0,1,117,True,0,0,2,0,True,False,0,60,180,3000.0,[],False,0,2,0,0,Traços de Batalha do Cultista,,,[]
206708,1,0,30590001,999999,1,2546,Object_Name_206708,,0,0,1,117,True,0,0,2,0,True,False,0,60,180,3000.0,[],False,0,2,0,0,Transceptor de Cultista,,,[]
206791,1,0,30190002,999999,1,2500,Object_Name_206791,,0,0,1,117,True,0,0,2,0,True,False,30,60,180,3000.0,[],False,0,2,0,0,Relíquia,,,[]
206792,1,0,30570000,999999,1,2500,Object_Name_206792,,0,0,1,117,True,0,0,2,0,True,False,0,60,180,3000.0,[],False,0,0,0,0,Planta Carmesim,,,[]
206793,1,0,30190002,999999,1,2542,Object_Name_206791,,0,0,1,117,True,0,0,2,0,True,False,30,60,180,3000.0,[],False,0,2,0,0,Relíquia,,,[]
206794,1,0,30190002,999999,1,2542,Object_Name_206791,,0,0,1,117,True,0,0,2,0,True,False,30,60,180,3000.0,[],False,0,2,0,0,Relíquia,,,[]
206795,1,0,30310000,999999,1,2500,Object_Name_206795,,0,0,1,117,True,0,0,2,0,True,False,30,60,180,3000.0,[],False,0,2,0,0,Caixa de Darwin,,,[]
206801,1,0,30560000,999999,1,206801,Object_Name_206801,,0,0,1,117,True,0,0,2,0,True,False,30,60,180,3000.0,[],False,0,0,0,0,Epitáfio das Ruínas Danificadas,,,[]
206802,1,0,18620003,999999,1,2501,Object_Name_206802,,0,0,1,117,True,0,0,2,0,True,False,30,60,180,3000.0,[],False,0,0,0,0,Soldado Cora Ferido,,,[]
206803,1,0,18610002,999999,1,2501,Object_Name_206803,,0,0,1,117,True,0,0,2,0,True,False,30,60,180,3000.0,[],False,0,0,0,0,Soldado Cora Ferido,,,[]
206804,1,0,30080000,999999,1,206804,Object_Name_206804,,0,0,1,117,True,0,0,2,0,True,False,30,60,180,3000.0,[],False,0,2,0,0,Espalhar pó de Ash,,,[]
206871,1,0,30200000,999999,1,2551,Object_Name_206871,,0,0,1,117,True,0,0,2,0,True,False,30,60,180,3000.0,[],False,0,0,0,0,Dispositivo de Comunicação Bellato,,,[]
206881,1,0,30080000,999999,1,2011,Object_Name_206881,,0,0,1,117,True,0,0,2,0,True,False,30,60,180,3000.0,[],False,0,2,0,0,Amostra de Solo,,,[]
206891,1,0,31090000,999999,1,2011,Object_Name_206891,,0,0,1,117,True,0,0,2,0,True,False,0,60,180,3000.0,[],False,0,2,0,0,Cogumelo,,,[]
206892,1,0,31110000,999999,1,2011,Object_Name_206892,,0,0,1,117,True,0,0,2,0,True,False,0,60,180,3000.0,[],False,0,2,0,0,Cogumelo,,,[]
206893,1,0,31130000,999999,1,2011,Object_Name_206893,,0,0,1,117,True,0,0,2,0,True,False,0,60,180,3000.0,[],False,0,2,0,0,Cogumelo,,,[]
206894,1,0,30740001,999999,1,2011,Object_Name_206894,,0,0,1,117,True,0,0,2,0,True,False,30,60,180,3000.0,[],False,0,2,0,0,Osso,,,[]
206901,1,0,30780000,999999,1,206901,Object_Name_206901,,0,0,1,117,True,0,0,2,0,True,False,0,60,180,3000.0,[],False,0,0,0,0,Traços Estranhos,,,[]
206902,1,0,30140000,999999,1,206902,Object_Name_206902,,0,0,1,117,True,0,0,2,0,True,False,30,60,180,3000.0,[],False,0,0,0,0,Bagagem Abandonada,,,[]
206903,1,0,30170000,999999,1,2503,Object_Name_206903,,0,0,1,117,True,0,0,2,0,True,False,30,60,180,3000.0,[],False,0,0,0,0,Traços de um Exército,,,[]
206904,1,0,30130000,999999,1,206904,Object_Name_206904,,0,0,1,117,True,0,0,2,0,True,False,30,60,180,3000.0,[],False,0,0,0,0,Saco de Materiais,,,[]
206905,1,0,30950000,999999,1,206905,Object_Name_206905,,0,0,1,117,True,0,0,2,0,True,False,30,60,180,3000.0,[],False,0,0,0,0,Dispositivo de Lançamento de Drone,,,[]
206906,1,0,30080000,999999,1,206906,Object_Name_206906,,0,0,1,117,True,0,0,2,0,True,False,0,60,180,3000.0,[],False,0,2,0,0,Coletar Amostra do Pântano,,,[]
206907,1,0,30190002,999999,1,206907,Object_Name_206907,,0,0,1,117,True,0,0,2,0,True,False,30,60,180,3000.0,[],False,0,0,0,0,Invenção Roubada,,,[]
206908,1,0,31012000,999999,1,206908,Object_Name_206908,,0,0,1,117,True,0,0,2,0,True,False,30,60,180,3000.0,[],False,0,0,0,0,Scanner de Relíquias,,,[]
206909,1,0,30180000,999999,1,206909,Object_Name_206909,,0,0,1,117,True,0,0,2,0,True,False,30,60,180,3000.0,[],False,0,0,0,0,Contêiner de Combustível Sólido,,,[]
206910,1,0,30840000,999999,1,206910,Object_Name_206910,,0,0,1,117,True,0,0,2,0,True,False,30,60,180,3000.0,[],False,0,0,0,0,Analisador de Amostras,,,[]
206911,1,0,31190000,999999,1,206911,Object_Name_206911,,0,0,1,117,True,0,0,2,0,True,False,0,60,180,3000.0,[],False,0,0,0,0,Transmitir Coordenadas,,,[]
206912,1,0,30930000,999999,1,206912,Object_Name_206912,,0,0,1,117,True,0,0,2,0,True,False,30,60,180,3000.0,[],False,0,0,0,0,Núcleo Arcano Contaminado,,,[]
206991,1,0,30080000,999999,1,2528,Object_Name_206991,,0,0,1,117,True,0,0,2,0,True,False,30,60,180,3000.0,[],False,0,2,0,0,Enviar Dados de Investigação,,,[]
206994,1,0,30710000,999999,1,2000,Object_Name_206994,,0,0,1,117,True,0,0,2,0,True,False,30,60,180,3000.0,[],False,0,2,0,0,Memorando do Dr. Darwin,,,[]
207001,1,0,30590001,999999,1,2546,Object_Name_207001,,0,0,1,117,True,0,0,2,0,True,False,30,60,180,3000.0,[],False,0,2,0,0,Transceptor de Cultista,,,[]
207002,1,0,30590001,999999,1,2546,Object_Name_207002,,0,0,1,117,True,0,0,2,0,True,False,30,60,180,3000.0,[],False,0,2,0,0,Transceptor de Cultista,,,[]
207004,1,0,30140000,999999,1,2503,Object_Name_207004,,0,0,1,117,True,0,0,2,0,True,False,30,60,180,3000.0,[],False,0,2,0,0,Bagagem de Dellotino,,,[]
207081,1,0,30080000,999999,1,2517,Object_Name_207081,,0,0,1,117,True,0,0,2,0,True,False,0,60,180,3000.0,[],False,0,2,0,0,Ruínas,,,[]
207082,1,0,30080000,999999,1,207082,Object_Name_207082,,0,0,1,117,True,0,0,2,0,True,False,0,60,180,3000.0,[],False,0,2,0,0,Investigar Edifícios de Ruínas,,,[]
207091,1,0,30790000,999999,1,2011,Object_Name_207091,,0,0,1,117,True,0,0,2,0,True,False,0,60,180,3000.0,[],False,0,0,0,0,Erva Revitalizante,,,[]
207092,1,0,30080000,999999,1,2501,,,0,0,1,117,True,0,0,2,0,True,False,0,60,180,3000.0,[],False,0,2,0,0,,,,[]
207093,1,0,30720001,999999,1,207093,Object_Name_207093,,0,0,1,117,True,0,0,2,0,True,False,30,60,180,3000.0,[],False,0,0,0,0,Agente Morto,,,[]
207094,1,0,30480000,999999,1,207094,Object_Name_207094,,0,0,1,117,True,0,0,2,0,True,False,0,60,180,3000.0,[],False,0,0,0,0,Chip de Dados,,,[]
207095,1,0,30160000,999999,1,2029,Object_Name_207095,,0,0,1,117,True,0,0,2,0,True,False,30,60,180,3000.0,[],False,0,0,0,0,Comida de Emergência,,,[]
207096,1,0,18640003,999999,1,2515,Object_Name_207096,,0,0,1,117,True,0,0,2,0,True,False,30,60,180,3000.0,[],False,0,0,0,0,Peregrino Faminto,,,[]
207097,1,0,18620003,999999,1,2515,Object_Name_207097,,0,0,1,117,True,0,0,2,0,True,False,30,60,180,3000.0,[],False,0,0,0,0,Peregrino Faminto,,,[]
207098,1,0,30080000,999999,1,2003,Object_Name_207098,,0,0,1,117,True,0,0,2,0,True,False,0,60,180,3000.0,[],False,0,2,0,0,Site Estilhaçado,,,[]
207099,1,0,30080000,999999,1,2003,Object_Name_207098,,0,0,1,117,True,0,0,2,0,True,False,0,60,180,3000.0,[],False,0,2,0,0,Site Estilhaçado,,,[]
207101,1,0,30790010,999999,1,207101,Object_Name_207101,,0,0,1,117,True,0,0,2,0,True,False,0,60,180,3000.0,[],False,0,2,0,0,Folha de Cura,,,[]
207181,1,0,30710000,999999,1,207181,Object_Name_207181,,0,0,1,117,True,0,0,2,0,True,False,0,60,180,3000.0,[],False,0,2,0,0,Documento Suspeito,,,[]
207182,1,0,30170000,999999,1,207182,Object_Name_207182,,0,0,1,117,True,0,0,2,0,True,False,30,60,180,3000.0,[],False,0,0,0,0,Caixa de Dados,,,[]
207191,1,0,30180001,999999,1,207191,Object_Name_207191,,0,0,1,117,True,0,0,2,0,True,False,30,60,180,3000.0,[],False,0,0,0,0,Caixa de Saque,,,[]
207192,1,0,30390000,999999,1,207192,Object_Name_207192,,0,0,1,117,True,0,0,2,0,True,False,30,60,180,3000.0,[],False,0,0,0,0,Caixa de Armas Ilegais,,,[]
207193,1,0,30480000,999999,1,207193,Object_Name_207193,,0,0,1,117,True,0,0,2,0,True,False,0,60,180,3000.0,[],False,0,2,0,0,Transceptor do Agente Desaparecido,,,[]
207194,1,0,30970001,999999,1,207194,Object_Name_207194,,0,0,1,117,True,0,0,2,0,True,False,0,60,180,3000.0,[],False,0,0,0,0,Traços,,,[]
207195,1,0,30970001,999999,1,207195,Object_Name_207195,,0,0,1,117,True,0,0,2,0,True,False,0,60,180,3000.0,[],False,0,0,0,0,Traços,,,[]
207196,1,0,30080000,999999,1,207196,Object_Name_207196,,0,0,1,117,True,0,0,2,0,True,False,0,60,180,3000.0,[],False,0,2,0,0,Colocar Poema,,,[]
207197,1,0,30710000,999999,1,10002,Object_Name_207197,,0,0,1,117,True,0,0,2,0,True,False,0,60,180,3000.0,[],False,0,2,0,0,Nota Com um Poema,,,[]
207201,1,0,30410001,999999,1,207201,Object_Name_207201,,0,0,1,117,True,0,0,2,0,True,False,30,60,180,3000.0,[],False,0,2,0,0,Essência de Draco,,,[]
207202,1,0,31210000,999999,1,207202,Object_Name_207202,,0,0,1,117,True,0,0,2,0,True,False,30,60,180,3000.0,[],False,0,2,0,0,Cora Célula,,,[]
207203,1,0,31210000,999999,1,207203,Object_Name_207203,,0,0,1,117,True,0,0,2,0,True,False,30,60,180,3000.0,[],False,0,2,0,0,Cora Cell,,,[]
207204,1,0,31020000,999999,1,207204,Object_Name_207204,,0,0,1,117,True,0,0,2,0,True,False,30,60,180,3000.0,[],False,0,2,0,0,Sacerdote Exausto,,,[]
207205,1,0,31020001,999999,1,207205,Object_Name_207205,,0,0,1,117,True,0,0,2,0,True,False,30,60,180,3000.0,[],False,0,2,0,0,Sacerdote Exausto,,,[]
207206,1,0,31160000,999999,1,207206,Object_Name_207206,,0,0,1,117,True,0,0,2,0,True,False,0,60,180,3000.0,[],False,0,2,0,0,Pegadas de Octavia,,,[]
207221,1,0,31210000,999999,1,0,,,0,0,1,117,True,0,0,2,0,False,False,30,60,180,3000.0,[],False,0,2,0,0,,,,[]
207222,1,0,31210000,999999,1,0,,,0,0,1,117,True,0,0,2,0,False,False,30,60,180,3000.0,[],False,0,2,0,0,,,,[]
207223,1,0,30970000,999999,1,0,,,0,0,1,117,True,0,0,2,0,True,False,0,60,180,3000.0,[],False,0,2,0,0,,,,[]
207224,1,0,30970000,999999,1,0,,,0,0,1,117,True,0,0,2,0,True,False,0,60,180,3000.0,[],False,0,2,0,0,,,,[]
207281,1,0,30080000,999999,1,207281,Object_Name_207281,,0,0,1,117,True,0,0,2,0,True,False,0,60,180,3000.0,[],False,0,2,0,0,Medição de Sinal,,,[]
207282,1,0,30080000,999999,1,207282,Object_Name_207282,,0,0,1,117,True,0,0,2,0,True,False,0,60,180,3000.0,[],False,0,2,0,0,Medição de Sinal,,,[]
207283,1,0,30840000,999999,1,207283,Object_Name_207283,,0,0,1,117,True,0,0,2,0,True,False,30,60,180,3000.0,[],False,0,2,0,0,Embaralhador de Sinal,,,[]
207284,1,0,30840000,999999,1,207284,Object_Name_207284,,0,0,1,117,True,0,0,2,0,True,False,30,60,180,3000.0,[],False,0,2,0,0,Scrambler de Sinal,,,[]
207291,1,0,30080000,999999,1,207291,Object_Name_207291,,0,0,1,117,True,0,0,2,0,True,False,0,60,180,3000.0,[],False,0,2,0,0,Investigação das Ruínas,,,[]
207292,1,0,30080000,999999,1,207292,Object_Name_207292,,0,0,1,117,True,0,0,2,0,True,False,0,60,180,3000.0,[],False,0,2,0,0,Investigação de Ruínas,,,[]
207293,1,0,30590004,999999,1,207293,Object_Name_207293,,0,0,1,117,True,0,0,2,0,True,False,30,60,180,3000.0,[],False,0,2,0,0,Lista de Residentes,,,[]
207301,1,0,30690000,999999,1,2024,Object_Name_207301,,0,0,1,117,True,0,0,2,0,True,False,30,60,180,3000.0,[],False,0,2,0,0,Mineral da Mina de Ghent,,,[]
207302,1,0,30210001,999999,1,207302,Object_Name_207302,,0,0,1,117,True,0,0,2,0,True,False,0,60,180,3000.0,[],False,0,2,0,0,Gravador Danificado,,,[]
207303,1,0,30690000,999999,1,2024,Object_Name_207301,,0,0,1,117,True,0,0,2,0,True,False,30,60,180,3000.0,[],False,0,2,0,0,Mineral da Mina de Ghent,,,[]
207304,1,0,30690000,999999,1,2024,Object_Name_207301,,0,0,1,117,True,0,0,2,0,True,False,30,60,180,3000.0,[],False,0,2,0,0,Mineral da Mina de Ghent,,,[]
207391,1,0,30080000,999999,1,2546,Object_Name_207391,,0,0,1,117,True,0,0,2,0,True,False,0,60,180,3000.0,[],False,0,2,0,0,Entrada da Mina,,,[]
207392,1,0,30080000,999999,1,2514,Object_Name_207392,,0,0,1,117,True,0,0,2,0,True,False,0,60,180,3000.0,[],False,0,2,0,0,Esconderijo de Gangue,,,[]
207393,1,0,30080006,999999,1,2511,Object_Name_207393,,0,0,1,117,True,0,0,2,0,True,False,0,60,180,3000.0,[],False,0,2,0,0,Amostra de Solo da Mina de Ghent,,,[]
207401,1,0,30420000,999999,1,1579,Object_Name_207401,,0,0,1,117,True,0,0,2,0,True,False,0,60,180,3000.0,[],False,0,2,0,0,Vestígios de Relíquias Contaminadas,,,[]
207402,1,0,30570000,999999,1,1579,Object_Name_207402,,0,0,1,117,True,0,0,2,0,True,False,0,60,180,3000.0,[],False,0,0,0,0,Planta Contaminada,,,[]
207403,1,0,30410000,999999,1,1579,Object_Name_207403,,0,0,1,117,True,0,0,2,0,True,False,0,60,180,3000.0,[],False,0,0,0,0,Piscina Contaminada,,,[]
207404,1,0,30250000,999999,1,1579,Object_Name_207404,,0,0,1,117,True,0,0,2,0,True,False,30,60,180,3000.0,[],False,0,0,0,0,Carcaça Infectada,,,[]
207406,1,0,30420000,999999,1,1579,Object_Name_207401,,0,0,1,117,True,0,0,2,0,True,False,0,60,180,3000.0,[],False,0,2,0,0,Vestígios de Relíquias Contaminadas,,,[]
207407,1,0,30420000,999999,1,1579,Object_Name_207401,,0,0,1,117,True,0,0,2,0,True,False,0,60,180,3000.0,[],False,0,2,0,0,Vestígios de Relíquias Contaminadas,,,[]
207408,1,0,30950000,999999,1,207408,Object_Name_207408,,0,0,1,117,True,0,0,2,0,True,False,30,60,180,3000.0,[],False,0,2,0,0,Dispositivo de Lançamento de Drones,,,[]
207409,1,0,30950000,999999,1,207408,Object_Name_207408,,0,0,1,117,True,0,0,2,0,True,False,30,60,180,3000.0,[],False,0,2,0,0,Dispositivo de Lançamento de Drones,,,[]
207410,1,0,30120001,999999,1,207410,Object_Name_207409,,0,0,1,117,True,0,0,2,0,True,False,30,60,180,3000.0,[],False,0,2,0,0,Android Destruído,,,[]
207411,1,0,30120002,999999,1,207410,Object_Name_207409,,0,0,1,117,True,0,0,2,0,True,False,30,60,180,3000.0,[],False,0,2,0,0,Android Destruído,,,[]
207412,1,0,30120003,999999,1,207412,Object_Name_207409,,0,0,1,117,True,0,0,2,0,True,False,30,60,180,3000.0,[],False,0,2,0,0,Android Destruído,,,[]
207491,1,0,30740001,999999,1,2503,Object_Name_207491,,0,0,1,117,True,0,0,2,0,True,False,30,60,180,3000.0,[],False,0,2,0,0,Trilhas de Caça a Splinter,,,[]
207492,1,0,30740000,999999,1,2503,Object_Name_207492,,0,0,1,117,True,0,0,2,0,True,False,30,60,180,3000.0,[],False,0,2,0,0,Osso de Lagarto Galio Infectado,,,[]
207493,1,0,30730000,999999,1,2503,Object_Name_207493,,0,0,1,117,True,0,0,2,0,True,False,30,60,180,3000.0,[],False,0,2,0,0,Osso de Larva Galio Infectado,,,[]
207494,1,0,30080000,999999,1,2503,Object_Name_207494,,0,0,1,117,True,0,0,2,0,True,False,0,60,180,3000.0,[],False,0,2,0,0,Área Infectada,,,[]
207495,1,0,30390000,999999,1,1584,Object_Name_207495,,0,0,1,117,True,0,0,2,0,True,False,30,60,180,3000.0,[],False,0,2,0,0,Cápsula de Infecção,,,[]
207501,1,0,30800000,999999,1,2546,Object_Name_207501,,0,0,1,117,True,0,0,2,0,True,False,30,60,180,3000.0,[],False,0,0,0,0,Ventilação de Gás de Enxofre,,,[]
207502,1,0,30620000,999999,1,2545,Object_Name_207502,,0,0,1,117,True,0,0,2,0,True,False,30,60,180,3000.0,[],False,0,0,0,0,Refinador de Gás,,,[]
207503,1,0,30270000,999999,1,2546,Object_Name_207503,,0,0,1,117,True,0,0,2,0,True,False,30,60,180,3000.0,[],False,0,0,0,0,Drone com Mau Funcionamento,,,[]
207504,1,0,30200000,999999,1,2540,Object_Name_207504,,0,0,1,117,True,0,0,2,0,True,False,30,60,180,3000.0,[],False,0,0,0,0,Unidade de Potência da Bomba de Pressão,,,[]
207591,1,0,30740001,999999,1,2503,Object_Name_207591,,0,0,1,117,True,0,0,2,0,True,False,30,60,180,3000.0,[],False,0,2,0,0,Traços de Humbaba,,,[]
207592,1,0,30740000,999999,1,2503,Object_Name_207592,,0,0,1,117,True,0,0,2,0,True,False,30,60,180,3000.0,[],False,0,2,0,0,Traços de Belphegor,,,[]
207593,1,0,30730000,999999,1,2503,Object_Name_207593,,0,0,1,117,True,0,0,2,0,True,False,30,60,180,3000.0,[],False,0,2,0,0,Traços de Belphegor,,,[]
207594,1,0,30800000,999999,1,2508,Object_Name_207594,,0,0,1,117,True,0,0,2,0,True,False,0,60,180,3000.0,[],False,0,2,0,0,Cratera,,,[]
207595,1,0,30390000,999999,1,2029,Object_Name_207595,,0,0,1,117,True,0,0,2,0,True,False,30,60,180,3000.0,[],False,0,2,0,0,Suprimentos Roubados,,,[]
207596,1,0,30080000,999999,1,2546,Object_Name_207596,,0,0,1,117,True,0,0,2,0,True,False,0,60,180,3000.0,[],False,0,2,0,0,Ponto de Instalação do Lançador,,,[]
207597,1,0,30080000,999999,1,2546,Object_Name_207597,,0,0,1,117,True,0,0,2,0,True,False,0,60,180,3000.0,[],False,0,2,0,0,Ponto de Instalação do Lançador,,,[]
207604,1,0,30050000,999999,1,207604,Object_Name_207604,,0,0,1,117,True,0,0,2,0,True,False,30,60,180,3000.0,[],False,0,0,0,0,Console de Operação do Robô de Agricultura,,,[]
207605,1,0,30950000,999999,1,207605,Object_Name_207605,,0,0,1,117,True,0,0,2,0,True,False,30,60,180,3000.0,[],False,0,0,0,0,Instalar Drone Pulverizador de Pesticidas,,,[]
207606,1,0,30410000,999999,1,207606,Object_Name_207606,,0,0,1,117,True,0,0,2,0,True,False,30,60,180,3000.0,[],False,0,0,0,0,Vestígios de Contaminação,,,[]
207607,1,0,30410000,999999,1,207607,Object_Name_207607,,0,0,1,117,True,0,0,2,0,True,False,30,60,180,3000.0,[],False,0,0,0,0,Vestígios de Contaminação,,,[]
207608,1,0,30410000,999999,1,207608,Object_Name_207608,,0,0,1,117,True,0,0,2,0,True,False,30,60,180,3000.0,[],False,0,0,0,0,Vestígios de Contaminação,,,[]
207695,1,0,30270000,999999,1,207695,Object_Name_207695,,0,0,1,117,True,0,0,2,0,True,False,30,60,180,3000.0,[],False,0,2,0,0,Drone Destruído,,,[]
207696,1,0,30080000,999999,1,207696,Object_Name_207696,,0,0,1,117,True,0,0,2,0,True,False,30,60,180,3000.0,[],False,0,2,0,0,Enviar Dados,,,[]
207697,1,0,30140000,999999,1,207697,Object_Name_207697,,0,0,1,117,True,0,0,2,0,True,False,30,60,180,3000.0,[],False,0,2,0,0,Dados de Pesquisa Perdidos,,,[]
207698,1,0,30200000,999999,1,207698,Object_Name_207698,,0,0,1,117,True,0,0,2,0,True,False,30,60,180,3000.0,[],False,0,0,0,0,Console de Pesquisa,,,[]
207701,1,0,30790010,999999,1,2011,Object_Name_207701,,0,0,1,117,True,0,0,2,0,True,False,0,60,180,3000.0,[],False,0,2,0,0,Grande Templo Calmweed,,,[]
207702,1,0,31190000,999999,1,207702,Object_Name_207702,,0,0,1,117,True,0,0,2,0,True,False,0,60,180,3000.0,[],False,0,2,0,0,Ponto de Instalação de Flare,,,[]
207771,1,0,30080000,999999,1,2546,Object_Name_207771,,0,0,1,117,True,0,0,2,0,True,False,0,60,180,3000.0,[],False,0,2,0,0,Ponto de Partida do Caminho da Água,,,[]
207772,1,0,30080000,999999,1,2546,Object_Name_207772,,0,0,1,117,True,0,0,2,0,True,False,0,60,180,3000.0,[],False,0,2,0,0,Centro da Praça do Grande Templo,,,[]
207773,1,0,30080000,999999,1,2546,Object_Name_207773,,0,0,1,117,True,0,0,2,0,True,False,0,60,180,3000.0,[],False,0,2,0,0,Ponte do Portão Frontal,,,[]
207774,1,0,30390000,999999,1,2006,Object_Name_207774,,0,0,1,117,True,0,0,2,0,True,False,30,60,180,3000.0,[],False,0,2,0,0,Suprimentos Bellato,,,[]
207775,1,0,18730003,999999,1,2501,Object_Name_207775,,0,0,1,117,True,0,0,2,0,True,False,30,60,180,3000.0,[],False,0,2,0,0,Civilian Ferido,,,[]
207776,1,0,18740005,999999,1,2501,Object_Name_207776,,0,0,1,117,True,0,0,2,0,True,False,30,60,180,3000.0,[],False,0,2,0,0,Civilian Ferido,,,[]
207791,1,0,30080000,999999,1,2515,,,0,0,1,117,True,0,0,2,0,True,False,0,60,180,3000.0,[],False,0,2,0,0,,,,[]
207792,1,0,30970000,999999,1,2011,Object_Name_207792,,0,0,1,117,True,0,0,2,0,True,False,0,60,180,3000.0,[],False,0,2,0,0,Anel de Argyle,,,[]
207801,1,0,30120000,999999,1,2546,Object_Name_207801,,0,0,1,117,True,0,0,2,0,True,False,30,60,180,3000.0,[],False,0,0,0,0,Android Quebrado,,,[]
207802,1,0,30890000,999999,1,207802,Object_Name_207802,,0,0,1,117,True,0,0,2,0,True,False,30,60,180,3000.0,[],False,0,0,0,0,Torre de Rádio,,,[]
207803,1,0,30890000,999999,1,207803,Object_Name_207803,,0,0,1,117,True,0,0,2,0,True,False,30,60,180,3000.0,[],False,0,0,0,0,Torre de Rádio,,,[]
207804,1,0,30890000,999999,1,207804,Object_Name_207804,,0,0,1,117,True,0,0,2,0,True,False,30,60,180,3000.0,[],False,0,0,0,0,Torre de Rádio,,,[]
207805,1,0,30290000,999999,1,0,,,0,0,1,117,True,0,0,2,0,True,False,30,60,180,3000.0,[],False,0,0,0,0,,,,[]
207806,1,0,30120000,999999,1,2502,Object_Name_207806,,0,0,1,117,True,0,0,2,0,True,False,30,60,180,3000.0,[],False,0,0,0,0,Android Quebrado,,,[]
207807,1,0,30280000,999999,1,207807,Object_Name_207807,,0,0,1,117,True,0,0,2,0,True,False,30,60,180,3000.0,[],False,0,0,0,0,Unidade de Relé de Energia Portátil,,,[]
207808,1,0,30280000,999999,1,207808,Object_Name_207808,,0,0,1,117,True,0,0,2,0,True,False,30,60,180,3000.0,[],False,0,0,0,0,Unidade de Relé de Energia Portátil,,,[]
207809,1,0,30280000,999999,1,207809,Object_Name_207809,,0,0,1,117,True,0,0,2,0,True,False,30,60,180,3000.0,[],False,0,0,0,0,Unidade de Relé de Energia Portátil,,,[]
207810,1,0,30960000,999999,1,2551,Object_Name_207810,,0,0,1,117,True,0,0,2,0,True,False,30,60,180,3000.0,[],False,0,0,0,0,Console Overmind,,,[]
207811,1,0,31160000,999999,1,2503,Object_Name_207811,,0,0,1,117,True,0,0,2,0,True,False,0,60,180,3000.0,[],False,0,2,0,0,Pegadas Suspeitas,,,[]
207812,1,0,30410001,999999,1,2011,Object_Name_207812,,0,0,1,117,True,0,0,2,0,True,False,0,60,180,3000.0,[],False,0,0,0,0,Piscina de Reprodução de Minhocas de Areia,,,[]
207813,1,0,30960000,999999,1,2553,Object_Name_207813,,0,0,1,117,True,0,0,2,0,True,False,30,60,180,3000.0,[],False,0,0,0,0,Console do Corretor de Informações,,,[]
207814,1,0,30780000,999999,1,2503,Object_Name_207814,,0,0,1,117,True,0,0,2,0,True,False,0,60,180,3000.0,[],False,0,2,0,0,Mancha de Sangue Suspeita,,,[]
207901,1,0,30960000,0,1,207901,Object_Name_207901,,0,0,1,117,True,0,0,2,0,True,False,40,50,200,3000.0,[],False,0,0,0,0,Console de Dados Biométricos,,,[]
207902,1,0,30080000,0,1,207902,Object_Name_207902,,0,0,1,117,True,0,0,2,0,True,False,40,50,200,3000.0,[],False,0,0,0,0,Amostra de Solo,,,[]
207903,1,0,30820000,0,1,207903,Object_Name_207903,,0,0,1,117,True,0,0,2,0,True,False,40,50,200,3000.0,[],False,0,0,0,0,Dispositivo de Monitoramento da Vida Selvagem,,,[]
207904,1,0,30690000,0,1,207904,Object_Name_207904,,0,0,1,117,True,0,0,2,0,True,False,40,50,200,3000.0,[],False,0,0,0,0,Pedra Sagrada Desbotada,,,[]
207905,1,0,31060000,0,1,207905,Object_Name_207905,,0,0,1,117,True,0,0,2,0,True,False,40,50,200,3000.0,[],False,0,0,0,0,Cadáver de Fezal,,,[]
207906,1,0,31060000,0,1,207906,Object_Name_207906,,0,0,1,117,True,0,0,2,0,True,False,40,50,200,3000.0,[],False,0,0,0,0,Cadáver de Fezal,,,[]
207907,1,0,31070000,0,1,207907,Object_Name_207907,,0,0,1,117,True,0,0,2,0,True,False,40,50,200,3000.0,[],False,0,0,0,0,Cadáver de Klon do Deserto,,,[]
207908,1,0,30820000,0,1,207908,Object_Name_207908,,0,0,1,117,True,0,0,2,0,True,False,40,50,200,3000.0,[],False,0,0,0,0,Dispositivo de Monitoramento da Vida Selvagem,,,[]
207909,1,0,30960000,0,1,207909,Object_Name_207909,,0,0,1,117,True,0,0,2,0,True,False,40,50,200,3000.0,[],False,0,0,0,0,Analisador de Amostras,,,[]
207910,1,0,31120000,0,1,207910,Object_Name_207910,,0,0,1,117,True,0,0,2,0,True,False,40,50,200,3000.0,[],False,0,0,0,0,Cogumelo Geneticamente Modificado,,,[]
207911,1,0,30270000,0,1,207911,Object_Name_207911,,0,0,1,117,True,0,0,2,0,True,False,40,50,200,3000.0,[],False,0,0,0,0,Drone com Mau Funcionamento,,,[]
207981,1,0,30200000,0,1,207981,Object_Name_207981,,0,0,1,117,True,0,0,2,0,True,False,40,50,200,3000.0,[],False,0,0,0,0,Dispositivo de Registro de Dados,,,[]
207982,1,0,30080000,0,1,207982,Object_Name_207982,,0,0,1,117,True,0,0,2,0,True,False,40,50,200,3000.0,[],False,0,2,0,0,Dispositivo de Vigilância,,,[]
207983,1,0,30820002,0,1,207983,Object_Name_207983,,0,0,1,117,True,0,0,2,0,True,False,40,50,200,3000.0,[],False,0,0,0,0,Dispositivo de Vigilância,,,[]
207984,1,0,30830001,0,1,207984,Object_Name_207984,,0,0,1,117,True,0,0,2,0,True,False,40,50,200,3000.0,[],False,0,0,0,0,Console de Comunicação,,,[]
207985,1,0,30820000,0,1,207985,Object_Name_207985,,0,0,1,117,True,0,0,2,0,True,False,40,50,200,3000.0,[],False,0,0,0,0,Dispositivo de Monitoramento de Vida Selvagem,,,[]
207986,1,0,30200000,0,1,207986,Object_Name_207986,,0,0,1,117,True,0,0,2,0,True,False,40,50,200,3000.0,[],False,0,0,0,0,Console de Entrada,,,[]
207987,1,0,30200000,0,1,207987,Object_Name_207987,,0,0,1,117,True,0,0,2,0,True,False,40,50,200,3000.0,[],False,0,0,0,0,Console de Entrada,,,[]
207988,1,0,30840001,0,1,207988,Object_Name_207988,,0,0,1,117,True,0,0,2,0,True,False,40,50,200,3000.0,[],False,0,0,0,0,Console de Comunicação,,,[]
207989,1,0,30070000,0,1,207989,Object_Name_207989,,0,0,1,117,True,0,0,2,0,True,False,40,50,200,3000.0,[],False,0,0,0,0,Cadáver Predo,,,[]
207990,1,0,30200000,0,1,207990,Object_Name_207990,,0,0,1,117,True,0,0,2,0,True,False,40,50,200,3000.0,[],False,0,0,0,0,Dispositivo de Registro de Dados,,,[]
207991,1,0,30820001,0,1,207991,Object_Name_207991,,0,0,1,117,True,0,0,2,0,True,False,40,50,200,3000.0,[],False,0,0,0,0,Dispositivo de Vigilância,,,[]
207992,1,0,30820002,0,1,207992,Object_Name_207992,,0,0,1,117,True,0,0,2,0,True,False,40,50,200,3000.0,[],False,0,0,0,0,Dispositivo de Vigilância,,,[]
208101,1,0,30150000,999999,1,208101,Object_Name_208101,,0,0,1,117,True,0,0,2,0,True,False,30,60,180,3000.0,[],False,0,0,0,0,Esconderijo Secreto do Contrabandista,,,[]
208102,1,0,30710000,999999,1,1579,Object_Name_208102,,0,0,1,117,True,0,0,2,0,True,False,0,60,180,3000.0,[],False,0,0,0,0,Traços da Expedição,,,[]
208104,1,0,30180000,999999,1,208104,Object_Name_208104,,0,0,1,117,True,0,0,2,0,True,False,30,60,180,3000.0,[],False,0,0,0,0,Cofre de Segurança,,,[]
208105,1,0,30200000,999999,1,1587,Object_Name_208105,,0,0,1,117,True,0,0,2,0,True,False,30,60,180,3000.0,[],False,0,0,0,0,Terminal de Poço,,,[]
208201,5,0,30200000,999999,1,2539,Object_Name_208201,,0,0,1,117,True,0,0,2,0,True,False,30,60,180,3000.0,[],False,0,2,0,0,Console de Rastreamento de Aluguel de Equipamento,,,[]
208206,5,0,30420001,999999,1,2000,Object_Name_208206,,0,0,1,117,True,0,0,2,0,True,False,0,60,180,3000.0,[],False,0,2,0,0,Sinal Fraco de Relíquia,,,[]
208207,5,0,30420001,999999,1,2000,Object_Name_208207,,0,0,1,117,True,0,0,2,0,True,False,0,60,180,3000.0,[],False,0,2,0,0,Sinal Fraco de Relíquia,,,[]
208208,5,0,30740002,999999,1,2503,Object_Name_208208,,0,0,1,117,True,0,0,2,0,True,False,30,60,180,3000.0,[],False,0,2,0,0,Osso Não Identificado,,,[]
208209,5,0,30170000,999999,1,2514,Object_Name_208209,,0,0,1,117,True,0,0,2,0,True,False,30,60,180,3000.0,[],False,0,2,0,0,Caixa de Ferramentas de Escavação,,,[]
208210,5,0,30390000,999999,1,2537,Object_Name_208210,,0,0,1,117,True,0,0,2,0,True,False,30,60,180,3000.0,[],False,0,2,0,0,Kit de Reparação Oculto,,,[]
208211,5,0,30420000,999999,1,2003,Object_Name_208211,,0,0,1,117,True,0,0,2,0,True,False,0,60,180,3000.0,[],False,0,2,0,0,Sinal Forte de Relíquia,,,[]
208212,5,0,30740002,999999,1,208212,Object_Name_208212,,0,0,1,117,True,0,0,2,0,True,False,30,60,180,3000.0,[],False,0,2,0,0,Osso Gigante Não Identificado,,,[]
208213,5,0,30150000,999999,1,2514,,,0,0,1,0,False,0,0,2,0,True,False,30,60,180,3000.0,[],False,0,2,0,0,,,,[]
208214,5,0,30170000,999999,1,2514,,,0,0,1,0,False,0,0,2,0,True,False,30,60,180,3000.0,[],False,0,2,0,0,,,,[]
208301,1,0,30390000,999999,1,1580,Object_Name_208301,,0,0,1,117,True,0,0,2,0,True,False,30,60,180,3000.0,[],False,0,0,0,0,Caixa de Suprimentos Bellato,,,[]
208302,1,0,18750010,999999,1,1583,Object_Name_208302,,0,0,1,117,True,0,0,2,0,True,False,30,60,180,3000.0,[],False,0,0,0,0,Soldado Bellato Caído,,,[]
208303,1,0,18750010,999999,1,1583,Object_Name_208302,,0,0,1,117,True,0,0,2,0,True,False,30,60,180,3000.0,[],False,0,0,0,0,Soldado Bellato Caído,,,[]
208304,1,0,30170000,999999,1,2503,Object_Name_208304,,0,0,1,117,True,0,0,2,0,True,False,30,60,180,3000.0,[],False,0,0,0,0,,,,[]
208305,1,0,30170000,999999,1,2503,Object_Name_208304,,0,0,1,117,True,0,0,2,0,True,False,30,60,180,3000.0,[],False,0,0,0,0,,,,[]
208306,1,0,30190000,999999,1,1583,Object_Name_208306,,0,0,1,117,True,0,0,2,0,True,False,30,60,180,3000.0,[],False,0,0,0,0,Caixa de Valores,,,[]
208308,1,0,30510000,999999,1,208308,Object_Name_208308,,0,0,1,117,True,0,0,2,0,True,False,30,60,180,3000.0,[],False,0,0,0,0,,,,[]
208309,1,0,30950000,999999,1,208309,Object_Name_208309,,0,0,1,117,True,0,0,2,0,True,False,30,60,180,3000.0,[],False,0,0,0,0,Instalação de Drone de Patrulha,,,[]
208310,1,0,30080000,999999,1,208310,Object_Name_208310,,0,0,1,117,True,0,0,2,0,True,False,30,60,180,3000.0,[],False,0,0,0,0,,,,[]
208311,1,0,30150000,999999,1,208311,Object_Name_208311,,0,0,1,117,True,0,0,2,0,True,False,30,60,180,3000.0,[],False,0,0,0,0,,,,[]
208401,1,0,30540000,999999,1,208502,Object_Name_208401,,0,0,1,117,True,0,0,2,0,True,False,30,60,180,3000.0,[],False,0,0,0,0,Escravo,,,[]
208405,1,0,30620001,999999,1,208405,Object_Name_208405,,0,0,1,117,True,0,0,2,0,True,False,30,60,180,3000.0,[],False,0,0,0,0,Dispositivo de Comunicação,,,[]
208406,1,0,30620002,999999,1,208406,Object_Name_208406,,0,0,1,117,True,0,0,2,0,True,False,30,60,180,3000.0,[],False,0,0,0,0,Dispositivo de Comunicação,,,[]
208407,1,0,31220000,999999,1,208407,Object_Name_208407,,0,0,1,117,True,0,0,2,0,True,False,30,60,180,3000.0,[],False,0,0,0,0,Portuário Lydian Danificado,,,[]
208408,1,0,31220000,999999,1,208408,Object_Name_208408,,0,0,1,117,True,0,0,2,0,True,False,30,60,180,3000.0,[],False,0,0,0,0,Portuário Lydian Danificado,,,[]
208409,1,0,31220000,999999,1,208409,Object_Name_208409,,0,0,1,117,True,0,0,2,0,True,False,30,60,180,3000.0,[],False,0,0,0,0,Portuário Lydian Danificado,,,[]
208410,1,0,30280000,999999,1,208410,Object_Name_208410,,0,0,1,117,True,0,0,2,0,True,False,30,60,180,3000.0,[],False,0,0,0,0,Antena,,,[]
208502,1,0,30542000,999999,1,208502,Object_Name_208502,,0,0,1,117,True,0,0,2,0,True,False,30,60,180,3000.0,[],False,0,0,0,0,Civil Bellato,,,[]
208503,1,0,30170000,999999,1,208503,Object_Name_208503,,0,0,1,117,True,0,0,2,0,True,False,30,60,180,3000.0,[],False,0,0,0,0,Caixa de Equipamento Karon,,,[]
208504,1,0,30170000,999999,1,208504,Object_Name_208504,,0,0,1,117,True,0,0,2,0,True,False,30,60,180,3000.0,[],False,0,0,0,0,Caixa de Equipamento Karon,,,[]
208505,1,0,30140000,999999,1,208505,Object_Name_208505,,0,0,1,117,True,0,0,2,0,True,False,30,60,180,3000.0,[],False,0,0,0,0,Bagagem de Pessoa Desaparecida,,,[]
208506,1,0,30480000,999999,1,208506,Object_Name_208506,,0,0,1,117,True,0,0,2,0,True,False,0,60,180,3000.0,[],False,0,0,0,0,Transceptor de Pessoa Desaparecida,,,[]
208507,1,0,30760000,999999,1,208507,Object_Name_208507,,0,0,1,117,True,0,0,2,0,True,False,30,60,180,3000.0,[],False,0,0,0,0,Kit de Primeiros Socorros para Pessoa Desaparecida,,,[]
208508,1,0,30290000,999999,1,208508,Object_Name_208508,,0,0,1,117,True,0,0,2,0,True,False,30,60,180,3000.0,[],False,0,0,0,0,Antena de Comunicação,,,[]
208509,1,0,30290000,999999,1,208509,Object_Name_208508,,0,0,1,117,True,0,0,2,0,True,False,30,60,180,3000.0,[],False,0,0,0,0,Antena de Comunicação,,,[]
208510,1,0,30280000,999999,1,208510,Object_Name_208510,,0,0,1,117,True,0,0,2,0,True,False,30,60,180,3000.0,[],False,0,0,0,0,Dispositivo de Comunicação,,,[]
208511,1,0,30280000,999999,1,208511,Object_Name_208510,,0,0,1,117,True,0,0,2,0,True,False,30,60,180,3000.0,[],False,0,0,0,0,Dispositivo de Comunicação,,,[]
208512,1,0,30870001,999999,1,208512,Object_Name_208512,,0,0,1,117,True,0,0,2,0,True,False,30,60,180,3000.0,[],False,0,0,0,0,Pessoa Desaparecida Falecida,,,[]
208513,1,0,30980000,999999,1,208513,,,0,0,1,117,True,0,0,2,0,True,False,30,60,180,3000.0,[],False,0,1,0,0,,,,[]
208591,1,0,30080000,999999,1,208591,Object_Name_208591,,0,0,1,117,True,0,0,2,0,True,False,30,60,180,3000.0,[],False,0,2,0,0,Enviar Dados,,,[]
208601,1,0,30390000,999999,1,2561,Object_Name_208601,,0,0,1,117,True,0,0,2,0,True,False,30,60,180,3000.0,[],False,0,0,0,0,Suprimentos,,,[]
208602,1,0,30960000,999999,1,2549,Object_Name_208602,,0,0,1,117,True,0,0,2,0,True,False,30,60,180,3000.0,[],False,0,0,0,0,Console de Controle de Vigilância,,,[]
208603,56,0,30150000,999999,1,2558,Object_Name_208603,,0,0,1,117,True,0,0,2,0,True,False,30,60,180,3000.0,[],False,0,0,0,0,Carga dos Bandidos,,,[]
208604,56,0,30120002,999999,1,1583,Object_Name_208604,,0,0,1,117,True,0,0,2,0,True,False,30,60,180,3000.0,[],False,0,2,0,0,Android de Segurança Caído,,,[]
208605,56,0,30120003,999999,1,1583,Object_Name_208605,,0,0,1,117,True,0,0,2,0,True,False,30,60,180,3000.0,[],False,0,2,0,0,Android de Segurança Caído,,,[]
208606,56,0,30180002,999999,1,205361,Object_Name_208606,,0,0,1,117,True,0,0,2,0,True,False,30,60,180,3000.0,[],False,0,0,0,0,Caixa do Contrabandista,,,[]
208607,56,0,30260000,999999,1,2542,Object_Name_208607,,0,0,1,117,True,0,0,2,0,True,False,30,60,180,3000.0,[],False,0,2,0,0,Lixo,,,[]
208608,56,0,30260000,999999,1,2500,Object_Name_208608,,0,0,1,117,True,0,0,2,0,True,False,30,60,180,3000.0,[],False,0,2,0,0,Lixo Brilhando Levemente,,,[]
208701,1,0,30770000,999999,1,208701,Object_Name_208701,,0,0,1,117,True,0,0,2,0,True,False,0,60,180,3000.0,[],False,0,2,0,0,Traços de Denel,,,[]
208702,1,0,30150000,999999,1,208702,Object_Name_208702,,0,0,1,117,True,0,0,2,0,True,False,30,60,180,3000.0,[],False,0,0,0,0,Caixa de Ferramentas Perdida de Denel,,,[]
208703,1,0,30770000,999999,1,208703,Object_Name_208703,,0,0,1,117,True,0,0,2,0,True,False,0,60,180,3000.0,[],False,0,2,0,0,Traços de Denel,,,[]
208705,1,0,30080000,999999,1,208705,Object_Name_208705,,0,0,1,117,True,0,0,2,0,True,False,0,60,180,3000.0,[],False,0,2,0,0,Estátua Decem,,,[]
208706,1,0,30080000,999999,1,208706,Object_Name_208706,,0,0,1,117,True,0,0,2,0,True,False,0,60,180,3000.0,[],False,0,2,0,0,Estátua Decem,,,[]
208707,1,0,30310000,999999,1,208707,Object_Name_208707,,0,0,1,117,True,0,0,2,0,True,False,30,60,180,3000.0,[],False,0,0,0,0,Bagagem dos Viajantes,,,[]
208708,1,0,30310000,999999,1,208708,Object_Name_208708,,0,0,1,117,True,0,0,2,0,True,False,30,60,180,3000.0,[],False,0,0,0,0,Suprimentos do Jardim dos Deuses,,,[]
208709,1,0,31160000,999999,1,208709,Object_Name_208709,,0,0,1,117,True,0,0,2,0,True,False,0,60,180,3000.0,[],False,0,2,0,0,Marcas de Fuga,,,[]
208710,1,0,30310000,999999,1,208707,Object_Name_208707,,0,0,1,117,True,0,0,2,0,True,False,30,60,180,3000.0,[],False,0,0,0,0,Bagagem dos Viajantes,,,[]
208711,1,0,30310000,999999,1,208707,Object_Name_208707,,0,0,1,117,True,0,0,2,0,True,False,30,60,180,3000.0,[],False,0,0,0,0,Bagagem dos Viajantes,,,[]
208791,1,0,30270000,999999,1,208791,Object_Name_208791,,0,0,1,117,True,0,0,2,0,True,False,30,60,180,3000.0,[],False,0,0,0,0,Drone de Transporte Destruído,,,[]
208792,1,0,30180000,999999,1,208792,Object_Name_208792,,0,0,1,117,True,0,0,2,0,True,False,30,60,180,3000.0,[],False,0,0,0,0,Caixa Perdida,,,[]
208801,13,0,30370000,999999,1,208801,Object_Name_208801,,0,0,1,117,True,0,0,2,0,True,False,30,60,180,3000.0,[],False,0,2,0,0,Célula,,,[]
208802,13,0,30370000,999999,1,208802,Object_Name_208802,,0,0,1,117,True,0,0,2,0,True,False,30,60,180,3000.0,[],False,0,2,0,0,Célula,,,[]
208803,13,0,30200000,999999,1,208802,Object_Name_208802,,0,0,1,117,True,0,0,2,0,False,False,30,60,180,3000.0,[],False,221902,1,0,0,Célula,,,[]
210201,5,0,30960000,0,1,210201,Object_Name_210201,,0,0,1,117,True,0,0,2,0,True,False,40,50,200,3000.0,[],False,0,0,0,0,Console de Geolocalização,,,[]
210501,1,0,30120006,999999,1,210501,Object_Name_210501,,0,0,1,117,True,0,0,2,0,True,False,40,50,200,3000.0,[],False,0,0,0,0,Android com Mau Funcionamento,,,[]
210502,1,0,30120003,999999,1,210502,Object_Name_210502,,0,0,1,117,True,0,0,2,0,True,False,30,60,180,3000.0,[],False,0,0,0,0,Android Destruído,,,[]
210701,1,0,30050000,999999,1,2553,Object_Name_210701,,0,0,1,117,False,0,0,2,0,True,False,30,60,180,3000.0,[],False,0,2,0,0,Analisador de Dados,,,[]
210801,5,0,30620000,999999,1,2543,Object_Name_210801,,0,0,1,117,True,0,0,2,0,True,False,30,60,180,3000.0,[],False,0,2,0,0,Terminal de Dados de Pesquisa,,,[]
210802,5,0,30080000,999999,1,1575,,,0,0,1,117,True,0,0,2,0,True,False,30,60,180,3000.0,[],False,0,2,0,0,,,,[]
211001,5,0,30430000,999999,1,2523,Object_Name_211001,,0,0,1,117,True,0,0,2,0,True,False,30,60,180,3000.0,[],False,0,2,0,0,Console de Rastreamento de Tráfego,,,[]
211002,5,0,30200000,999999,1,2523,Object_Name_211002,,0,0,1,117,True,0,0,2,0,True,False,30,60,180,3000.0,[],False,0,2,0,0,Console de Rastreamento de Tráfego,,,[]
211003,5,0,30200000,999999,1,2514,Object_Name_211003,,0,0,1,117,True,0,0,2,0,True,False,30,60,180,3000.0,[],False,0,2,0,0,Console de Verificação de Inventário,,,[]
211004,5,0,30080000,999999,1,2014,,,0,0,1,117,True,0,0,2,0,True,False,0,60,180,3000.0,[],False,0,2,0,0,,,,[]
211005,5,0,30270000,999999,1,2541,Object_Name_211005,,0,0,1,117,True,0,0,2,0,True,False,30,60,180,3000.0,[],False,0,2,0,0,Drone de Patrulha Danificado,,,[]
211006,5,0,30270000,999999,1,2541,Object_Name_211006,,0,0,1,117,True,0,0,2,0,True,False,30,60,180,3000.0,[],False,0,2,0,0,Drone de Patrulha Danificado,,,[]
211007,5,0,30390000,999999,1,2520,Object_Name_211007,,0,0,1,117,True,0,0,2,0,True,False,30,60,180,3000.0,[],False,0,2,0,0,Caixa de Componentes,,,[]
211101,14,0,30050000,999999,1,2514,Object_Name_211101,,0,0,1,117,True,0,0,2,0,True,False,30,60,180,3000.0,[],False,0,2,0,0,Console de Portão,,,[]
211102,14,0,30600001,999999,1,2514,Object_Name_211102,,0,0,1,117,True,0,0,2,0,True,False,30,60,180,3000.0,[],False,0,2,0,0,Reservatório de Água Potável,,,[]
211103,14,0,30150000,999999,1,2500,Object_Name_211103,,0,0,1,117,True,0,0,2,0,True,False,30,60,180,3000.0,[],False,0,2,0,0,Caixa de Comida,,,[]
211104,14,0,30050000,999999,1,2540,Object_Name_211104,,0,0,1,117,True,0,0,2,0,True,False,30,60,180,3000.0,[],False,0,2,0,0,Console de Transceptor,,,[]
211105,14,0,30150000,999999,1,2500,Object_Name_211103,,0,0,1,117,True,0,0,2,0,False,False,30,60,180,3000.0,[],False,0,1,0,0,Caixa de Comida,,,[]
211801,14,0,30680000,999999,1,10010,Object_Name_211801,,0,0,1,117,True,0,0,2,0,True,False,30,60,180,3000.0,[],False,0,2,0,0,Eco Abissal,,,[]
212201,14,0,30680000,999999,1,10010,Object_Name_212201,,0,0,1,117,True,0,0,2,0,True,False,30,60,180,3000.0,[],False,0,2,0,0,Eco Abissal,,,[]
212301,1,0,30200000,999999,1,2534,Object_Name_212301,,0,0,1,117,True,0,0,2,0,True,False,30,60,180,3000.0,[],False,0,2,0,0,Transceptor,,,[]
212302,1,0,30280000,999999,1,2545,Object_Name_212302,,0,0,1,117,True,0,0,2,0,True,False,30,60,180,3000.0,[],False,0,2,0,0,Antena de Comunicação,,,[]
212303,1,0,30890000,999999,1,2526,Object_Name_212303,,0,0,1,117,True,0,0,2,0,True,False,30,60,180,3000.0,[],False,0,2,0,0,Repetidor de Sinal,,,[]
212304,1,0,30620000,999999,1,2557,Object_Name_212304,,0,0,1,117,True,0,0,2,0,True,False,30,60,180,3000.0,[],False,0,2,0,0,Terminal de Protótipo,,,[]
212401,1,0,30541000,999999,1,2500,Object_Name_212401,,0,0,1,117,True,0,0,2,0,True,False,30,60,180,3000.0,[],False,0,2,0,0,Demônio Mineiro,,,[]
212402,1,0,30542000,999999,1,2500,Object_Name_212402,,0,0,1,117,True,0,0,2,0,True,False,30,60,180,3000.0,[],False,0,2,0,0,Minerador Reysa,,,[]
212403,1,0,30540000,999999,1,2500,Object_Name_212403,,0,0,1,117,True,0,0,2,0,True,False,30,60,180,3000.0,[],False,0,2,0,0,Minerador Pyras,,,[]
212404,1,0,30270000,999999,1,2506,Object_Name_212404,,0,0,1,117,True,0,0,2,0,True,False,30,60,180,3000.0,[],False,0,2,0,0,Robô Descartado,,,[]
212405,1,0,30260001,999999,1,2506,Object_Name_212405,,0,0,1,117,True,0,0,2,0,True,False,30,60,180,3000.0,[],False,0,2,0,0,Pilha de Sucata,,,[]
212406,1,0,30180000,999999,1,2506,Object_Name_212406,,0,0,1,117,True,0,0,2,0,True,False,30,60,180,3000.0,[],False,0,2,0,0,Pacote de Bateria,,,[]
212407,1,0,30680000,999999,1,10010,Object_Name_212407,,0,0,1,117,True,0,0,2,0,True,False,30,60,180,3000.0,[],False,0,2,0,0,Eco Abissal,,,[]
212501,1,0,30390000,999999,1,2511,Object_Name_212501,,0,0,1,117,True,0,0,2,0,True,False,30,60,180,3000.0,[],False,0,0,0,0,Caixa de Suprimentos Militares,,,[]
212502,1,0,30270000,999999,1,1583,,,0,0,1,117,True,0,0,2,0,True,False,30,60,180,3000.0,[],False,0,0,0,0,,,,[]
212503,1,0,30120001,999999,1,2546,Object_Name_212503,,0,0,1,117,True,0,0,2,0,True,False,30,60,180,3000.0,[],False,0,0,0,0,Android com Mau Funcionamento,,,[]
212504,1,0,30120001,999999,1,2502,Object_Name_212503,,0,0,1,117,True,0,0,2,0,True,False,30,60,180,3000.0,[],False,0,0,0,0,Android com Mau Funcionamento,,,[]
212505,1,0,30210000,999999,1,2546,Object_Name_212505,,0,0,1,117,True,0,0,2,0,True,False,30,60,180,3000.0,[],False,0,2,0,0,Terminal Portátil Abandonado,,,[]
212506,1,0,30780000,999999,1,2503,Object_Name_212506,,0,0,1,117,True,0,0,2,0,True,False,0,60,180,3000.0,[],False,0,2,0,0,Manchas de Sangue Suspeitas,,,[]
212507,1,0,30760000,999999,1,2006,Object_Name_212507,,0,0,1,117,True,0,0,2,0,True,False,30,60,180,3000.0,[],False,0,2,0,0,Kit de Primeiros Socorros Abandonado,,,[]
212508,1,0,30960000,999999,1,2527,Object_Name_212508,,0,0,1,117,True,0,0,2,0,True,False,30,60,180,3000.0,[],False,0,0,0,0,Terminal de Controle de Drones,,,[]
212509,1,0,30080000,999999,1,2502,Object_Name_212503,,0,0,1,117,True,0,0,2,0,True,False,30,60,180,3000.0,[],False,0,1,0,0,Android com Mau Funcionamento,,,[]
212510,1,0,30140000,999999,1,2503,Object_Name_212510,,0,0,1,117,True,0,0,2,0,True,False,30,60,180,3000.0,[],False,0,2,0,0,Bolsa do Mercenário,,,[]
212511,1,0,30120001,999999,1,2546,Object_Name_212511,,0,0,1,117,True,0,0,2,0,True,False,30,60,180,3000.0,[],False,0,0,0,0,Android Quebrado,,,[]
212512,1,0,30710000,999999,1,2503,Object_Name_212512,,0,0,1,117,True,0,0,2,0,True,False,0,60,180,3000.0,[],False,0,2,0,0,Nota do Mercenário,,,[]
212560,1,0,30260000,999999,1,2011,Object_Name_212560,,0,0,1,117,True,0,0,2,0,True,False,30,60,180,3000.0,[],False,0,2,0,0,Materiais de Sucata da Fábrica,,,[]
212561,1,0,30400003,999999,1,2547,Object_Name_212561,,0,0,1,117,True,0,0,2,0,True,False,30,60,180,3000.0,[],False,0,0,0,0,Trabalhador Ferido do Ferro-Velho,,,[]
212562,1,0,30880000,999999,1,2547,Object_Name_212562,,0,0,1,117,True,0,0,2,0,True,False,30,60,180,3000.0,[],False,0,0,0,0,Trabalhador Ferido do Ferro-velho,,,[]
212563,1,0,30240001,999999,1,2540,Object_Name_212563,,0,0,1,117,True,0,0,2,0,True,False,30,60,180,3000.0,[],False,0,0,0,0,Gerador de Holograma,,,[]
212564,1,0,30190002,999999,1,2500,Object_Name_212564,,0,0,1,117,True,0,0,2,0,True,False,30,60,180,3000.0,[],False,0,0,0,0,Caixa Suspeita,,,[]
212565,1,0,30960000,999999,1,2528,Object_Name_212565,,0,0,1,117,True,0,0,2,0,True,False,30,60,180,3000.0,[],False,0,0,0,0,Terminal de Comunicação,,,[]
212590,1,0,30380000,999999,1,2534,,,0,0,1,117,True,0,0,2,0,True,False,30,60,180,3000.0,[],False,0,0,0,0,,,,[]
212591,1,0,30080000,999999,1,2016,,,0,0,1,117,True,0,0,2,0,True,False,30,60,180,3000.0,[],False,0,2,0,0,,,,[]
212592,1,0,30190000,999999,1,2500,,,0,0,1,117,True,0,0,2,0,True,False,30,60,180,3000.0,[],False,0,0,0,0,,,,[]
212593,1,0,30080000,999999,1,2016,,,0,0,1,117,True,0,0,2,0,True,False,30,60,180,3000.0,[],False,0,2,0,0,,,,[]
212601,1,0,30400003,999999,1,2501,Object_Name_212601,,0,0,1,117,True,0,0,2,0,True,False,30,60,180,3000.0,[],False,0,0,0,0,Comerciante Ferido,,,[]
212602,1,0,30400003,999999,1,2501,Object_Name_212602,,0,0,1,117,True,0,0,2,0,True,False,30,60,180,3000.0,[],False,0,0,0,0,Comerciante Ferido,,,[]
212603,1,0,30910000,999999,1,2500,Object_Name_212603,,0,0,1,117,True,0,0,2,0,True,False,30,60,180,3000.0,[],False,0,0,0,0,Remessa,,,[]
212604,1,0,30170000,999999,1,2503,Object_Name_212604,,0,0,1,117,True,0,0,2,0,True,False,30,60,180,3000.0,[],False,0,0,0,0,Caixa de Equipamento Temporário,,,[]
212605,1,0,30430000,999999,1,2517,Object_Name_212605,,0,0,1,117,True,0,0,2,0,True,False,30,60,180,3000.0,[],False,0,0,0,0,Terminal de Verificação de Autenticação,,,[]
212606,1,0,30680000,999999,1,10010,Object_Name_212606,,0,0,1,117,True,0,0,2,0,True,False,30,60,180,3000.0,[],False,0,2,0,0,Eco Abissal,,,[]
212607,1,0,30150000,999999,1,2011,Object_Name_212607,,0,0,1,117,True,0,0,2,0,True,False,30,60,180,3000.0,[],False,0,0,0,0,Caixa de Bens Roubados,,,[]
212608,1,0,30170000,999999,1,2011,Object_Name_212608,,0,0,1,117,True,0,0,2,0,True,False,30,60,180,3000.0,[],False,0,0,0,0,Caixa de Equipamento de Gangue,,,[]
212680,1,0,30120022,999999,1,2511,Object_Name_212680,,0,0,1,117,True,0,0,2,0,True,False,30,60,180,3000.0,[],False,0,0,0,0,Android Abandonado,,,[]
212681,1,0,30260000,999999,1,2511,Object_Name_212681,,0,0,1,117,True,0,0,2,0,True,False,30,60,180,3000.0,[],False,0,0,0,0,Pilha Abandonada de Sucata,,,[]
212682,1,0,30270000,999999,1,2511,Object_Name_212682,,0,0,1,117,True,0,0,2,0,True,False,30,60,180,3000.0,[],False,0,0,0,0,Drone Abandonado,,,[]
212683,1,0,30120021,999999,1,2511,Object_Name_212683,,0,0,1,117,True,0,0,2,0,True,False,30,60,180,3000.0,[],False,0,0,0,0,Android Abandonado,,,[]
212684,1,0,30200000,999999,1,2523,Object_Name_212684,,0,0,1,117,True,0,0,2,0,True,False,30,60,180,3000.0,[],False,0,0,0,0,Console de Registro de Gestão de Resíduos,,,[]
212685,1,0,30180002,999999,1,2029,Object_Name_212685,,0,0,1,117,True,0,0,2,0,True,False,30,60,180,3000.0,[],False,0,0,0,0,Suprimentos Perdidos,,,[]
212686,1,0,30180002,999999,1,2029,Object_Name_212686,,0,0,1,117,True,0,0,2,0,True,False,30,60,180,3000.0,[],False,0,0,0,0,Suprimentos Perdidos,,,[]
212801,1,0,30890000,999999,1,212801,Object_Name_212801,,0,0,1,117,True,0,0,2,0,True,False,30,60,180,3000.0,[],False,0,2,0,0,Torre de Rádio,,,[]
212802,1,0,30890000,999999,1,212802,Object_Name_212802,,0,0,1,117,True,0,0,2,0,True,False,30,60,180,3000.0,[],False,0,2,0,0,Torre de Rádio,,,[]
212803,1,0,30890000,999999,1,212803,Object_Name_212803,,0,0,1,117,True,0,0,2,0,True,False,30,60,180,3000.0,[],False,0,2,0,0,Torre de Rádio,,,[]
212804,1,0,30890000,999999,1,212804,Object_Name_212804,,0,0,1,117,True,0,0,2,0,True,False,30,60,180,3000.0,[],False,0,2,0,0,Torre de Rádio,,,[]
212805,1,0,30890000,999999,1,212805,Object_Name_212805,,0,0,1,117,True,0,0,2,0,True,False,30,60,180,3000.0,[],False,0,2,0,0,Torre de Rádio,,,[]
212806,1,0,30390000,999999,1,2011,Object_Name_212806,,0,0,1,117,True,0,0,2,0,True,False,30,60,180,3000.0,[],False,0,0,0,0,Caixa de Circuito de Dados,,,[]
212807,1,0,31050000,999999,1,2503,Object_Name_212807,,0,0,1,117,True,0,0,2,0,True,False,30,60,180,3000.0,[],False,0,0,0,0,Corpo de Combatente Vagabundo,,,[]
212808,1,0,30210000,999999,1,2546,Object_Name_212808,,0,0,1,117,True,0,0,2,0,True,False,30,60,180,3000.0,[],False,0,0,0,0,Transceptor do Scalar,,,[]
212809,1,0,30960000,999999,1,2551,Object_Name_212809,,0,0,1,117,True,0,0,2,0,True,False,30,60,180,3000.0,[],False,0,0,0,0,Terminal Abandonado,,,[]
212810,1,0,30960000,999999,1,212810,Object_Name_212810,,0,0,1,117,True,0,0,2,0,True,False,30,60,180,3000.0,[],False,0,0,0,0,Console de Controle,,,[]
212811,1,0,30080000,999999,1,2546,Object_Name_212811,,0,0,1,117,True,0,0,2,0,True,False,0,60,180,3000.0,[],False,0,0,0,0,Inspeção da Torre de Rádio,,,[]
212812,1,0,30680000,999999,1,10010,Object_Name_212812,,0,0,1,117,True,0,0,2,0,True,False,0,60,180,3000.0,[],False,0,2,0,0,Eco Abissal,,,[]
212813,1,0,30680000,999999,1,10010,Object_Name_212813,,0,0,1,117,True,0,0,2,0,True,False,0,60,180,3000.0,[],False,0,2,0,0,Eco Abissal,,,[]
212814,1,0,30970000,999999,1,2503,Object_Name_212814,,0,0,1,117,True,0,0,2,0,True,False,0,60,180,3000.0,[],False,0,2,0,0,Traços de Força,,,[]
212815,1,0,30970000,999999,1,2503,Object_Name_212815,,0,0,1,117,True,0,0,2,0,True,False,0,60,180,3000.0,[],False,0,2,0,0,Traços de Força,,,[]
212816,1,0,30390000,999999,1,2531,Object_Name_212816,,0,0,1,117,True,0,0,2,0,True,False,30,60,180,3000.0,[],False,0,0,0,0,Caixa de Coleção de Peças,,,[]
212817,1,0,30280000,999999,1,2536,Object_Name_212817,,0,0,1,117,True,0,0,2,0,True,False,30,60,180,3000.0,[],False,0,0,0,0,Pequena Antena de Comunicação,,,[]
212818,1,0,30830000,999999,1,2536,Object_Name_212818,,0,0,1,117,True,0,0,2,0,True,False,30,60,180,3000.0,[],False,0,0,0,0,Dispositivo de Vigilância,,,[]
212819,1,0,30240000,999999,1,2005,Object_Name_212819,,0,0,1,117,True,0,0,2,0,True,False,30,60,180,3000.0,[],False,0,2,0,0,Mina Eletrônica,,,[]
212901,1,0,30380001,999999,1,2536,Object_Name_212901,,0,0,1,117,True,0,0,2,0,True,False,30,60,180,3000.0,[],False,0,0,0,0,Dispositivo de Armazenamento de Dados de Pesquisa,,,[]
212902,1,0,30280000,999999,1,2519,Object_Name_212902,,0,0,1,117,True,0,0,2,0,True,False,30,60,180,3000.0,[],False,0,0,0,0,Sistema de Comunicação,,,[]
212903,1,0,30380001,999999,1,2523,Object_Name_212903,,0,0,1,117,True,0,0,2,0,True,False,30,60,180,3000.0,[],False,0,0,0,0,Console de Controle de Acesso,,,[]
212904,1,0,30940000,999999,1,2519,Object_Name_212904,,0,0,1,117,True,0,0,2,0,True,False,30,60,180,3000.0,[],False,0,0,0,0,Gerador de Energia de Backup,,,[]
212905,1,0,30390000,999999,1,1583,Object_Name_212905,,0,0,1,117,True,0,0,2,0,True,False,30,60,180,3000.0,[],False,0,0,0,0,Suprimentos,,,[]
212906,1,0,30080004,999999,1,2535,Object_Name_212906,,0,0,1,117,True,0,0,2,0,True,False,30,60,180,3000.0,[],False,0,1,0,0,,,,[]
212931,1,0,30380001,999999,1,2523,Object_Name_212931,,0,0,1,117,True,0,0,2,0,True,False,30,60,180,3000.0,[],False,0,0,0,0,Console de Controle de Acesso,,,[]
212941,1,0,30150000,999999,1,1580,Object_Name_212941,,0,0,1,117,True,0,0,2,0,True,False,30,60,180,3000.0,[],False,0,0,0,0,Caixa de Produtos de Jenssen,,,[]
212942,1,0,30200000,0,1,2549,Object_Name_212942,,0,0,1,0,True,0,0,2,0,True,False,40,40,180,3000.0,[],False,0,0,0,0,Console Multifuncional,,,[]
213001,1,0,30500000,999999,1,2503,Object_Name_213001,,0,0,1,117,True,0,0,2,0,True,False,30,60,180,3000.0,[],False,0,2,0,0,Cientista Overmind,,,[]
213002,1,0,31000002,999999,1,213002,Object_Name_213002,,0,0,1,117,True,0,0,2,0,True,False,30,60,180,3000.0,[],False,0,2,0,0,Dispositivo de Controle Mental,,,[]
213003,1,0,31000000,999999,1,2514,Object_Name_213003,,0,0,1,117,True,0,0,2,0,True,False,30,60,180,3000.0,[],False,0,2,0,0,Dispositivo de Controle Mental,,,[]
213004,1,0,31000001,999999,1,213004,Object_Name_213004,,0,0,1,117,True,0,0,2,0,True,False,30,60,180,3000.0,[],False,0,2,0,0,Dispositivo de Controle Mental,,,[]
213005,1,0,30080000,999999,1,2553,Object_Name_213005,,0,0,1,117,True,0,0,2,0,True,False,0,60,180,3000.0,[],False,0,2,0,0,Análise de Dados,,,[]
213006,1,0,30720000,999999,1,2503,Object_Name_213006,,0,0,1,117,True,0,0,2,0,True,False,30,60,180,3000.0,[],False,0,2,0,0,Agente Bellato Falecido,,,[]
213007,1,0,30240000,999999,1,2005,Object_Name_213007,,0,0,1,117,True,0,0,2,0,True,False,30,60,180,3000.0,[],False,0,2,0,0,Mina Overmind,,,[]
213008,1,0,30240000,999999,1,2011,Object_Name_213008,,0,0,1,117,True,0,0,2,0,True,False,30,60,180,3000.0,[],False,0,2,0,0,Mina Overmind,,,[]
213009,1,0,30870003,999999,1,2500,Object_Name_213009,,0,0,1,117,True,0,0,2,0,True,False,30,60,180,3000.0,[],False,0,2,0,0,Cadáver de Giuseppe,,,[]
213010,1,0,30870003,999999,1,2503,Object_Name_213010,,0,0,1,117,True,0,0,2,0,True,False,30,60,180,3000.0,[],False,0,2,0,0,Cadáver de Giuseppe,,,[]
213011,1,0,30820000,999999,1,2523,Object_Name_213011,,0,0,1,117,True,0,0,2,0,True,False,30,60,180,3000.0,[],False,0,0,0,0,Repetidor de Dados Accretia,,,[]
213012,1,0,30280000,999999,1,2517,Object_Name_213012,,0,0,1,117,True,0,0,2,0,True,False,30,60,180,3000.0,[],False,0,0,0,0,Pequena Antena de Comunicação,,,[]
213013,1,0,30280000,999999,1,2512,Object_Name_213013,,0,0,1,117,True,0,0,2,0,True,False,30,60,180,3000.0,[],False,0,0,0,0,Pequena Antena de Comunicação,,,[]
213014,1,0,30080000,999999,1,2553,Object_Name_213014,,0,0,1,117,True,0,0,2,0,True,False,30,60,180,3000.0,[],False,0,2,0,0,Análise de Dados,,,[]
213015,1,0,30501000,999999,1,2503,Object_Name_213015,,0,0,1,117,True,0,0,2,0,True,False,30,60,180,3000.0,[],False,0,2,0,0,Cientista Overmind,,,[]
213201,1,0,31340000,999999,1,213201,Object_Name_213201,,0,0,1,117,True,0,0,2,0,True,False,30,60,180,3000.0,[],False,0,2,0,0,Scanner de Autenticação Biométrica,,,[]
213202,1,0,31360000,999999,1,213202,Object_Name_213202,,0,0,1,117,True,0,0,2,0,True,False,30,60,180,3000.0,[],False,0,2,0,0,Câmera de Vigilância Caída,,,[]
213203,1,0,30510000,999999,1,213203,Object_Name_213203,,0,0,1,117,True,0,0,2,0,True,False,30,60,180,3000.0,[],False,0,2,0,0,Drone de Defesa Não Tripulado,,,[]
213204,1,0,30530000,999999,1,213204,Object_Name_213204,,0,0,1,117,True,0,0,2,0,True,False,30,60,180,3000.0,[],False,0,2,0,0,Bloco de Dados,,,[]
213205,1,0,31320000,999999,1,213205,Object_Name_213205,,0,0,1,117,True,0,0,2,0,True,False,30,200,180,3000.0,[],False,0,2,0,0,Gerador,,,[]
213206,1,0,31310000,999999,1,213206,Object_Name_213206,,0,0,1,117,True,0,0,2,0,True,False,30,200,180,3000.0,[],False,0,2,0,0,Gerador de Área de Controle,,,[]
213207,1,0,31200000,999999,1,213207,Object_Name_213207,,0,0,1,117,True,0,0,2,0,True,False,30,60,180,3000.0,[],False,0,2,0,0,Dispositivo de Controle do Gerador,,,[]
213208,1,0,31200000,999999,1,213208,Object_Name_213208,,0,0,1,117,True,0,0,2,0,True,False,30,60,180,3000.0,[],False,0,2,0,0,Dispositivo de Comunicação,,,[]
213209,1,0,31330000,999999,1,213209,Object_Name_213209,,0,0,1,117,True,0,0,2,0,True,False,30,60,180,3000.0,[],False,0,2,0,0,Central de Dados Hub,,,[]
213210,1,0,30420001,999999,1,213203,,,0,0,1,117,True,0,0,2,0,False,False,0,60,180,3000.0,[],False,0,2,0,0,,,,[]
213211,1,0,30420001,999999,1,213203,,,0,0,1,117,True,0,0,2,0,False,False,0,60,180,3000.0,[],False,0,2,0,0,,,,[]
213281,1,0,30160000,999999,1,213281,Object_Name_213281,,0,0,1,117,True,0,0,2,0,True,False,30,60,180,3000.0,[],False,0,2,0,0,Caixa de Suprimentos de Pesquisa,,,[]
213282,1,0,31200000,999999,1,213282,Object_Name_213282,,0,0,1,117,True,0,0,2,0,True,False,30,60,180,3000.0,[],False,0,2,0,0,Console de Laboratório,,,[]
213283,1,0,31200000,999999,1,213283,Object_Name_213283,,0,0,1,117,True,0,0,2,0,True,False,30,60,180,3000.0,[],False,0,2,0,0,Console de Laboratório,,,[]
213284,1,0,31200000,999999,1,213284,Object_Name_213284,,0,0,1,117,True,0,0,2,0,True,False,30,60,180,3000.0,[],False,0,2,0,0,Console de Segurança,,,[]
213285,1,0,31200000,999999,1,213285,Object_Name_213285,,0,0,1,117,True,0,0,2,0,True,False,30,60,180,3000.0,[],False,0,2,0,0,Console de Registro de Pesquisa,,,[]
213301,1,0,30530000,999999,1,213301,Object_Name_213301,,0,0,1,117,True,0,0,2,0,True,False,30,60,180,3000.0,[],False,0,2,0,0,Oficial de Segurança Pumus Ferido,,,[]
213302,1,0,30960000,999999,1,213302,Object_Name_213302,,0,0,1,117,True,0,0,2,0,True,False,30,60,180,3000.0,[],False,0,2,0,0,Console de Banco de Dados,,,[]
213303,1,0,30720000,999999,1,213303,Object_Name_213303,,0,0,1,117,True,0,0,2,0,True,False,30,60,180,3000.0,[],False,0,2,0,0,Cadáver do Oficial de Segurança Pumus,,,[]
213304,1,0,30720001,999999,1,213304,Object_Name_213304,,0,0,1,117,True,0,0,2,0,True,False,30,60,180,3000.0,[],False,0,2,0,0,Cadáver do Oficial de Segurança Pumus,,,[]
213305,1,0,30960000,999999,1,213305,Object_Name_213305,,0,0,1,117,True,0,0,2,0,True,False,30,60,180,3000.0,[],False,0,2,0,0,Console de Banco de Dados,,,[]
213306,1,0,30080000,999999,1,213306,Object_Name_213306,,0,0,1,117,True,0,0,2,0,True,False,0,60,180,3000.0,[],False,0,2,0,0,Inspecione a célula,,,[]
213307,1,0,30080000,999999,1,213307,Object_Name_213307,,0,0,1,117,True,0,0,2,0,True,False,0,60,180,3000.0,[],False,0,2,0,0,Inspecionar a célula,,,[]
213308,1,0,30960000,999999,1,213308,Object_Name_213308,,0,0,1,117,True,0,0,2,0,True,False,30,60,180,3000.0,[],False,0,2,0,0,Console de Segurança do Complexo Prisional,,,[]
213309,1,0,30080000,999999,1,213309,Object_Name_213309,,0,0,1,117,True,0,0,2,0,True,False,0,60,180,3000.0,[],False,0,2,0,0,Transmitir dados,,,[]
213310,1,0,30210001,999999,1,213310,Object_Name_213310,,0,0,1,117,True,0,0,2,0,True,False,0,60,180,3000.0,[],False,0,2,0,0,Terminal do Pesquisador,,,[]
213311,1,0,30200000,999999,1,213311,Object_Name_213311,,0,0,1,117,True,0,0,2,0,True,False,30,60,180,3000.0,[],False,0,2,0,0,Console de Retransmissão de Sinal,,,[]
213312,1,0,30380001,999999,1,213312,Object_Name_213312,,0,0,1,117,True,0,0,2,0,True,False,30,60,180,3000.0,[],False,0,2,0,0,Console de Retransmissão de Sinal,,,[]
213313,1,0,31280000,999999,1,213313,Object_Name_213313,,0,0,1,117,True,0,0,2,0,True,False,30,60,180,3000.0,[],False,0,2,0,0,Médico Lydian Destruído,,,[]
213314,1,0,31160000,999999,1,213314,Object_Name_213314,,0,0,1,117,True,0,0,2,0,True,False,0,60,180,3000.0,[],False,0,2,0,0,Pegadas do Pesquisador,,,[]
213315,1,0,30960000,999999,1,213315,Object_Name_213315,,0,0,1,117,True,0,0,2,0,True,False,30,60,180,3000.0,[],False,0,2,0,0,Transmissor de Dados de Relevo de Sinal,,,[]
213316,1,0,30720001,999999,1,213316,Object_Name_213316,,0,0,1,117,True,0,0,2,0,True,False,30,60,180,3000.0,[],False,0,2,0,0,Cadáver do Oficial de Segurança Pumus,,,[]
213317,1,0,30960000,999999,1,213317,Object_Name_213317,,0,0,1,117,True,0,0,2,0,True,False,30,60,180,3000.0,[],False,0,2,0,0,Console de Segurança da Zona de Quarentena Especial,,,[]
213318,1,0,30500000,999999,1,213318,Object_Name_213318,,0,0,1,117,True,0,0,2,0,True,False,30,60,180,3000.0,[],False,0,2,0,0,Cadáver do Pesquisador Koster,,,[]
213381,1,0,31290000,999999,1,213381,Object_Name_213381,,0,0,1,117,True,0,0,2,0,True,False,30,60,180,3000.0,[],False,0,2,0,0,Cadáver Vafer,,,[]
213382,1,0,30820000,999999,1,213382,Object_Name_213382,,0,0,1,117,True,0,0,2,0,True,False,30,60,180,3000.0,[],False,0,2,0,0,Transceptor de Sinal,,,[]
213383,1,0,30820000,999999,1,213383,Object_Name_213383,,0,0,1,117,True,0,0,2,0,True,False,30,60,180,3000.0,[],False,0,2,0,0,Transceptor de Sinal,,,[]
213384,1,0,30150000,999999,1,213384,Object_Name_213384,,0,0,1,117,True,0,0,2,0,True,False,30,60,180,3000.0,[],False,0,2,0,0,Caixa de Suprimentos,,,[]
213385,1,0,30960000,999999,1,213385,Object_Name_213385,,0,0,1,117,True,0,0,2,0,True,False,30,60,180,3000.0,[],False,0,2,0,0,Console de Banco de Dados,,,[]
213386,1,0,18960000,999999,1,213386,Object_Name_213386,,0,0,1,117,True,0,0,2,0,True,False,0,60,180,3000.0,[],False,0,2,0,0,Pessoa Suspeita,,,[]
213387,1,0,30960000,999999,1,213387,Object_Name_213387,,0,0,1,117,True,0,0,2,0,True,False,30,60,180,3000.0,[],False,0,2,0,0,Console da Zona de Quarentena,,,[]
213401,1,0,31300002,999999,1,213401,Object_Name_213401,,0,0,1,117,True,0,0,2,0,True,False,30,60,180,3000.0,[],False,0,2,0,0,Interface de Transporte,,,[]
213402,1,0,31300001,999999,1,213402,Object_Name_213402,,0,0,1,117,True,0,0,2,0,True,False,30,60,180,3000.0,[],False,0,2,0,0,Interface de Transporte,,,[]
213403,1,0,30820000,999999,1,213403,Object_Name_213403,,0,0,1,117,True,0,0,2,0,True,False,30,60,180,3000.0,[],False,0,2,0,0,Sniffer de Pacotes,,,[]
213404,1,0,31300001,999999,1,213404,Object_Name_213404,,0,0,1,117,True,0,0,2,0,True,False,30,60,180,3000.0,[],False,0,2,0,0,Interface de Transporte,,,[]
213405,1,0,31200000,999999,1,213405,Object_Name_213405,,0,0,1,117,True,0,0,2,0,True,False,30,60,180,3000.0,[],False,0,2,0,0,Console de Pesquisa de Peças,,,[]
213406,1,0,31300000,999999,1,213406,Object_Name_213406,,0,0,1,117,True,0,0,2,0,True,False,30,60,180,3000.0,[],False,0,2,0,0,Interface de Transporte,,,[]
213407,1,0,31200000,999999,1,213407,Object_Name_213407,,0,0,1,117,True,0,0,2,0,True,False,30,60,180,3000.0,[],False,0,2,0,0,Estabilizador,,,[]
213408,1,0,31300000,999999,1,213408,Object_Name_213408,,0,0,1,117,True,0,0,2,0,True,False,30,60,180,3000.0,[],False,0,2,0,0,Interface de Transporte,,,[]
213409,1,0,30820001,999999,1,213409,Object_Name_213409,,0,0,1,117,True,0,0,2,0,True,False,30,60,180,3000.0,[],False,0,2,0,0,Sniffer de Pacotes,,,[]
213410,1,0,30820001,999999,1,213410,Object_Name_213410,,0,0,1,117,True,0,0,2,0,True,False,30,60,180,3000.0,[],False,0,2,0,0,Sniffer de Pacotes,,,[]
213411,1,0,30820001,999999,1,213411,Object_Name_213411,,0,0,1,117,True,0,0,2,0,True,False,30,60,180,3000.0,[],False,0,2,0,0,Sniffer de Pacotes,,,[]
213480,1,0,30080004,999999,1,213480,Object_Name_213480,,0,0,1,117,True,0,0,2,0,True,False,30,60,180,3000.0,[],False,0,2,0,0,Sinal de Saque,,,[]
213481,1,0,30950000,999999,1,213481,Object_Name_213481,,0,0,1,117,True,0,0,2,0,True,False,30,60,180,3000.0,[],False,0,2,0,0,Primeiro Geo-Scanner,,,[]
213482,1,0,30950000,999999,1,213482,Object_Name_213482,,0,0,1,117,True,0,0,2,0,True,False,30,60,180,3000.0,[],False,0,2,0,0,Segundo Geo-Scanner,,,[]
213483,1,0,30950000,999999,1,213483,Object_Name_213483,,0,0,1,117,True,0,0,2,0,True,False,30,60,180,3000.0,[],False,0,2,0,0,Último Geo-Scanner,,,[]
213484,1,0,31370000,999999,1,213484,Object_Name_213484,,0,0,1,117,True,0,0,2,0,True,False,30,60,180,3000.0,[],False,0,2,0,0,Cápsula de Energia,,,[]
213501,1,0,30080007,999999,1,1590,Object_Name_213501,,0,0,1,117,True,0,0,2,0,True,False,0,60,180,3000.0,[],False,0,2,0,0,Console de Controle da Instalação,,,[]
213502,1,0,30200000,999999,1,2526,Object_Name_213502,,0,0,1,117,True,0,0,2,0,True,False,30,60,180,3000.0,[],False,0,2,0,0,Console de Controle da Instalação,,,[]
213503,1,0,30200000,999999,1,2526,Object_Name_213503,,0,0,1,117,True,0,0,2,0,True,False,30,60,180,3000.0,[],False,0,2,0,0,Dispositivo de Controle de Robô do Campo de Mineração,,,[]
213504,1,0,30380000,999999,1,2523,Object_Name_213504,,0,0,1,117,True,0,0,2,0,True,False,30,60,180,3000.0,[],False,0,2,0,0,Dispositivo de Vigilância,,,[]
213505,1,0,30620000,999999,1,2523,Object_Name_213505,,0,0,1,117,True,0,0,2,0,True,False,30,60,180,3000.0,[],False,0,2,0,0,Intranet do Hub Central,,,[]
213571,1,0,30960000,999999,1,213571,Object_Name_213571,,0,0,1,117,True,0,0,2,0,True,False,30,60,180,3000.0,[],False,0,2,0,0,Console de Controle do Bot de Segurança,,,[]
213581,1,0,31350000,999999,1,1584,Object_Name_213581,,0,0,1,117,True,0,0,2,0,True,False,0,60,180,3000.0,[],False,0,2,0,0,Câmera Danificada,,,[]
213582,1,0,30080008,999999,1,213582,Object_Name_213582,,0,0,1,117,True,0,0,2,0,True,False,0,60,180,3000.0,[],False,0,2,0,0,Entregar câmera,,,[]
213583,1,0,30960000,999999,1,213583,Object_Name_213583,,0,0,1,117,True,0,0,2,0,True,False,30,60,180,3000.0,[],False,0,2,0,0,Transceptor,,,[]
213591,1,0,30080000,999999,1,213591,Object_Name_213591,,0,0,1,117,True,0,0,2,0,True,False,0,60,180,3000.0,[],False,0,2,0,0,Intranet,,,[]
213601,1,0,30130000,999999,1,2503,Object_Name_213601,,0,0,1,117,True,0,0,2,0,True,False,0,60,180,3000.0,[],False,0,2,0,0,,,,[]
213801,1,0,30910000,999999,1,213801,Object_Name_213801,,0,0,1,117,True,0,0,2,0,True,False,30,60,180,3000.0,[],False,0,0,0,0,Caixa de Manutenção do Repetidor,,,[]
213802,1,0,30380001,999999,1,213802,Object_Name_213802,,0,0,1,117,True,0,0,2,0,True,False,30,60,180,3000.0,[],False,0,0,0,0,Repetidor Base,,,[]
213803,1,0,30380001,999999,1,213803,Object_Name_213803,,0,0,1,117,True,0,0,2,0,True,False,30,60,180,3000.0,[],False,0,0,0,0,Repetidor Base,,,[]
213881,1,0,31300000,999999,1,213881,Object_Name_213881,,0,0,1,117,True,0,0,2,0,True,False,30,60,180,3000.0,[],False,0,2,0,0,Console de Descriptografia,,,[]
213901,1,0,30620000,999999,1,2523,Object_Name_213901,,0,0,1,117,True,0,0,2,0,True,False,30,60,180,3000.0,[],False,0,2,0,0,Dispositivo de Consulta de Informações de Envio,,,[]
213902,1,0,30680000,999999,1,10010,Object_Name_213902,,0,0,1,117,True,0,0,2,0,True,False,30,50,180,3000.0,[],False,0,2,0,0,Eco Abissal,,,[]
213903,1,0,30080004,999999,1,213903,Object_Name_213903,,0,0,1,117,True,0,0,2,0,True,False,30,50,180,3000.0,[],False,0,2,0,0,Verificar Terminal,,,[]
220401,1,0,30590001,999999,1,2546,Object_Name_220401,,0,0,1,117,True,0,0,2,0,True,False,30,60,180,3000.0,[],False,0,0,0,0,Transceptor de Cultista,,,[]
220402,1,0,30560000,999999,1,2550,Object_Name_220402,,0,0,1,117,True,0,0,2,0,True,False,30,60,180,3000.0,[],False,0,0,0,0,Texto Cultista Descriptografado,,,[]
220701,1,0,30080000,999999,1,220701,Object_Name_220701,,0,0,1,117,True,0,0,2,0,True,False,30,60,180,3000.0,[],False,0,2,0,0,Entregar os Dados Restaurados,,,[]
220702,1,0,30080000,999999,1,220701,Object_Name_220702,,0,0,1,117,True,0,0,2,0,True,False,30,60,180,3000.0,[],False,0,2,0,0,Entregar os Dados Restaurados,,,[]
221001,1,0,30120011,999999,1,221001,Object_Name_221001,,0,0,1,117,True,0,0,2,0,True,False,40,50,200,3000.0,[],False,0,0,0,0,Android de Euclid,,,[]
221101,1,0,30680000,0,1,10010,Object_Name_221101,,0,0,1,117,True,0,0,2,0,True,False,30,50,180,3000.0,[],False,0,2,0,0,Eco Abissal,,,[]
221201,1,0,30680000,0,1,10010,Object_Name_221201,,0,0,1,117,True,0,0,2,0,True,False,30,50,180,3000.0,[],False,0,2,0,0,Eco Abissal,,,[]
221301,1,0,30680000,999999,1,10010,Object_Name_221301,,0,0,1,117,True,0,0,2,0,True,False,30,60,180,3000.0,[],False,0,2,0,0,Eco Abissal,,,[]
221401,1,0,30680000,999999,1,10010,Object_Name_221401,,0,0,1,117,True,0,0,2,0,True,False,30,60,180,3000.0,[],False,0,2,0,0,Eco Abissal,,,[]
221501,1,0,30680000,999999,1,10010,Object_Name_221501,,0,0,1,117,True,0,0,2,0,True,False,30,50,180,3000.0,[],False,0,2,0,0,Eco Abissal,,,[]
221701,1,0,30680000,999999,1,10010,Object_Name_221701,,0,0,1,117,True,0,0,2,0,True,False,30,50,180,3000.0,[],False,0,2,0,0,Eco Abissal,,,[]
221901,15,0,30200000,999999,1,2523,Object_Name_221901,,0,0,1,117,True,0,0,2,0,True,False,30,60,180,3000.0,[],False,0,2,0,0,Rede de Postos Avançados,,,[]
221902,15,0,30200000,999999,1,2540,Object_Name_221902,,0,0,1,117,True,0,0,2,0,True,False,30,60,180,3000.0,[],True,208803,2,0,0,Dispositivo de Controle de Portão,,,[]
221911,15,0,30530000,999999,1,5000,Object_Name_221911,,0,0,1,117,True,0,0,2,0,True,False,30,60,180,3000.0,[],False,0,2,0,0,Escalada,,,[]
221912,15,0,30530000,999999,1,5000,Object_Name_221912,,0,0,1,117,True,0,0,2,0,True,False,30,60,180,3000.0,[],False,0,2,0,0,Escalada,,,[]
222001,1,0,31170000,0,1,222001,Object_Name_222001,,0,0,1,117,True,0,0,2,0,True,False,30,50,180,3000.0,[],False,0,2,0,0,Módulo de Bio Scan,,,[]
222195,1,0,30970000,999999,1,2000,Object_Name_206694,,0,0,1,117,True,0,0,2,0,True,False,30,60,180,3000.0,[],False,0,2,0,0,Traços de Isaac,,,[]
222201,15,0,30080000,999999,1,2518,Object_Name_222201,,0,0,1,117,True,0,0,2,0,True,False,30,60,180,3000.0,[],False,0,2,0,0,Gerador de Outpost,,,[]
222202,15,0,30960000,999999,1,2523,Object_Name_222202,,0,0,1,117,True,0,0,2,0,True,False,30,60,180,3000.0,[],False,0,2,0,0,Rede de Postos Avançados,,,[]
222203,15,0,30550000,999999,1,222203,Object_Name_222203,,0,0,1,117,True,0,0,2,0,True,False,0,60,180,3000.0,[],False,0,2,0,0,Instalar Explosivos,,,[]
222501,1,0,30170000,0,1,222501,Object_Name_222501,,0,0,1,117,True,0,0,2,0,True,False,40,60,200,3000.0,[],False,0,2,0,0,Armazenamento Soma,,,[]
222502,1,0,30190002,0,1,222502,Object_Name_222502,,0,0,1,117,True,0,0,2,0,True,False,40,60,200,3000.0,[],False,0,2,0,0,Caixa de Projeto de Banshee,,,[]
222503,1,0,30040000,0,1,222503,Object_Name_222503,,0,0,1,117,True,0,0,2,0,True,False,40,60,200,3000.0,[],False,0,2,0,0,Banshee Quebrada,,,[]
222701,15,0,30680000,999999,1,10010,Object_Name_222701,,0,0,1,117,True,0,0,2,0,True,False,30,60,180,3000.0,[],False,0,2,0,0,Eco Abissal,,,[]
222801,1,0,30750001,999999,1,2537,Object_Name_222801,,0,0,1,117,True,0,0,2,0,True,False,30,60,180,3000.0,[],False,0,0,0,0,Núcleo,,,[]
222901,15,0,30080000,999999,1,2503,Object_Name_222901,,0,0,1,117,True,0,0,2,0,True,False,30,60,180,3000.0,[],False,0,2,0,0,Nave Aérea Acidentada,,,[]
222902,15,0,30080000,999999,1,222902,Object_Name_222902,,0,0,1,117,True,0,0,2,0,True,False,30,60,180,3000.0,[],False,0,2,0,0,Local do Acidente,,,[]
222911,15,0,30530000,999999,1,5000,Object_Name_222911,,0,0,1,117,True,0,0,2,0,True,False,30,60,180,3000.0,[],False,0,2,0,0,Cruzar sobre,,,[]
222912,15,0,30530000,999999,1,5000,Object_Name_222912,,0,0,1,117,True,0,0,2,0,True,False,30,60,180,3000.0,[],False,0,2,0,0,Cruzar sobre,,,[]
223001,15,0,30130000,999999,1,1584,Object_Name_223001,,0,0,1,117,True,0,0,2,0,True,False,30,60,180,3000.0,[],False,0,2,0,0,Item Roubado,,,[]
223002,15,0,30080000,999999,1,2546,Object_Name_223002,,0,0,1,117,True,0,0,2,0,True,False,0,60,180,3000.0,[],False,0,2,0,0,Inspecionar,,,[]
223003,15,0,30140000,999999,1,1584,Object_Name_223003,,0,0,1,117,True,0,0,2,0,True,False,30,60,180,3000.0,[],False,0,2,0,0,Mochila da Ada,,,[]
223004,15,0,30390000,999999,1,1584,Object_Name_223004,,0,0,1,117,True,0,0,2,0,True,False,30,60,180,3000.0,[],False,0,2,0,0,Bateria Repetidora,,,[]
223005,15,0,30380000,999999,1,2512,Object_Name_223005,,0,0,1,117,True,0,0,2,0,True,False,30,60,180,3000.0,[],False,0,2,0,0,Repetidor,,,[]
223101,15,0,30720000,999999,1,2503,Object_Name_223101,,0,0,1,117,True,0,0,2,0,True,False,30,60,180,3000.0,[],False,0,2,0,0,Cadáver do Defensor Bellato,,,[]
223102,15,0,30710001,999999,1,2019,Object_Name_223102,,0,0,1,117,True,0,0,2,0,True,False,30,60,180,3000.0,[],False,0,2,0,0,Plano de Invasão,,,[]
223201,15,0,30620000,999999,1,2523,Object_Name_223201,,0,0,1,117,True,0,0,2,0,True,False,30,60,180,3000.0,[],False,0,2,0,0,Terminal de Gangue,,,[]
223202,15,0,30080000,999999,1,223202,Object_Name_223202,,0,0,1,117,True,0,0,2,0,True,False,0,60,180,3000.0,[],False,0,2,0,0,Ativar Torre Arcano,,,[]
223203,15,0,30080000,999999,1,223203,Object_Name_223203,,0,0,1,117,True,0,0,2,0,True,False,30,60,180,3000.0,[],False,0,2,0,0,Plano de Invasão,,,[]
223301,15,0,30080000,999999,1,223301,Object_Name_223301,,0,0,1,117,True,0,0,2,0,True,False,0,60,180,3000.0,[],False,0,2,0,0,Pesquisar,,,[]
223311,15,0,30530000,999999,1,5000,Object_Name_223311,,0,0,1,117,True,0,0,2,0,True,False,30,60,180,3000.0,[],False,0,2,0,0,Pular sobre,,,[]
223701,15,0,30130000,999999,1,1584,Object_Name_223701,,0,0,1,117,True,0,0,2,0,True,False,30,60,180,3000.0,[],False,0,2,0,0,Bolsa de Ferramentas do George,,,[]
223702,15,0,30080000,999999,1,2546,Object_Name_223702,,0,0,1,117,True,0,0,2,0,True,False,30,60,180,3000.0,[],False,0,2,0,0,Inspecionar,,,[]
223703,15,0,30140000,999999,1,1584,Object_Name_223703,,0,0,1,117,True,0,0,2,0,True,False,30,60,180,3000.0,[],False,0,2,0,0,Mochila da Ada,,,[]
223704,15,0,30390000,999999,1,223704,Object_Name_223704,,0,0,1,117,True,0,0,2,0,True,False,30,60,180,3000.0,[],False,0,2,0,0,Parte do Repetidor,,,[]
223705,15,0,30380000,999999,1,2512,Object_Name_223705,,0,0,1,117,True,0,0,2,0,True,False,30,60,180,3000.0,[],False,0,2,0,0,Repetidor da Floresta de Lowed,,,[]
223801,15,0,30190000,999999,1,2542,Object_Name_208306,,0,0,1,117,True,0,0,2,0,True,False,30,60,180,3000.0,[],False,0,0,0,0,Caixa de Valores,,,[]
223802,15,0,30190002,999999,1,2542,Object_Name_208306,,0,0,1,117,True,0,0,2,0,True,False,30,60,180,3000.0,[],False,0,0,0,0,Caixa de Valores,,,[]
223901,15,0,30590003,999999,1,223901,Object_Name_223901,,0,0,1,117,True,0,0,2,0,True,False,30,60,180,3000.0,[],False,0,2,0,0,Console de Controle de Barreira,,,[]
223902,15,0,30910000,999999,1,223902,Object_Name_223902,,0,0,1,117,True,0,0,2,0,True,False,30,60,180,3000.0,[],False,0,0,0,0,Caixa de Componentes MAU de Axiv,,,[]
224001,15,0,30680000,100019,1,10010,Object_Name_224001,,0,0,1,0,True,0,0,2,0,True,False,40,50,200,3000.0,"[7002201,7002202,7002203]",False,0,2,0,0,Eco Abissal,,,[]
224101,15,0,30080000,999999,1,2546,Object_Name_224101,,0,0,1,117,True,0,0,2,0,True,False,30,60,180,3000.0,[],False,0,2,0,0,Fonte de Infecção,,,[]
224102,15,0,30230000,999999,1,2503,Object_Name_224102,,0,0,1,117,True,0,0,2,0,True,False,30,60,180,3000.0,[],False,0,2,0,0,Investigador Cadáver,,,[]
224201,15,0,31013000,999999,1,2503,Object_Name_224201,,0,0,1,117,True,0,0,2,0,True,False,30,60,180,3000.0,[],False,0,2,0,0,Cadáver do Cultista,,,[]
224301,15,0,30080000,999999,1,2546,Object_Name_224301,,0,0,1,117,True,0,0,2,0,True,False,30,60,180,3000.0,[],False,0,2,0,0,Obelisco,,,[]
224302,15,0,30080000,999999,1,2546,Object_Name_224302,,0,0,1,117,True,0,0,2,0,True,False,30,60,180,3000.0,[],False,0,2,0,0,Fragmento de Relíquia de Cultista,,,[]
224401,15,0,30080000,999999,1,2546,Object_Name_224401,,0,0,1,117,True,0,0,2,0,True,False,30,60,180,3000.0,[],False,0,2,0,0,Obelisco,,,[]
224501,15,0,30620000,999999,1,2540,Object_Name_224501,,0,0,1,117,True,0,0,2,0,True,False,30,60,180,3000.0,[],False,206104,2,0,0,Dispositivo de Armazenamento de Dados,,,[]
224502,15,0,30930000,999999,1,2019,Object_Name_224502,,0,0,1,117,True,0,0,2,0,True,False,30,60,180,3000.0,[],False,0,2,0,0,Núcleo Arcano,,,[]
224503,15,0,18810004,999999,1,2500,Object_Name_224503,,0,0,1,117,True,0,0,2,0,True,False,30,60,180,3000.0,[],False,0,2,0,0,Mars Gudelj Caído,,,[]
224901,15,0,30610001,999999,1,224901,Object_Name_224901,,0,0,1,117,True,0,0,2,0,True,False,30,60,180,3000.0,[],False,0,2,0,0,Rack de Dados da Gangue Helas,,,[]
227201,15,0,18750010,999999,1,227201,Object_Name_227201,,0,0,1,117,True,0,0,2,0,True,False,30,60,180,3000.0,[],False,0,2,0,0,Cadáver do Guarda de Segurança Bellato,,,[]
227301,15,0,30820000,999999,1,2536,Object_Name_227301,,0,0,1,117,True,0,0,2,0,True,False,30,60,180,3000.0,[],False,0,2,0,0,Beacon de Comunicação Accretia,,,[]
227401,1,0,30530000,999999,1,227401,Object_Name_227401,,0,0,1,117,True,0,0,2,0,True,False,30,60,180,3000.0,[],False,0,2,0,0,Entrada Secreta,,,[]
227402,1,0,30960000,999999,1,227402,Object_Name_227402,,0,0,1,117,True,0,0,2,0,True,False,30,60,180,3000.0,[],False,0,2,0,0,Console de Portão,,,[]
227403,1,0,17430005,999999,1,227403,Object_Name_227403,,0,0,1,117,True,0,0,2,0,True,False,30,60,180,3000.0,[],False,0,2,0,0,Robô Caído,,,[]
227404,1,0,30960000,999999,1,227404,Object_Name_227404,,0,0,1,117,True,0,0,2,0,True,False,30,60,180,3000.0,[],False,0,2,0,0,Console de Portão,,,[]
227405,1,0,17750003,999999,1,227405,Object_Name_227405,,0,0,1,117,True,0,0,2,0,True,False,30,60,180,3000.0,[],False,0,2,0,0,Sitz Paro Caído,,,[]
227406,1,0,30720001,999999,1,227406,Object_Name_227406,,0,0,1,117,True,0,0,2,0,True,False,30,60,180,3000.0,[],False,0,2,0,0,Garoto Caído,,,[]
227407,1,0,30080000,999999,1,227407,Object_Name_227407,,0,0,1,117,True,0,0,2,0,True,False,30,60,180,3000.0,[],False,0,2,0,0,Console de Dados do Laboratório Geral,,,[]
227501,1,0,17000011,999999,1,227501,Object_Name_227501,,0,0,1,117,True,0,0,2,0,True,False,30,60,180,3000.0,[],False,0,2,0,0,Inez Allen,,,[]
227502,1,0,30960000,999999,1,227502,Object_Name_227502,,0,0,1,117,True,0,0,2,0,True,False,30,60,180,3000.0,[],False,0,0,0,0,Console de Portão,,,[]
227601,1,0,30200000,999999,1,227601,Object_Name_227601,,0,0,1,117,True,0,0,2,0,True,False,30,60,180,3000.0,[],False,0,2,0,0,Console de Segurança do Hangar,,,[]
227602,1,0,30200000,999999,1,227602,Object_Name_227602,,0,0,1,117,True,0,0,2,0,True,False,30,60,180,3000.0,[],False,0,2,0,0,Console de Segurança do Hangar,,,[]
227603,1,0,31230000,999999,1,227603,Object_Name_227603,,0,0,1,117,True,0,0,2,0,True,False,0,60,180,3000.0,[],False,0,2,0,0,Primeiro Rastro,,,[]
227604,1,0,30780000,999999,1,227604,Object_Name_227604,,0,0,1,117,True,0,0,2,0,True,False,0,60,180,3000.0,[],False,0,2,0,0,Segundo Rastro,,,[]
227605,1,0,30200000,999999,1,227605,Object_Name_227605,,0,0,1,117,True,0,0,2,0,True,False,30,60,180,3000.0,[],False,0,2,0,0,Console de Segurança do Hangar,,,[]
227701,1,0,30080000,999999,1,2546,Object_Name_227701,,0,0,1,117,True,0,0,2,0,True,False,30,60,180,3000.0,[],False,0,2,0,0,Dispositivo de Bloqueio,,,[]
227801,1,0,30680000,999999,1,10010,Object_Name_227801,,0,0,1,117,True,0,0,2,0,True,False,30,60,180,3000.0,[],False,0,2,0,0,Eco Abissal,,,[]
277001,1,0,31520000,999999,277001,277001,Object_Name_277001,,0,0,3,234,False,0,0,2,0,True,False,30,50,180,3000.0,[],True,0,0,0,0,,,,[]
277002,1,0,31520000,999999,277001,277001,Object_Name_277002,,0,0,3,234,False,0,0,2,0,True,False,30,50,180,3000.0,[],True,0,0,0,0,Ponte de Controle,,,[]
277003,1,0,30200002,999999,277001,277001,Object_Name_277003,,0,0,3,234,False,0,0,2,0,True,False,30,50,180,3000.0,[],True,0,0,0,0,,,,[]
277004,1,0,30200002,999999,277001,277001,Object_Name_277004,,0,0,3,234,False,0,0,2,0,True,False,30,50,180,3000.0,[],True,0,0,0,0,,,,[]
277005,1,0,30200002,999999,277001,277001,Object_Name_277005,,0,0,3,234,False,0,0,2,0,True,False,30,50,180,3000.0,[],True,0,0,0,0,,,,[]
277006,1,0,30200002,999999,277001,277001,Object_Name_277006,,0,0,3,234,False,0,0,2,0,True,False,30,50,180,3000.0,[],True,0,0,0,0,,,,[]
277007,1,0,30200002,999999,277001,277001,Object_Name_277007,,0,0,3,234,False,0,0,2,0,True,False,30,50,180,3000.0,[],True,0,0,0,0,,,,[]
277008,1,0,30200002,999999,277001,277001,Object_Name_277008,,0,0,3,234,False,0,0,2,0,True,False,30,50,180,3000.0,[],True,0,0,0,0,,,,[]
277009,1,0,30200002,999999,277001,277001,Object_Name_277009,,0,0,3,234,False,0,0,2,0,True,False,30,50,180,3000.0,[],True,0,0,0,0,,,,[]
277010,1,0,30200002,999999,277001,277001,Object_Name_277010,,0,0,3,234,False,0,0,2,0,True,False,30,50,180,3000.0,[],True,0,0,0,0,,,,[]
277011,1,0,30200002,999999,277001,277001,Object_Name_277011,,0,0,3,234,False,0,0,2,0,True,False,30,50,180,3000.0,[],True,0,0,0,0,,,,[]
277012,1,0,30200002,999999,277001,277001,Object_Name_277012,,0,0,3,234,False,0,0,2,0,True,False,30,50,180,3000.0,[],True,0,0,0,0,,,,[]
283101,58,0,30200002,999999,1,283101,Object_Name_283101,,0,0,3,117,False,0,0,2,0,True,False,30,50,180,3000.0,[],False,0,0,0,0,Dispositivo de Controle de Barreira de Brilhantismo,,,[]
283102,58,0,30200002,999999,1,283102,Object_Name_283102,,0,0,3,117,False,0,0,2,0,True,False,30,50,180,3000.0,[],False,0,0,0,0,Dispositivo de Controle de Barreira de Aço,,,[]
283103,58,0,30200002,999999,1,283103,Object_Name_283103,,0,0,3,117,False,0,0,2,0,True,False,30,50,180,3000.0,[],False,0,0,0,0,Dispositivo de Controle da Barreira Central,,,[]
283104,58,0,30200002,999999,1,283104,Object_Name_283104,,0,0,3,117,False,0,0,2,0,True,False,30,50,180,3000.0,[],False,0,0,0,0,Dispositivo de Controle da Barreira Central,,,[]
283105,58,0,30200002,999999,1,283105,Object_Name_283105,,0,0,3,117,False,0,0,2,0,True,False,30,50,180,3000.0,[],False,0,0,0,0,Dispositivo de Controle de Barreira,,,[]
283106,58,0,30200002,999999,1,283106,Object_Name_283106,,0,0,3,117,False,0,0,2,0,True,False,30,50,180,3000.0,[],False,0,0,0,0,Dispositivo de Controle de Barreira,,,[]
283151,58,0,31430002,999999,1,283151,Object_Name_283151,,0,0,3,117,False,0,0,2,0,True,False,30,60,180,3000.0,[],False,0,0,0,0,Elemento de Rapidez,,,[]
283152,58,0,31430001,999999,1,283152,Object_Name_283152,,0,0,3,117,False,0,0,2,0,True,False,30,60,180,3000.0,[],False,0,0,0,0,Elemento Feroz de Brilhantismo,,,[]
283153,58,0,31430000,999999,1,283153,Object_Name_283153,,0,0,3,117,False,0,0,2,0,True,False,30,60,180,3000.0,[],False,0,0,0,0,Elemento Afiado de Aço,,,[]
283154,58,0,31430002,999999,1,283154,Object_Name_283154,,0,0,3,117,False,0,0,2,0,True,False,30,60,180,3000.0,[],False,0,0,0,0,Elemento de Perfuração,,,[]
283155,58,0,31430002,999999,1,283155,Object_Name_283155,,0,0,3,117,False,0,0,2,0,True,False,30,60,180,3000.0,[],False,0,0,0,0,Elemento Crítico,,,[]
283201,58,0,30200002,999999,1,283201,Object_Name_283201,,0,0,3,117,False,0,0,2,0,True,False,30,50,180,3000.0,[],False,0,0,0,0,Dispositivo de Controle de Barreira de Brilhantismo,,,[]
283202,58,0,30200002,999999,1,283202,Object_Name_283202,,0,0,3,117,False,0,0,2,0,True,False,30,50,180,3000.0,[],False,0,0,0,0,Dispositivo de Controle de Barreira de Aço,,,[]
283203,58,0,30200002,999999,1,283203,Object_Name_283203,,0,0,3,117,False,0,0,2,0,True,False,30,50,180,3000.0,[],False,0,0,0,0,Dispositivo de Controle da Barreira Central,,,[]
283204,58,0,30200002,999999,1,283204,Object_Name_283204,,0,0,3,117,False,0,0,2,0,True,False,30,50,180,3000.0,[],False,0,0,0,0,Dispositivo de Controle da Barreira Central,,,[]
283205,58,0,30200002,999999,1,283205,Object_Name_283205,,0,0,3,117,False,0,0,2,0,True,False,30,50,180,3000.0,[],False,0,0,0,0,Dispositivo de Controle de Barreira,,,[]
283206,58,0,30200002,999999,1,283206,Object_Name_283206,,0,0,3,117,False,0,0,2,0,True,False,30,50,180,3000.0,[],False,0,0,0,0,Dispositivo de Controle de Barreira,,,[]
283251,58,0,31430002,999999,1,283251,Object_Name_283251,,0,0,3,117,False,0,0,2,0,True,False,30,60,180,3000.0,[],False,0,0,0,0,Elemento de Rapidez,,,[]
283252,58,0,31430001,999999,1,283252,Object_Name_283252,,0,0,3,117,False,0,0,2,0,True,False,30,60,180,3000.0,[],False,0,0,0,0,Elemento Feroz de Brilhantismo,,,[]
283253,58,0,31430000,999999,1,283253,Object_Name_283253,,0,0,3,117,False,0,0,2,0,True,False,30,60,180,3000.0,[],False,0,0,0,0,Elemento Aço Agudo,,,[]
283254,58,0,31430002,999999,1,283254,Object_Name_283254,,0,0,3,117,False,0,0,2,0,True,False,30,60,180,3000.0,[],False,0,0,0,0,Elemento de Perfuração,,,[]
283255,58,0,31430002,999999,1,283255,Object_Name_283255,,0,0,3,117,False,0,0,2,0,True,False,30,60,180,3000.0,[],False,0,0,0,0,Elemento Crítico,,,[]
283301,58,0,30200002,999999,1,283301,Object_Name_283301,,0,0,3,117,False,0,0,2,0,True,False,30,50,180,3000.0,[],False,0,0,0,0,Dispositivo de Controle de Barreira de Brilhantismo,,,[]
283302,58,0,30200002,999999,1,283302,Object_Name_283302,,0,0,3,117,False,0,0,2,0,True,False,30,50,180,3000.0,[],False,0,0,0,0,Dispositivo de Controle de Barreira de Aço,,,[]
283303,58,0,30200002,999999,1,283303,Object_Name_283303,,0,0,3,117,False,0,0,2,0,True,False,30,50,180,3000.0,[],False,0,0,0,0,Dispositivo de Controle da Barreira Central,,,[]
283304,58,0,30200002,999999,1,283304,Object_Name_283304,,0,0,3,117,False,0,0,2,0,True,False,30,50,180,3000.0,[],False,0,0,0,0,Dispositivo de Controle da Barreira Central,,,[]
283305,58,0,30200002,999999,1,283305,Object_Name_283305,,0,0,3,117,False,0,0,2,0,True,False,30,50,180,3000.0,[],False,0,0,0,0,Dispositivo de Controle de Barreira,,,[]
283306,58,0,30200002,999999,1,283306,Object_Name_283306,,0,0,3,117,False,0,0,2,0,True,False,30,50,180,3000.0,[],False,0,0,0,0,Dispositivo de Controle de Barreira,,,[]
283351,58,0,31430002,999999,1,283351,Object_Name_283351,,0,0,3,117,False,0,0,2,0,True,False,30,60,180,3000.0,[],False,0,0,0,0,Elemento de Rapidez,,,[]
283352,58,0,31430001,999999,1,283352,Object_Name_283352,,0,0,3,117,False,0,0,2,0,True,False,30,60,180,3000.0,[],False,0,0,0,0,Elemento Feroz de Brilhantismo,,,[]
283353,58,0,31430000,999999,1,283353,Object_Name_283353,,0,0,3,117,False,0,0,2,0,True,False,30,60,180,3000.0,[],False,0,0,0,0,Elemento Afiado de Aço,,,[]
283354,58,0,31430002,999999,1,283354,Object_Name_283354,,0,0,3,117,False,0,0,2,0,True,False,30,60,180,3000.0,[],False,0,0,0,0,Elemento de Perfuração,,,[]
283355,58,0,31430002,999999,1,283355,Object_Name_283355,,0,0,3,117,False,0,0,2,0,True,False,30,60,180,3000.0,[],False,0,0,0,0,Elemento Crítico,,,[]
300351,58,0,17450000,1,1,0,Monster_Name_300351,Monster_Title_3000001,0,3000001,2,0,False,0,0,2,1,True,True,40,100,200,3000.0,[7003001],False,0,0,0,0,Guerreiro Akvaran,Android Hackeado,,[]
300352,58,0,17460000,1,1,0,Monster_Name_300352,Monster_Title_3000001,0,3000001,2,0,False,0,0,2,1,True,True,40,100,200,3000.0,[7003101],False,0,0,0,0,Soldado Akvaran,Android Hackeado,,[]
300551,30,0,10740000,1,1,0,Monster_Name_300551,,0,0,2,0,True,0,0,2,0,True,True,40,50,200,3000.0,"[7010101,7010102,7010103,7010104,7010105,7010106]",False,0,0,0,0,Assunto,,,[]
300803,20,0,10690000,1,300803,0,Monster_Name_300803,Monster_Title_300803,0,300803,2,0,False,0,0,2,1,True,True,34,50,200,5000.0,[7002501],False,0,0,0,0,Sentinela Helas,Invasores de Navios de Carga,,[]
300804,20,0,10695000,1,300804,0,Monster_Name_300804,Monster_Title_300803,0,300803,2,0,False,0,0,2,1,True,True,40,50,200,5000.0,[7002401],False,0,0,0,0,Cavalaria Pesada Helas,Invasores de Navios de Carga,,[]
300805,20,0,10693000,1,300805,0,Monster_Name_300805,Monster_Title_300803,0,300803,2,0,False,0,0,2,1,True,True,35,50,200,5000.0,"[7005404,7005405,7005406]",False,0,0,0,0,Combatente Mech Helas,Invasores de Navios de Carga,,[]
300806,28,0,14060007,102,300806,0,Monster_Name_300806,Monster_Title_300803,0,300803,2,103,False,0,2,2,1,True,True,50,230,540,5000.0,"[3507001,3507002,3507003,3507004,3507005]",False,0,0,0,0,Stinger MAU,Invasores de Navios de Carga,,[]
300807,16,0,10685000,1,300807,0,Monster_Name_300807,Monster_Title_301504,0,1500001,2,0,True,0,0,2,0,True,True,40,50,200,3000.0,[7010401],True,0,0,0,0,Karon Vingador,Atacante de Bellato City,,[]
300808,16,0,10684000,1,300808,0,Monster_Name_300808,Monster_Title_301504,0,1500001,2,0,True,0,0,2,0,True,True,40,50,200,3000.0,"[7010501,7010502]",True,0,0,0,0,Cavaleiro Karon,Atacante de Bellato City,,[]
300810,17,0,10682000,1,300810,0,Monster_Name_300810,Monster_Title_301504,0,1500001,2,0,True,0,0,2,1,True,True,40,50,200,3000.0,[7011001],True,0,0,0,0,Feiticeiro Karon,Atacante de Bellato City,,[]
300811,23,0,10680001,10680001,300811,0,Monster_Name_300811,Monster_Title_301504,0,1500002,2,103,True,0,2,2,1,True,True,40,100,200,3000.0,[7010801],True,0,0,0,0,Karon Mão Negra,Atacante de Bellato City,,[]
300812,17,0,10681000,1,300812,0,Monster_Name_300812,Monster_Title_301504,0,1500001,2,0,True,0,0,2,1,True,True,40,50,200,3000.0,"[7010701,7010702]",True,0,0,0,0,Karon Berserker,Atacante de Bellato City,,[]
300813,17,0,10683000,1,300813,0,Monster_Name_300813,Monster_Title_301504,0,1500001,2,0,True,0,0,2,1,True,True,40,50,200,3000.0,"[7010901,7010902]",True,0,0,0,0,Karon Bruxo,Atacante de Bellato City,,[]
300814,16,0,10685000,1,300814,0,Monster_Name_300807,Monster_Title_301504,0,1500003,2,0,True,0,0,2,0,True,True,40,50,200,3000.0,[7010401],True,0,0,0,0,Karon Vingador,Atacante de Bellato City,,[]
300815,16,0,10684000,1,300815,0,Monster_Name_300808,Monster_Title_301504,0,1500003,2,0,True,0,0,2,0,True,True,40,50,200,3000.0,"[7010501,7010502]",True,0,0,0,0,Cavaleiro Karon,Atacante de Bellato City,,[]
300817,17,0,10682000,1,300817,0,Monster_Name_300810,Monster_Title_301504,0,1500003,2,0,True,0,0,2,1,True,True,40,50,200,3000.0,[7011001],True,0,0,0,0,Feiticeiro Karon,Atacante de Bellato City,,[]
300818,17,0,10681000,1,300818,0,Monster_Name_300812,Monster_Title_301504,0,1500003,2,0,True,0,0,2,1,True,True,40,50,200,3000.0,"[7010701,7010702]",True,0,0,0,0,Karon Berserker,Atacante de Bellato City,,[]
300819,17,0,10683000,1,300819,0,Monster_Name_300813,Monster_Title_301504,0,1500003,2,0,True,0,0,2,1,True,True,40,50,200,3000.0,"[7010901,7010902]",True,0,0,0,0,Karon Bruxo,Atacante de Bellato City,,[]
300820,16,0,10685000,1,1,0,Monster_Name_300807,Monster_Title_301504,0,1500001,2,0,True,0,0,2,0,True,True,40,50,200,3000.0,[7010401],True,0,0,0,0,Karon Vingador,Atacante de Bellato City,,[]
300821,16,0,10684000,1,1,0,Monster_Name_300808,Monster_Title_301504,0,1500001,2,0,True,0,0,2,0,True,True,40,50,200,3000.0,"[7010501,7010502]",True,0,0,0,0,Cavaleiro Karon,Atacante de Bellato City,,[]
300822,17,0,10682000,1,1,0,Monster_Name_300810,Monster_Title_301504,0,1500001,2,0,True,0,0,2,1,True,True,40,50,200,3000.0,[7011001],True,0,0,0,0,Feiticeiro Karon,Atacante de Bellato City,,[]
300823,17,0,10681000,1,1,0,Monster_Name_300812,Monster_Title_301504,0,1500001,2,0,True,0,0,2,1,True,True,40,50,200,3000.0,"[7010701,7010702]",True,0,0,0,0,Karon Berserker,Atacante de Bellato City,,[]
300824,17,0,10683000,1,1,0,Monster_Name_300813,Monster_Title_301504,0,1500001,2,0,True,0,0,2,1,True,True,40,50,200,3000.0,"[7010901,7010902]",True,0,0,0,0,Karon Bruxo,Atacante de Bellato City,,[]
300825,16,0,10685000,1,1,0,Monster_Name_300807,Monster_Title_301504,0,1500003,2,0,True,0,0,2,0,True,True,40,50,200,3000.0,[7010401],True,0,0,0,0,Karon Vingador,Atacante de Bellato City,,[]
300826,16,0,10684000,1,1,0,Monster_Name_300808,Monster_Title_301504,0,1500003,2,0,True,0,0,2,0,True,True,40,50,200,3000.0,"[7010501,7010502]",True,0,0,0,0,Cavaleiro Karon,Atacante de Bellato City,,[]
300827,17,0,10682000,1,1,0,Monster_Name_300810,Monster_Title_301504,0,1500003,2,0,True,0,0,2,1,True,True,40,50,200,3000.0,[7011001],True,0,0,0,0,Feiticeiro Karon,Atacante de Bellato City,,[]
300828,17,0,10681000,1,1,0,Monster_Name_300812,Monster_Title_301504,0,1500003,2,0,True,0,0,2,1,True,True,40,50,200,3000.0,"[7010701,7010702]",True,0,0,0,0,Karon Berserker,Atacante de Bellato City,,[]
300829,17,0,10683000,1,1,0,Monster_Name_300813,Monster_Title_301504,0,1500003,2,0,True,0,0,2,1,True,True,40,50,200,3000.0,"[7010901,7010902]",True,0,0,0,0,Karon Bruxo,Atacante de Bellato City,,[]
300901,17,0,10540000,1,300901,0,Monster_Name_300901,Monster_Title_300901,0,1500006,2,0,True,0,0,2,0,True,True,40,50,200,30000.0,[7002701],False,0,0,0,0,Recon Equesiano,Bandidos de Ferro Negro,,[]
300902,17,0,10541000,1,300902,0,Monster_Name_300902,Monster_Title_300901,0,1500006,2,0,True,0,0,2,0,True,True,40,50,200,30000.0,[7002801],False,0,0,0,0,Invasor Equesiano,Bandidos de Ferro Negro,,[]
300905,17,0,10540000,1,1,0,Monster_Name_300901,Monster_Title_300901,0,1500005,2,0,True,0,0,2,0,True,True,40,50,200,30000.0,[7002701],True,0,0,0,0,Recon Equesiano,Bandidos de Ferro Negro,,[]
300906,17,0,10541000,1,1,0,Monster_Name_300902,Monster_Title_300901,0,1500005,2,0,True,0,0,2,1,True,True,40,50,200,30000.0,[7002801],False,0,0,0,0,Invasor Equesiano,Bandidos de Ferro Negro,,[]
300907,17,0,10530000,1,1,0,Monster_Name_300903,Monster_Title_300901,0,1500005,2,0,True,0,0,2,1,True,True,40,50,200,30000.0,"[7003601,7003602]",False,0,0,0,0,Bruto Marauder,Bandidos de Ferro Negro,,[]
300908,17,0,10531000,1,1,0,Monster_Name_300904,Monster_Title_300901,0,1500005,2,0,True,0,0,2,1,True,True,40,50,200,30000.0,[7003501],False,0,0,0,0,Fora da Lei Bruto,Bandidos de Ferro Negro,,[]
301101,42,0,10640000,1,1,0,Monster_Name_301101,Monster_Title_1100001,0,1100001,2,0,False,0,0,2,1,True,True,40,50,200,3000.0,"[7008001,7008002]",False,0,0,0,0,Sacerdote Infectado,Emboscada de Infectados,,[]
301102,42,0,10740000,1,1,0,Monster_Name_301102,Monster_Title_1100001,0,1100001,2,0,False,0,0,2,1,True,True,40,50,200,3000.0,"[7010101,7010102,7010103,7010104,7010105,7010106]",False,0,0,0,0,Seguidor Infectado,Emboscada de Infectados,,[]
301103,42,0,10650000,1,1,0,Monster_Name_301103,Monster_Title_1100001,0,1100001,2,0,False,0,0,2,1,True,True,40,50,200,3000.0,"[7008101,7008102,7008103]",False,0,0,0,0,Seguidor Infectado Falhado,Emboscada de Infectados,,[]
301104,42,0,10670000,1,1,0,Monster_Name_301104,Monster_Title_1100001,0,1100001,2,0,False,0,0,2,1,True,True,40,60,200,3000.0,"[7010201,7010202,7010203]",False,0,0,0,0,Seguidor Infectado Gigante,Emboscada de Infectados,,[]
301105,42,0,10660000,1,1,0,Monster_Name_301105,Monster_Title_1100001,0,1100001,2,0,False,0,0,2,1,True,True,40,80,200,3000.0,"[7006801,7006802,7006803]",False,0,0,0,0,Chefe Infectado,Emboscada de Infectados,,[]
301201,32,0,10670001,301202,2,0,Monster_Name_301201,,0,0,2,103,True,0,2,2,1,True,True,40,150,300,30000.0,"[7010204,7010205,7010206]",False,0,0,0,0,Assunto Delta,,,[]
301202,30,0,10740000,1,1,0,Monster_Name_301202,,0,0,2,0,True,0,0,2,1,True,True,40,50,200,3000.0,"[7010101,7010102,7010103,7010104,7010105,7010106]",False,0,0,0,0,Sujeito Alpha,,,[]
301203,30,0,10740001,1,1,0,Monster_Name_301202,,0,0,2,0,False,0,0,2,1,True,True,40,50,200,3000.0,"[7010101,7010102,7010103,7010104,7010105,7010106]",False,0,0,0,0,Sujeito Alpha,,,[]
301301,26,0,18400000,1,1,0,Monster_Name_301301,Monster_Title_13000001,0,13000001,2,0,False,0,0,2,0,True,True,40,50,200,10000.0,[7003001],False,0,0,0,0,Guerreiro Androide,Abduzidor Misterioso,,[]
301302,26,0,18520000,1,1,0,Monster_Name_301302,Monster_Title_13000001,0,13000001,2,0,False,0,0,2,0,True,True,40,100,200,10000.0,[7003101],False,0,0,0,0,Soldado Android,Abduzidor Misterioso,,[]
301303,26,0,10685000,1,1,0,Monster_Name_301303,Monster_Title_13000001,0,13000001,2,0,False,0,0,2,0,True,True,40,50,200,10000.0,[7010401],False,0,0,0,0,Sniper Karon,Abduzidor Misterioso,,[]
301304,26,0,10682000,1,1,0,Monster_Name_301304,Monster_Title_13000001,0,13000001,2,0,False,0,0,2,0,True,True,40,50,200,10000.0,[7011001],False,0,0,0,0,Sacerdote Karon,Abduzidor Misterioso,,[]
301305,26,0,10681000,1,1,0,Monster_Name_301305,Monster_Title_13000001,0,13000001,2,0,False,0,0,2,0,True,True,40,50,200,10000.0,"[7010701,7010702]",False,0,0,0,0,Oficial Karon,Abduzidor Misterioso,,[]
301306,26,0,30080000,1,320205,0,Monster_Name_307605,,0,0,2,125,False,0,0,2,1,False,False,0,40,10,3000.0,[7100931],False,0,1,0,0,Bork de Assalto Anakade,,,[]
301311,26,0,18400000,1,1,0,Monster_Name_301301,Monster_Title_13000001,0,13000001,2,0,False,0,0,2,0,True,True,40,50,200,10000.0,[7003001],False,0,0,0,0,Guerreiro Androide,Abduzidor Misterioso,,[]
301312,26,0,18520000,1,1,0,Monster_Name_301302,Monster_Title_13000001,0,13000001,2,0,False,0,0,2,0,True,True,40,100,200,10000.0,[7003101],False,0,0,0,0,Soldado Android,Abduzidor Misterioso,,[]
301501,1,0,17450000,1,1,0,Monster_Name_301501,Monster_Title_15000001,0,15000001,2,0,True,0,0,2,0,True,True,40,100,200,10000.0,[7003001],False,0,0,0,0,Patrulha,Accretia Imperial,,[]
301502,1,0,17460000,1,1,0,Monster_Name_301502,Monster_Title_15000001,0,15000001,2,0,False,0,0,2,0,True,True,40,100,200,1000.0,[7003101],False,0,0,0,0,Guarda,Accretia Imperial,,[]
301503,1,0,17450000,1,1,0,Monster_Name_301503,Monster_Title_15000002,0,15000002,2,0,False,0,0,2,0,True,True,40,100,200,30000.0,[7003001],False,0,0,0,0,Soldado,Imperial Accretia,,[]
301504,1,0,18800000,1,1,0,Monster_Name_301504,Monster_Title_15000002,0,15000002,2,0,False,0,0,2,0,True,True,40,60,200,30000.0,"[7013701,7013702,7013703]",False,0,0,0,0,Vanguarda,Imperial Accretia,,[]
301505,1,0,17430000,317,301505,0,Monster_Name_301505,Monster_Title_301505,0,15000003,2,103,True,0,2,2,1,True,True,40,100,310,10000.0,"[7013901,7013902]",True,0,0,0,0,Manfred,Comandante de Bateria Accretia,,[]
301506,2,0,18780000,1,1,0,Monster_Name_301506,Monster_Title_15000003,0,15000003,2,0,True,0,0,2,1,True,True,40,60,200,10000.0,"[7013501,7013502]",False,0,0,0,0,Recon,Imperial Accretia,,[]
301507,2,0,18790000,1,1,0,Monster_Name_301507,Monster_Title_15000003,0,15000003,2,0,True,0,0,2,1,True,True,40,60,200,10000.0,"[7013601,7013602]",False,0,0,0,0,Striker,Imperial Accretia,,[]
301508,2,0,17450000,1,1,0,Monster_Name_301508,Monster_Title_15000003,0,15000003,2,0,True,0,0,2,1,True,True,40,100,200,10000.0,[7003001],False,0,0,0,0,Soldado,Imperial Accretia,,[]
301510,1,0,18650001,18650001,301510,0,Monster_Name_301510,Monster_Title_15000010,0,15000010,2,103,True,0,2,2,1,True,True,40,100,200,10000.0,"[7011701,7011702]",False,0,0,0,0,Helenos,Capitã Cora Knight,,[]
301511,3,0,18610000,1,1,0,Monster_Name_301511,Monster_Title_15000011,0,15000011,2,0,True,0,0,2,0,True,True,40,100,200,10000.0,[7011401],False,0,0,0,0,Lanceiro,Cavaleiros Cora,,[]
301512,3,0,18620002,1,301512,0,Monster_Name_301512,Monster_Title_15000012,0,15000012,2,0,True,0,0,2,0,True,True,40,100,200,10000.0,[7011501],False,0,0,0,0,Recon,Cavaleiros Cora,,[]
301513,4,0,18610006,1,301513,0,Monster_Name_301513,Monster_Title_15000012,0,15000012,2,0,True,0,0,2,1,True,True,40,100,200,10000.0,[7011401],False,0,0,0,0,Lanceiro,Cavaleiros Cora,,[]
301514,4,0,18710002,286,301514,0,Monster_Name_301514,Monster_Title_15000012,0,15000012,2,0,True,0,0,2,1,True,True,40,100,200,10000.0,"[7012901,7012902]",False,0,0,0,0,Cavaleiro,Cavaleiros Cora,,[]
301515,4,0,18620002,1,301515,0,Monster_Name_301515,Monster_Title_15000012,0,15000012,2,0,True,0,0,2,1,True,True,40,100,200,10000.0,[7011501],False,0,0,0,0,Recon,Cavaleiros Cora,,[]
301516,4,0,18710002,286,301516,0,Monster_Name_301516,Monster_Title_15000012,0,15000012,2,0,True,0,0,2,1,True,True,40,100,200,10000.0,"[7012901,7012902]",False,0,1,0,0,Cavaleiro,Cavaleiros Cora,,[]
301517,4,0,18610006,1,301517,0,Monster_Name_301517,Monster_Title_15000012,0,15000012,2,0,True,0,0,2,1,True,True,40,100,200,10000.0,[7011401],False,0,1,0,0,Lanceiro,Cavaleiros Cora,,[]
301518,4,0,18690002,1,301518,0,Monster_Name_301518,Monster_Title_15000012,0,15000012,2,0,True,0,0,2,1,True,True,40,100,200,10000.0,"[7012701,7012702]",False,0,1,0,0,Arquivista,Cavaleiros Cora,,[]
301519,3,0,18610006,1,301519,0,Monster_Name_301519,Monster_Title_15000013,0,15000013,2,0,True,0,0,2,1,True,True,40,100,200,10000.0,[7011401],False,0,0,0,0,Lanceiro,Cavaleiros Cora,,[]
301520,3,0,18710002,286,301520,0,Monster_Name_301520,Monster_Title_15000013,0,15000013,2,0,True,0,0,2,1,True,True,40,100,200,10000.0,"[7012901,7012902]",False,0,0,0,0,Cavaleiro,Cavaleiros Cora,,[]
301521,3,0,18690002,1,301521,0,Monster_Name_301521,Monster_Title_15000013,0,15000013,2,0,True,0,0,2,1,True,True,40,100,200,10000.0,"[7012701,7012702]",False,0,0,0,0,Arquivista,Cavaleiros Cora,,[]
301522,3,0,18620002,1,301522,0,Monster_Name_301522,Monster_Title_15000013,0,15000013,2,0,True,0,0,2,1,True,True,40,100,200,10000.0,[7011501],False,0,0,0,0,Recon,Cavaleiros Cora,,[]
301523,3,0,18610005,1,301523,0,Monster_Name_301523,Monster_Title_15000014,0,15000014,2,0,True,0,0,2,1,True,True,40,100,200,10000.0,[7011401],False,0,0,0,0,Lanceiro,Cavaleiros Cora,,[]
301524,3,0,18710005,286,301524,0,Monster_Name_301524,Monster_Title_15000014,0,15000014,2,0,True,0,0,2,1,True,True,40,100,200,10000.0,"[7012901,7012902]",False,0,0,0,0,Cavaleiro,Cavaleiros Cora,,[]
301525,3,0,18690005,1,301525,0,Monster_Name_301525,Monster_Title_15000014,0,15000014,2,0,True,0,0,2,1,True,True,40,100,200,10000.0,"[7012701,7012702]",False,0,0,0,0,Arquivista,Cavaleiros Cora,,[]
301526,3,0,18620006,1,301526,0,Monster_Name_301526,Monster_Title_15000014,0,15000014,2,0,True,0,0,2,1,True,True,40,100,200,10000.0,[7011501],False,0,0,0,0,Recon,Cavaleiros Cora,,[]
301527,3,0,18610005,1,301527,0,Monster_Name_301527,Monster_Title_15000014,0,15000014,2,0,True,0,0,2,1,True,True,40,100,200,10000.0,[7011401],False,0,0,0,0,Lanceiro,Cavaleiros Cora,,[]
301528,3,0,18710005,286,301528,0,Monster_Name_301528,Monster_Title_15000014,0,15000014,2,0,True,0,0,2,1,True,True,40,100,200,10000.0,"[7012901,7012902]",False,0,0,0,0,Cavaleiro,Cavaleiros Cora,,[]
301531,3,0,18620002,1,301531,0,Monster_Name_301531,Monster_Title_15000031,0,15000031,2,0,True,0,0,2,0,True,True,40,100,200,10000.0,[7011501],False,0,0,0,0,Recon,Cavaleiros Cora,,[]
301532,3,0,18710002,286,301532,0,Monster_Name_301532,Monster_Title_15000031,0,15000031,2,0,True,0,0,2,0,True,True,40,100,200,10000.0,"[7012901,7012902]",False,0,0,0,0,Cavaleiro,Cavaleiros Cora,,[]
301533,3,0,18690002,1,301533,0,Monster_Name_301533,Monster_Title_15000031,0,15000031,2,0,True,0,0,2,0,True,True,40,100,200,10000.0,"[7012701,7012702]",False,0,0,0,0,Arquivista,Cavaleiros Cora,,[]
301534,3,0,18630002,1,301534,0,Monster_Name_301534,Monster_Title_15000031,0,15000031,2,0,True,0,0,2,0,True,True,40,100,200,10000.0,[7011601],False,0,0,0,0,Carcereiro,Cavaleiros Cora,,[]
301541,5,0,16220001,16220001,301541,0,Monster_Name_301541,,0,0,2,103,False,0,2,2,1,True,True,250,250,600,30000.0,[],True,0,0,0,0,Protetor da Pedra Sagrada,,,[]
302101,56,0,10670000,1,1,0,Monster_Name_302101,,0,21000001,2,0,False,0,0,2,1,True,True,40,60,200,3000.0,"[7010201,7010202,7010203]",False,0,0,0,0,,,,[]
302102,46,0,17780004,302102,2,10002,Monster_Name_302102,,0,0,2,103,True,0,2,2,1,True,True,40,50,200,15000.0,"[7104701,7104702,7104703]",True,0,0,0,0,Assassino,,,[]
302103,44,0,18530001,1,1,0,Monster_Name_302103,Monster_Title_21000002,0,21000002,2,0,True,0,0,2,1,True,True,40,100,200,30000.0,[7003001],False,0,0,0,0,Droid Guardião,Guarda Oz,,[]
302104,44,0,18530001,1,1,0,Monster_Name_302104,Monster_Title_21000002,0,21000002,2,0,True,0,0,2,1,True,True,40,100,200,30000.0,[7003001],False,0,0,0,0,Droid Guardião,Guarda Oz,,[]
302105,44,0,18540001,1,1,0,Monster_Name_302105,Monster_Title_21000002,0,21000002,2,0,True,0,0,2,1,True,True,40,100,200,30000.0,[7003101],False,0,0,0,0,Droid Guardião,Guarda Oz,,[]
302106,44,0,18540001,1,1,0,Monster_Name_302106,Monster_Title_21000002,0,21000002,2,0,True,0,0,2,1,True,True,40,100,200,30000.0,[7003101],False,0,0,0,0,Droid Guardião,Guarda Oz,,[]
302107,56,0,10720100,1,1,0,Monster_Name_302107,,0,21000001,2,0,False,0,0,2,1,True,True,40,50,200,3000.0,"[7018401,7018402]",False,0,0,0,0,,,,[]
302108,56,0,10730100,1,1,0,Monster_Name_302108,,0,21000001,2,0,False,0,0,2,1,True,True,40,50,200,3000.0,[7018501],False,0,0,0,0,,,,[]
302801,62,0,17450000,1,1,0,Monster_Name_302801,Monster_Title_28000001,0,28000001,2,0,False,0,0,2,1,True,True,40,50,200,30000.0,[7003001],False,0,0,0,0,Guerreiro Androide,Android Overmind,,[]
302802,62,0,17460000,1,1,0,Monster_Name_302802,Monster_Title_28000001,0,28000001,2,0,False,0,0,2,1,True,True,40,50,200,30000.0,[7003101],False,0,0,0,0,Soldado Android,Android Overmind,,[]
303300,1,0,30442000,0,1,0,,,0,0,2,213,False,0,0,2,0,False,False,60,150,200,3000.0,[],False,0,1,0,0,,,,[]
303301,1,0,30630000,0,1,0,,,0,0,2,0,False,0,0,2,0,False,True,180,200,200,3000.0,[],False,0,1,0,0,,,,[]
303302,1,0,30640000,0,1,0,,,0,0,2,0,False,0,0,2,0,False,True,180,200,200,3000.0,[],False,0,1,0,0,,,,[]
303303,65,0,16010000,108,303303,0,Monster_Name_303303,,0,0,2,205,False,0,2,2,1,True,True,150,900,900,5000.0,[7100101],False,0,1,0,0,Verme de Pedra,,,[]
303304,65,0,16010000,108,303303,0,Monster_Name_303303,,0,0,2,205,False,0,2,2,1,True,True,150,900,900,5000.0,[7100101],False,0,0,0,0,Verme de Pedra,,,[]
303400,1,0,30442000,0,1,0,,,0,0,2,213,False,0,0,2,0,False,False,60,150,200,3000.0,[],False,0,1,0,0,,,,[]
303401,5,0,16000000,140,303401,0,Monster_Name_303401,,0,0,2,205,False,0,2,2,1,True,True,150,1400,1000,5000.0,[7100201],False,0,0,0,0,Krator,,,[]
303500,1,0,30441000,0,1,0,,,0,0,2,213,False,0,0,2,0,False,False,60,150,200,3000.0,[],False,0,1,0,0,,,,[]
303501,50,0,16020000,515,303501,0,Monster_Name_303501,,0,0,2,205,False,0,2,2,1,True,True,200,450,800,10000.0,"[7103001,7103002]",False,0,1,0,0,Gleba,,,[]
303502,50,0,16020100,516,303502,0,Monster_Name_303501,,0,0,2,205,False,0,2,2,1,True,True,200,450,800,10000.0,[7103101],False,0,1,0,0,Gleba,,,[]
303503,50,0,16020200,517,303503,0,Monster_Name_303501,,0,0,2,205,False,0,2,2,1,True,True,200,600,1200,10000.0,"[7103201,7103202]",False,0,1,0,0,Gleba,,,[]
303600,1,0,30442000,0,1,0,,,0,0,2,213,False,0,0,2,0,False,False,60,150,200,3000.0,[],False,0,1,0,0,,,,[]
303601,35,0,16030000,514,303601,0,Monster_Name_303601,,0,0,2,205,False,0,2,2,1,True,True,150,1050,1000,5000.0,[7102901],False,0,1,0,0,Vritra,,,[]
305101,78,1000529,10510000,1,1,0,Monster_Name_305101,Monster_Title_51000001,0,51000001,2,0,False,0,0,2,0,True,True,40,50,200,3000.0,[7001401],False,0,0,0,0,Guerreiro Saura Kphala,Clã Kargon,,[14769]
305102,78,1000530,10520000,1,1,0,Monster_Name_305102,Monster_Title_51000001,0,51000001,2,0,False,0,0,2,0,True,True,40,50,200,3000.0,[7001502],False,0,0,0,0,Sentinela Kphala Saura,Clã Kargon,,[14769]
305103,78,1000531,17450000,1,1,0,Monster_Name_305103,Monster_Title_51000003,0,51000003,2,0,False,0,0,2,0,True,True,40,50,200,3000.0,[7003001],False,0,0,0,0,Guerreiro Mecânico Kphala,Equipe Overmind,,[14769]
305104,78,1000532,17460000,1,1,0,Monster_Name_305104,Monster_Title_51000003,0,51000003,2,0,False,0,0,2,0,True,True,40,50,200,3000.0,[7003101],False,0,0,0,0,Artilheiro Mecânico Kphala,Equipe Overmind,,[14769]
305105,78,1000533,10511000,1,1,0,Monster_Name_305105,Monster_Title_51000002,0,51000002,2,0,False,0,0,2,0,True,True,40,50,200,3000.0,"[7004001,7004002]",False,0,0,0,0,Guerreiro Kphala Elimar,Eliminar Clã,,[14769]
305106,78,1000534,10521000,1,1,0,Monster_Name_305106,Monster_Title_51000002,0,51000002,2,0,False,0,0,2,0,True,True,40,50,200,3000.0,[7006401],False,0,0,0,0,Sentinela Kphala Elimar,Eliminar Clã,,[14769]
305107,79,1000535,10030000,1,305110,0,Monster_Name_305107,,0,51000004,2,0,False,0,0,2,0,True,True,40,80,200,3000.0,[7000701],False,0,0,0,0,Kphala Grumble,,,[16069]
305108,79,1000536,18800000,1,1,0,Monster_Name_305108,Monster_Title_51000003,0,51000003,2,0,False,0,0,2,0,True,True,40,60,200,3000.0,"[7013701,7013702]",False,0,0,0,0,Kphala Vanguarda,Equipe Overmind,,[16069]
305109,79,1000537,18790000,1,1,0,Monster_Name_305109,Monster_Title_51000003,0,51000003,2,0,False,0,0,2,0,True,True,40,60,200,3000.0,"[7013601,7013602]",False,0,0,0,0,Kphala Striker,Equipe Overmind,,[16069]
305110,79,1000538,10050000,1,1,0,Monster_Name_305110,,0,51000004,2,0,False,0,0,2,0,True,True,40,90,200,3000.0,"[7003701,7003702,7003703]",False,0,0,0,0,Kphala Arghol,,,[16069]
305197,79,1000539,10831002,1,1,0,Monster_Name_305197,,0,0,2,0,False,0,0,2,1,True,True,40,80,140,1300.0,"[7015801,7015802]",False,0,0,0,0,Junker Desenfreado,,,[16069]
305198,79,1000540,10810003,1,1,0,Monster_Name_305198,,0,0,2,0,False,0,0,2,1,True,True,40,50,110,1300.0,"[7012401,7012402]",False,0,0,0,0,Bork de Assalto Desenfreado,,,[16069]
305199,79,1000541,10310003,1,1,0,Monster_Name_305199,,0,0,2,0,False,0,0,2,1,True,True,40,130,200,1300.0,"[7005801,7005802]",False,0,0,0,0,Brutal Selvagem,,,[16069]
305201,75,1000483,10120001,1,1,0,Monster_Name_305201,,0,52000001,2,0,False,0,0,2,0,True,True,40,90,200,3000.0,"[7007701,7007702]",False,0,0,0,0,Ramon Devorador,,,[10869]
305202,75,1000484,10200001,1,1,0,Monster_Name_305202,,0,52000001,2,0,False,0,0,2,0,True,True,50,120,200,3000.0,[7000801],False,0,0,0,0,Ramon Clod,,,[10869]
305203,75,1000485,10350000,1,1,0,Monster_Name_305203,,0,52000001,2,0,False,0,0,2,0,True,True,40,60,200,3000.0,"[7005701,7005702]",False,0,0,0,0,Ramon Dagan,,,[10869]
305204,75,1000486,10813000,1,1,0,Monster_Name_305204,,0,52000002,2,0,False,0,0,2,0,True,True,40,50,80,3000.0,"[7014901,7014902]",False,0,0,0,0,Caçador Ramon Ferinky,,,[10869]
305205,75,1000487,10814000,1,1,0,Monster_Name_305205,,0,52000002,2,0,False,0,0,2,0,True,True,40,50,80,3000.0,[7015501],False,0,0,0,0,Ramon Ferinky Atirador de Elite,,,[10869]
305206,75,1000488,10815000,1,1,0,Monster_Name_305206,,0,52000002,2,0,False,0,0,2,0,True,True,40,50,100,3000.0,[7015401],False,0,0,0,0,Ramon Ferinky Brigão,,,[10869]
305207,75,1000489,10816000,1,1,0,Monster_Name_305207,Monster_Title_52000003,0,52000003,2,0,False,0,0,2,0,True,True,40,50,110,3000.0,"[7015101,7015102]",False,0,0,0,0,Rastreador Ramon Clops,Clã Olho do Deserto,,[10869]
305208,75,1000490,10818000,1,1,0,Monster_Name_305208,Monster_Title_52000003,0,52000003,2,0,False,0,0,2,0,True,True,40,50,110,3000.0,[7015001],False,0,0,0,0,Ramon Clops Sniper,Clã Olho do Deserto,,[10869]
305209,75,1000491,10817000,1,305209,0,Monster_Name_305209,Monster_Title_52000003,0,52000003,2,0,False,0,0,2,0,True,True,40,60,130,3000.0,"[7015201,7015202]",False,0,0,0,0,Destruidor Ramon Clops,Clã Olho do Deserto,,[10869]
305210,75,1000492,10826000,1,1,0,Monster_Name_305210,Monster_Title_52000004,0,52000004,2,0,False,0,0,2,0,True,True,40,60,120,3000.0,"[7015901,7015902]",False,0,0,0,0,Ramon Soma Guerreiro Pesado,Guilda Sandvine,,[10869]
305211,75,1000493,10825000,1,1,0,Monster_Name_305211,Monster_Title_52000004,0,52000004,2,0,False,0,0,2,0,True,True,30,50,200,3000.0,"[7014501,7014502,7014503]",False,0,0,0,0,Assassino Ramon Soma,Guilda Sandvine,,[10869]
305212,75,1000494,10827000,1,1,0,Monster_Name_305212,Monster_Title_52000004,0,52000004,2,0,False,0,0,2,0,True,True,40,60,120,3000.0,"[7016001,7016002]",False,0,0,0,0,Ramon Soma Shockmancer,Guilda Sandvine,,[10869]
305213,75,1000495,10050002,1,1,0,Monster_Name_305213,,0,0,2,0,False,0,0,2,1,True,True,40,90,200,1300.0,"[7003701,7003702,7003703]",False,0,0,0,0,Arghol Selvagem,,,[10869]
305214,75,1000496,10842001,1,1,0,Monster_Name_305214,,0,0,2,0,False,0,0,2,1,True,True,40,50,50,1300.0,[7018302],False,0,0,0,0,Pathfinder Desenfreado,,,[10869]
305215,75,1000497,10831002,1,1,0,Monster_Name_305215,,0,0,2,0,False,0,0,2,1,True,True,40,80,140,1300.0,"[7015801,7015802]",False,0,0,0,0,Junker Desenfreado,,,[10869]
305301,63,1000359,18530000,1,1,0,Monster_Name_305301,Monster_Title_53000001,0,53000001,2,0,False,0,0,2,0,True,True,40,100,200,3000.0,[7003001],False,0,0,0,0,Espadachim Mech Rambler,Equipe Overmind,,[2469]
305302,63,1000361,18540000,1,1,0,Monster_Name_305302,Monster_Title_53000001,0,53000001,2,0,False,0,0,2,0,True,True,40,100,200,3000.0,[7003101],False,0,0,0,0,Artilheiro Mecânico Rambler,Equipe Overmind,,[2469]
305303,63,1000360,10480000,1,1,0,Monster_Name_305303,Monster_Title_53000001,0,53000001,2,0,False,0,0,2,0,True,True,40,50,200,3000.0,[7002901],False,0,0,0,0,Drone Peep Rambler,Equipe Overmind,,[2469]
305304,63,1000355,10563000,1,1,0,Monster_Name_305304,Monster_Title_53000002,0,53000002,2,0,False,0,0,2,0,True,True,35,50,200,3000.0,"[7000301,7000302]",False,0,0,0,0,Combatente Vagabundo Rambler,Bandidos das Engrenagens Enferrujadas,,[2469]
305305,63,1000357,10560000,1,1,0,Monster_Name_305305,Monster_Title_53000002,0,53000002,2,0,False,0,0,2,0,True,True,40,50,200,3000.0,[7000401],False,0,0,0,0,Atirador Vagabundo Rambler,Bandidos das Engrenagens Enferrujadas,,[2469]
305306,63,1000356,10562000,1,1,0,Monster_Name_305306,Monster_Title_53000002,0,53000002,2,0,False,0,0,2,0,True,True,40,50,200,3000.0,[7000501],False,0,0,0,0,Retalhador Vagabundo Rambler,Bandidos das Engrenagens Enferrujadas,,[2469]
305307,63,1000358,10561000,1,1,0,Monster_Name_305307,Monster_Title_53000002,0,53000002,2,0,False,0,0,2,0,True,True,40,50,200,3000.0,"[7000601,7000602]",False,0,0,0,0,Berserker Vagabundo Rambler,Bandidos das Engrenagens Enferrujadas,,[2469]
305308,63,1000362,10030000,1,1,0,Monster_Name_305308,Monster_Title_53000003,0,53000003,2,0,False,0,0,2,0,True,True,40,80,200,3000.0,[7000701],False,0,0,0,0,Grumble Rambler,Besouro do Deserto,,[2469]
305309,63,1000363,10031000,1,1,0,Monster_Name_305309,Monster_Title_53000003,0,53000003,2,0,False,0,0,2,0,True,True,40,80,200,3000.0,[7000701],False,0,0,0,0,Grumble Gancho Rambler,Besouro do Deserto,,[2469]
305310,63,1000364,10850000,1,1,0,Monster_Name_305310,,0,0,2,0,False,0,0,2,0,True,True,40,90,90,3000.0,"[7019501,7019502,7019503]",False,0,0,0,0,Glatt Rambler,,,[2469]
305311,63,1000365,10450000,1,1,0,Monster_Name_305311,,0,0,2,0,False,0,0,2,0,True,True,40,100,200,3000.0,[7012201],False,0,0,0,0,Lapis Rambler,,,[2469]
305312,63,1000366,10160000,1,1,0,Monster_Name_305312,,0,0,2,0,False,0,0,2,0,True,True,40,100,200,3000.0,[7000901],False,0,0,0,0,Lunker Rambler,,,[2469]
305397,63,1000367,10831002,1,1,0,Monster_Name_305397,,0,0,2,0,False,0,0,2,1,True,True,40,80,140,1300.0,"[7015801,7015802]",False,0,0,0,0,Junker Desenfreado,,,[2469]
305398,63,1000368,10810003,1,1,0,Monster_Name_305398,,0,0,2,0,False,0,0,2,1,True,True,40,60,140,1300.0,"[7012401,7012402]",False,0,0,0,0,Bork de Assalto Desenfreado,,,[2469]
305399,63,1000369,10010003,1,1,0,Monster_Name_305399,,0,0,2,0,False,0,0,2,1,True,True,40,100,140,1300.0,[7000101],False,0,0,0,0,Estilhaçador Selvagem,,,[2469]
305401,37,1000114,10290000,1,1,0,Monster_Name_305401,,0,54000000,2,0,False,0,0,2,0,True,True,40,100,200,3000.0,"[7004101,7004102]",False,0,0,0,0,Lagarto Skadi,,,[133]
305402,37,1000115,10090000,1,1,0,Monster_Name_305402,,0,54000000,2,0,False,0,0,2,0,True,True,40,120,200,3000.0,[7007501],False,0,0,0,0,Skadi Fezal,,,[133]
305403,37,1000116,10260000,1,1,0,Monster_Name_305403,,0,54000000,2,0,False,0,0,2,0,True,True,40,120,200,3000.0,[7004401],False,0,0,0,0,Skadi Fera de Guerra,,,[133]
305404,38,1000120,10010000,1,1,0,Monster_Name_305404,,0,54000000,2,0,False,0,0,2,0,True,True,40,100,200,3000.0,[7000101],False,0,0,0,0,Estilhaçador Skadi,,,[141]
305405,37,1000117,10690000,1,1,0,Monster_Name_305405,Monster_Title_54000001,0,54000001,2,0,False,0,0,2,0,True,True,34,50,200,3000.0,[7002501],False,0,0,0,0,Sentinela Skadi Helas,Esquadrão de Assalto ao Laboratório,,[133]
305406,37,1000118,10693000,1,1,0,Monster_Name_305406,Monster_Title_54000001,0,54000001,2,0,False,0,0,2,0,True,True,35,50,200,3000.0,"[7005404,7005405,7005406]",False,0,0,0,0,Skadi Helas Combatente Mecânico,Esquadrão de Assalto ao Laboratório,,[133]
305407,37,1000119,10695000,1,1,0,Monster_Name_305407,Monster_Title_54000001,0,54000001,2,0,False,0,0,2,0,True,True,40,50,200,3000.0,[7002401],False,0,0,0,0,Cavalaria Pesada Skadi Helas,Esquadrão de Assalto ao Laboratório,,[133]
305408,38,1000121,10443000,1,1,0,Monster_Name_305408,,0,0,2,0,False,0,0,2,0,True,True,40,50,200,3000.0,[7011301],False,0,0,0,0,Skadi Vafer,,,[141]
305409,38,1000122,10160001,1,1,0,Monster_Name_305409,,0,54000000,2,0,False,0,0,2,0,True,True,40,100,200,3000.0,[7000901],False,0,0,0,0,Skadi Lunker,,,[141]
305410,38,1000123,10250000,1,1,0,Monster_Name_305410,,0,54000000,2,0,False,0,0,2,0,True,True,40,80,200,3000.0,"[7003901,7003902]",False,0,0,0,0,Deserto de Skadi Klon,,,[141]
305411,38,1000124,10270000,1,1,0,Monster_Name_305411,,0,54000000,2,0,False,0,0,2,0,True,True,40,120,200,3000.0,[7009201],False,0,0,0,0,Fera Selvagem Skadi,,,[141]
305412,38,1000125,10350000,1,1,0,Monster_Name_305412,,0,54000000,2,0,False,0,0,2,0,True,True,40,60,200,3000.0,"[7005701,7005702]",False,0,0,0,0,Skadi Dagan,,,[141]
305501,66,1000403,18530000,1,1,0,Monster_Name_305501,Monster_Title_55000002,0,55000002,2,0,False,0,0,2,0,True,True,40,100,200,3000.0,[7003001],False,0,0,0,0,Seth Espadachim Mecânico,Android Suspeito,,[3969]
305502,66,1000365,18540000,1,1,0,Monster_Name_305502,Monster_Title_55000002,0,0,2,0,False,0,0,2,0,True,True,40,100,200,3000.0,[7003101],False,0,0,0,0,,Android Suspeito,,[2469]
305503,66,1000404,10480000,1,1,0,Monster_Name_305503,Monster_Title_55000002,0,55000002,2,0,False,0,0,2,0,True,True,40,50,200,3000.0,[7002901],False,0,0,0,0,Drone Peep Seth,Android Suspeito,,[3969]
305504,66,1000399,10090000,1,1,0,Monster_Name_305504,,0,0,2,0,False,0,0,2,0,True,True,40,120,200,3000.0,[7007501],False,0,0,0,0,Fezal Seth,,,[3969]
305505,66,1000401,10220000,1,1,0,Monster_Name_305505,,0,0,2,0,False,0,0,2,0,True,True,30,50,200,3000.0,[7001901],False,0,0,0,0,Flem Seth,,,[3969]
305506,66,1000402,10160000,1,1,0,Monster_Name_305506,,0,0,2,0,False,0,0,2,0,True,True,40,100,200,3000.0,[7000901],False,0,0,0,0,Lunker Seth,,,[3969]
305507,66,1000398,10320000,1,1,0,Monster_Name_305507,,0,0,2,0,False,0,0,2,0,True,True,40,60,200,3000.0,"[7009001,7009002,7009003]",False,0,0,0,0,Chuti Seth,,,[3969]
305508,66,1000400,10550000,1,1,0,Monster_Name_305508,Monster_Title_55000003,0,55000003,2,0,False,0,0,2,0,True,True,40,60,200,3000.0,"[7006201,7006202]",False,0,0,0,0,Caçador Seth Crawler,Caçadores de Escravos Crawler,,[3969]
305509,66,1000360,10551000,1,1,0,Monster_Name_305509,Monster_Title_55000003,0,0,2,0,False,0,0,2,0,True,True,40,60,200,3000.0,[7006301],False,0,0,0,0,,Caçadores de Escravos Crawler,,[2469]
305510,66,1000366,10531000,1,1,0,Monster_Name_305510,Monster_Title_55000001,0,55000001,2,0,False,0,0,2,0,True,True,40,50,200,3000.0,[7003501],False,0,0,0,0,,Bandidos Predo,,[2469]
305511,66,1000405,10530000,1,1,0,Monster_Name_305511,Monster_Title_55000001,0,55000001,2,0,False,0,0,2,0,True,True,40,50,200,3000.0,"[7003601,7003602]",False,0,0,0,0,Seth Saqueador Predo,Bandidos Predo,,[3969]
305512,53,1000371,10540000,1,1,0,Monster_Name_305512,,0,0,2,0,False,0,0,2,0,True,True,40,50,200,3000.0,[7002701],False,0,0,0,0,,,,[2869]
305513,53,1000372,10541000,1,1,0,Monster_Name_305513,,0,0,2,0,False,0,0,2,0,True,True,40,50,200,3000.0,[7002801],False,0,0,0,0,,,,[2869]
305514,66,1000407,10531000,1,1,0,Monster_Name_305514,Monster_Title_55000001,0,55000001,2,0,False,0,0,2,0,True,True,40,50,200,3000.0,[7003501],False,0,0,0,0,Sentinela Seth Predo,Bandidos Predo,,[3969]
305515,66,1000406,10530000,1,1,0,Monster_Name_305515,Monster_Title_55000001,0,55000001,2,0,False,0,0,2,0,True,True,40,50,200,3000.0,"[7003601,7003602]",False,0,0,0,0,Seth Predo Gladiador,Bandidos Predo,,[3969]
305592,66,1000408,10810000,1,1,0,Monster_Name_305592,,0,0,2,0,False,0,0,2,1,True,True,40,60,200,1500.0,"[7012401,7012402]",False,0,0,0,0,Bork de Assalto Desenfreado,,,[3969]
305598,66,1000409,10831002,1,1,0,Monster_Name_305598,,0,0,2,0,False,0,0,2,1,True,True,40,80,140,1500.0,"[7015801,7015802]",False,0,0,0,0,Junker Desenfreado,,,[3969]
305599,66,1000410,10050002,1,1,0,Monster_Name_305599,,0,0,2,0,False,0,0,2,1,True,True,40,90,110,1500.0,"[7003701,7003702,7003703]",False,0,0,0,0,Arghol Selvagem,,,[3969]
305601,32,1000081,10140002,1,1,0,Monster_Name_305601,,0,0,2,0,False,0,0,2,0,True,True,40,100,200,3000.0,"[7005501,7005502]",False,0,0,0,0,Mayazar Meevlan,,,[96]
305602,32,1000086,10584000,1,1,0,Monster_Name_305602,Monster_Title_56000001,0,56000001,2,0,False,0,0,2,0,True,True,40,50,200,3000.0,"[7010601,7010602]",False,0,0,0,0,Brutamontes da Gangue Mayazar,Bandidos de Mistwalk,,[96]
305603,32,1000090,10825000,1,1,0,Monster_Name_305603,Monster_Title_56000002,0,56000002,2,0,False,0,0,2,0,True,True,40,50,200,3000.0,"[7014501,7014502,7014503]",False,0,0,0,0,Assassino Soma Mayazar,Guilda Caldar,,[96]
305604,32,1000092,10827000,1,1,0,Monster_Name_305604,Monster_Title_56000002,0,56000002,2,0,False,0,0,2,0,True,True,40,60,120,3000.0,"[7016001,7016002]",False,0,0,0,0,Mayazar Soma Shockmancer,Guilda Caldar,,[96]
305605,32,1000083,10400000,1,1,0,Monster_Name_305605,,0,0,2,0,False,0,0,2,0,True,True,40,80,200,3000.0,"[7009301,7009302]",False,0,0,0,0,Mayazar Anabola,,,[96]
305606,32,1000084,10583000,1,1,0,Monster_Name_305606,Monster_Title_56000001,0,56000001,2,0,False,0,0,2,0,True,True,40,50,200,3000.0,[7009801],False,0,0,0,0,Atirador da Gangue Mayazar,Bandidos de Mistwalk,,[96]
305607,32,1000082,10130000,1,1,0,Monster_Name_305607,,0,0,2,0,False,0,0,2,0,True,True,40,80,200,3000.0,[7008801],False,0,0,0,0,Mayazar Symbi,,,[96]
305608,32,1000085,10020000,1,1,0,Monster_Name_305608,,0,0,2,0,False,0,0,2,0,True,True,40,140,200,3000.0,[7001601],False,0,0,0,0,Mayazar Kaigar,,,[96]
305609,32,1000091,10826000,1,1,0,Monster_Name_305609,Monster_Title_56000002,0,56000002,2,0,False,0,0,2,0,True,True,40,60,120,3000.0,"[7015901,7015902]",False,0,0,0,0,Mayazar Soma Shocktrooper,Guilda Caldar,,[96]
305610,32,1000087,10580000,1,1,0,Monster_Name_305610,Monster_Title_56000001,0,56000001,2,0,False,0,0,2,0,True,True,40,50,200,3000.0,"[7007401,7007402]",False,0,0,0,0,Lutador com Faca da Gangue Mayazar,Bandidos de Mistwalk,,[96]
305611,32,1000088,10280000,1,1,0,Monster_Name_305611,,0,0,2,0,False,0,0,2,0,True,True,40,110,200,3000.0,"[7008501,7008502]",False,0,0,0,0,Gaff de Mayazar,,,[96]
305612,32,1000089,10280001,1,1,0,Monster_Name_305612,,0,0,2,0,False,0,0,2,0,True,True,40,110,200,3000.0,"[7008501,7008502]",False,0,0,0,0,Abraço de Mayazar,,,[96]
305701,33,1000093,10838000,1,1,0,Monster_Name_305701,Monster_Title_57000001,0,57000001,2,0,False,0,0,2,0,True,True,40,40,40,3000.0,[7017601],False,0,0,0,0,Catador de Sucata do Campo de Treinamento,Droid de Treinamento C-01,,[103]
305702,33,1000094,10831000,1,1,0,Monster_Name_305702,Monster_Title_57000001,0,57000001,2,0,False,0,0,2,0,True,True,40,80,140,3000.0,"[7015801,7015802]",False,0,0,0,0,Junker do Campo de Treinamento,Droid de Treinamento C-01,,[103]
305703,33,1000095,10824000,1,1,0,Monster_Name_305703,Monster_Title_57000001,0,57000001,2,0,False,0,0,2,0,True,True,40,80,200,3000.0,"[7014301,7014302]",False,0,0,0,0,G-Box do Campo de Treinamento,Droid de Treinamento C-01,,[103]
305704,33,1000096,18530000,1,1,0,Monster_Name_305704,Monster_Title_57000002,0,57000002,2,0,False,0,0,2,0,True,True,40,100,200,3000.0,[7003001],False,0,0,0,0,Guerreiro Manequim do Campo de Treinamento,Droid de Treinamento C-02,,[103]
305705,33,1000097,18540000,1,1,0,Monster_Name_305705,Monster_Title_57000002,0,57000002,2,0,False,0,0,2,0,True,True,40,100,200,3000.0,[7003101],False,0,0,0,0,Atirador Manequim do Campo de Treinamento,Droid de Treinamento C-02,,[103]
305706,34,1000098,10843000,1,1,0,Monster_Name_305706,Monster_Title_57000002,0,57000002,2,0,False,0,0,2,0,True,True,50,80,80,5000.0,[7018201],False,0,0,0,0,Mula Armada do Campo de Treinamento,Droid de Treinamento C-02,,[110]
305707,34,1000099,10811001,1,1,0,Monster_Name_305707,Monster_Title_57000003,0,57000003,2,0,False,0,0,2,0,True,True,40,60,200,3000.0,"[7012501,7012502]",False,0,0,0,0,Campo de Treinamento Bork Laser,Testar Bot de Segurança,,[110]
305708,34,1000100,10810002,1,1,0,Monster_Name_305708,Monster_Title_57000003,0,57000003,2,0,False,0,0,2,0,True,True,40,60,200,3000.0,"[7012401,7012402]",False,0,0,0,0,Campo de Treinamento Bork de Assalto,Testar Bot de Segurança,,[110]
305709,34,1000101,10812001,1,1,0,Monster_Name_305709,Monster_Title_57000003,0,57000003,2,0,False,0,0,2,0,True,True,40,60,200,3000.0,[7013101],False,0,0,0,0,Campo de Treinamento Combate Bork,Testar Bot de Segurança,,[110]
305710,34,1000102,10490000,1,1,0,Monster_Name_305710,,0,0,2,0,False,0,0,2,0,True,True,50,90,200,5000.0,[7003201],False,0,0,0,0,Drone Farejador do Campo de Treinamento,,,[110]
305801,17,1000020,10220000,1,1,0,Monster_Name_305801,,0,58000002,2,0,False,0,0,2,0,True,True,30,50,200,3000.0,[7001901],False,0,0,0,0,Flem Lowed,,,[23]
305802,17,1000021,10330000,1,1,0,Monster_Name_305802,,0,58000002,2,0,False,0,0,2,0,True,True,40,50,200,3000.0,[7005901],False,0,0,0,0,Ash Lowed,,,[23]
305803,18,1000022,10130000,1,1,0,Monster_Name_305803,,0,58000002,2,0,False,0,0,2,0,True,True,40,80,200,3000.0,[7008801],False,0,0,0,0,Symbi Lowed,,,[26]
305804,18,1000023,10813000,1,1,0,Monster_Name_305804,Monster_Title_58000001,0,58000001,2,0,False,0,0,2,0,True,True,40,50,80,3000.0,"[7014901,7014902]",False,0,0,0,0,Lowed Rastreador Ferinky,Pilhadores de Orelhas Pontudas,,[26]
305805,19,1000024,10814000,1,1,0,Monster_Name_305805,Monster_Title_58000001,0,58000001,2,0,False,0,0,2,0,True,True,40,50,80,3000.0,[7015501],False,0,0,0,0,Lowed Ferinky Sniper,Pilhadores de Orelhas Pontudas,,[29]
305806,19,1000025,10815000,1,1,0,Monster_Name_305806,Monster_Title_58000001,0,58000001,2,0,False,0,0,2,0,True,True,40,50,100,3000.0,[7015401],False,0,0,0,0,Lowed Ferinky Lutador,Pilhadores de Orelhas Pontudas,,[29]
305901,10,1000000,10691000,1,1,0,Monster_Name_305901,Monster_Title_59000001,0,59000001,2,0,False,0,0,2,0,True,True,34,50,200,3000.0,[7002601],False,0,0,0,0,Guarda de Fronteira Beltran,Gangue Silverhorn,,[10]
305902,10,1000001,10693000,1,1,0,Monster_Name_305902,Monster_Title_59000001,0,59000001,2,0,False,0,0,2,0,True,True,35,50,200,3000.0,"[7005404,7005405,7005406]",False,0,0,0,0,Combatente Mecânico Beltran,Gangue Silverhorn,,[10]
305903,10,1000002,10582000,1,1,0,Monster_Name_305903,Monster_Title_59000002,0,59000002,2,0,False,0,0,2,0,True,True,40,50,200,3000.0,[7009701],False,0,0,0,0,Beltran Fora da Lei Incendiário,Ladrões do Armazém Vermelho,,[10]
305904,11,1000003,10580000,1,1,0,Monster_Name_305904,Monster_Title_59000002,0,59000002,2,0,False,0,0,2,0,True,True,40,50,200,3000.0,"[7007401,7007402]",False,0,0,0,0,Lutador de Facas Fora da Lei Beltran,Ladrões do Armazém Vermelho,,[11]
305905,11,1000005,10811000,1,1,0,Monster_Name_305905,,0,0,2,0,False,0,0,2,0,True,True,40,60,200,3000.0,"[7012501,7012502]",False,0,0,0,0,Beltran Bork Laser,,,[11]
305906,11,1000006,10825000,1,1,0,Monster_Name_305906,Monster_Title_59000005,0,59000011,2,0,False,0,0,2,0,True,True,40,50,200,3000.0,"[7014501,7014502,7014503]",False,0,0,0,0,Sentinela Soma Beltran,Guilda Volkron,,[11]
305907,12,1000007,10826000,1,1,0,Monster_Name_305907,Monster_Title_59000005,0,59000011,2,0,False,0,0,2,0,True,True,40,60,120,3000.0,"[7015901,7015902]",False,0,0,0,0,Beltran Soma Tropas de Choque,Guilda Volkron,,[12]
305908,12,1000008,10480000,1,1,0,Monster_Name_305908,Monster_Title_59000001,0,59000001,2,0,False,0,0,2,0,True,True,40,50,200,3000.0,[7002901],False,0,0,0,0,Drone de Patrulha Beltran,Gangue Silverhorn,,[12]
305909,12,1000009,10690001,1,1,0,Monster_Name_305909,Monster_Title_59000001,0,59000001,2,0,False,0,0,2,0,True,True,34,50,200,3000.0,[7002501],False,0,0,0,0,Sentinela Beltran,Gangue Silverhorn,,[12]
305910,13,1000010,10692001,1,1,0,Monster_Name_305910,Monster_Title_59000001,0,59000001,2,0,False,0,0,2,0,True,True,40,50,200,3000.0,[7005401],False,0,0,0,0,Super Soldado Beltran,Gangue Silverhorn,,[14]
305911,13,1000013,10694001,1,1,0,Monster_Name_305911,Monster_Title_59000001,0,59000008,2,0,False,0,0,2,0,True,True,40,50,200,3000.0,[7005301],False,0,0,0,0,Cavalaria Pesada Beltran,Gangue Silverhorn,,[14]
305912,13,1000011,10410002,1,1,0,Monster_Name_305912,Monster_Title_59000001,0,59000001,2,0,False,0,0,2,0,True,True,40,70,200,3000.0,[7008201],False,0,0,0,0,Beltran Passer Alpha,Gangue Silverhorn,,[14]
305913,13,1000012,10550000,1,1,0,Monster_Name_305913,Monster_Title_59000001,0,59000008,2,0,False,0,0,2,0,True,True,40,60,200,3000.0,"[7006201,7006202]",False,0,0,0,0,Mercenário Beltran Crawler,Gangue Silverhorn,,[14]
305914,11,1000004,10580000,1,1,0,Monster_Name_305904,Monster_Title_59000002,0,59000002,2,0,False,0,0,2,0,True,True,40,50,200,3000.0,"[7007401,7007402]",False,0,0,0,0,Lutador de Facas Fora da Lei Beltran,Ladrões do Armazém Vermelho,,[11]
305915,8,0,10690001,1,1,0,Monster_Name_305915,Monster_Title_59000001,0,59000001,2,0,True,0,0,2,1,True,True,34,50,200,30000.0,[7002501],False,0,0,0,0,Sentinela Beltran,Gangue Silverhorn,,[]
305916,8,0,10690001,1,1,0,Monster_Name_305916,Monster_Title_59000001,0,59000001,2,0,True,0,0,2,1,True,True,34,50,200,30000.0,[7002501],False,0,0,0,0,Sentinela Beltran,Gangue Silverhorn,,[]
305917,8,0,10692001,1,1,0,Monster_Name_305917,Monster_Title_59000001,0,59000001,2,0,True,0,0,2,1,True,True,40,50,200,30000.0,[7005401],False,0,0,0,0,Super Soldado Beltran,Gangue Silverhorn,,[]
305918,8,0,10692001,1,1,0,Monster_Name_305918,Monster_Title_59000001,0,59000001,2,0,True,0,0,2,1,True,True,40,50,200,30000.0,[7005401],False,0,0,0,0,Super Soldado Beltran,Gangue Silverhorn,,[]
305919,8,0,10693000,1,1,0,Monster_Name_305919,Monster_Title_59000001,0,59000001,2,0,True,0,0,2,1,True,True,35,50,200,30000.0,"[7005404,7005405,7005406]",False,0,0,0,0,Infantaria Pesada Beltran,Gangue Silverhorn,,[]
305920,8,0,10700003,10700003,305920,0,Monster_Name_305920,Monster_Title_59000001,0,0,2,103,True,0,2,2,0,True,True,50,200,200,30000.0,"[3501001,3501002,3501003]",True,0,0,0,0,Banshee MAU Beltran,Gangue Silverhorn,,[]
305923,6,0,10690003,10690003,305923,0,Monster_Name_305923,Monster_Title_59000001,0,0,2,103,True,0,2,2,1,True,True,34,50,200,30000.0,[7002501],False,0,0,0,0,Líder de Esquadrão Wade,Gangue Silverhorn,,[]
305924,8,0,10693000,1,1,0,Monster_Name_305924,Monster_Title_59000001,0,59000001,2,0,True,0,0,2,1,True,True,35,50,200,30000.0,"[7005404,7005405,7005406]",False,0,0,0,0,Infantaria Pesada Beltran,Gangue Silverhorn,,[]
305926,8,0,10693000,1,1,0,Monster_Name_305926,Monster_Title_59000001,0,59000003,2,0,True,0,0,2,0,True,True,35,50,200,30000.0,"[7005404,7005405,7005406]",False,0,0,0,0,Infantaria Pesada Beltran,Gangue Silverhorn,,[]
305927,8,0,10694001,1,1,0,Monster_Name_305927,Monster_Title_59000001,0,59000003,2,0,True,0,0,2,0,True,True,40,50,200,30000.0,[7005301],False,0,0,0,0,Cavalaria Pesada Beltran,Gangue Silverhorn,,[]
305928,8,0,10693000,1,1,0,Monster_Name_305928,Monster_Title_59000001,0,59000003,2,0,True,0,0,2,0,True,True,35,50,200,30000.0,"[7005404,7005405,7005406]",False,0,0,0,0,Infantaria Pesada Beltran,Gangue Silverhorn,,[]
305930,8,0,10693000,1,1,0,Monster_Name_305930,Monster_Title_59000001,0,59000004,2,0,True,0,0,2,0,True,True,35,50,200,30000.0,"[7005404,7005405,7005406]",False,0,0,0,0,Infantaria Pesada Beltran,Gangue Silverhorn,,[]
305931,8,0,10694001,1,1,0,Monster_Name_305931,Monster_Title_59000001,0,59000004,2,0,True,0,0,2,0,True,True,40,50,200,30000.0,[7005301],False,0,0,0,0,Cavalaria Pesada de Beltran,Gangue Silverhorn,,[]
305932,8,0,10693000,1,1,0,Monster_Name_305932,Monster_Title_59000001,0,59000004,2,0,True,0,0,2,0,True,True,35,50,200,30000.0,"[7005404,7005405,7005406]",False,0,0,0,0,Infantaria Pesada Beltran,Gangue Silverhorn,,[]
305933,8,0,10694001,1,1,0,Monster_Name_305911,Monster_Title_59000001,0,59000001,2,0,True,0,0,2,0,True,True,40,50,200,3000.0,[7005301],False,0,0,0,0,Cavalaria Pesada Beltran,Gangue Silverhorn,,[]
305934,8,0,10550000,1,1,0,Monster_Name_305913,Monster_Title_59000001,0,59000001,2,0,True,0,0,2,0,True,True,40,60,200,3000.0,"[7006201,7006202]",False,0,0,0,0,Mercenário Beltran Crawler,Gangue Silverhorn,,[]
305935,9,0,10690001,1,1,0,Monster_Name_305915,Monster_Title_59000001,0,0,2,0,True,0,0,2,1,True,True,34,50,200,30000.0,[7002501],False,0,0,0,0,Sentinela Beltran,Gangue Silverhorn,,[]
305936,9,0,10693000,1,1,0,Monster_Name_305919,Monster_Title_59000001,0,0,2,0,True,0,0,2,1,True,True,35,50,200,30000.0,"[7005404,7005405,7005406]",False,0,0,0,0,Infantaria Pesada Beltran,Gangue Silverhorn,,[]
305937,8,0,10694001,1,1,0,Monster_Name_305937,Monster_Title_59000001,0,59000005,2,0,True,0,0,2,0,True,True,40,50,200,30000.0,[7005301],False,0,0,0,0,Cavalaria Pesada de Beltran,Gangue Silverhorn,,[]
305938,8,0,10693000,1,1,0,Monster_Name_305938,Monster_Title_59000001,0,59000005,2,0,True,0,0,2,0,True,True,35,50,200,30000.0,"[7005404,7005405,7005406]",False,0,0,0,0,Infantaria Pesada Beltran,Gangue Silverhorn,,[]
305939,8,0,10693000,1,1,0,Monster_Name_305939,Monster_Title_59000001,0,59000005,2,0,True,0,0,2,0,True,True,35,50,200,30000.0,"[7005404,7005405,7005406]",False,0,0,0,0,Infantaria Pesada Beltran,Gangue Silverhorn,,[]
305940,9,0,10690001,1,1,0,Monster_Name_305940,Monster_Title_59000001,0,59000006,2,0,False,0,0,2,0,True,True,34,50,200,30000.0,[7002501],False,0,0,0,0,Sentinela Beltran,Gangue Silverhorn,,[]
305941,9,0,10692001,1,1,0,Monster_Name_305941,Monster_Title_59000001,0,59000006,2,0,False,0,0,2,0,True,True,40,50,200,30000.0,[7005401],False,0,0,0,0,Beltran Combatente Mecânico,Gangue Silverhorn,,[]
305942,9,0,10693000,1,1,0,Monster_Name_305942,Monster_Title_59000001,0,59000006,2,0,False,0,0,2,0,True,True,35,50,200,30000.0,"[7005404,7005405,7005406]",False,0,0,0,0,Infantaria Pesada Beltran,Gangue Silverhorn,,[]
305943,9,0,10694001,1,1,0,Monster_Name_305943,Monster_Title_59000001,0,59000006,2,0,False,0,0,2,0,True,True,40,50,200,30000.0,[7005301],False,0,0,0,0,Cavalaria Pesada Beltran,Gangue Silverhorn,,[]
305944,9,0,10410002,1,1,0,Monster_Name_305944,Monster_Title_59000001,0,59000006,2,0,False,0,0,2,0,True,True,40,70,200,30000.0,[7008201],False,0,0,0,0,Beltran Passer Alpha,Gangue Silverhorn,,[]
305950,8,0,10690001,1,1,0,Monster_Name_305950,Monster_Title_59000001,0,59000007,2,0,True,0,0,2,0,True,True,34,50,200,30000.0,[7002501],False,0,0,0,0,Sentinela Beltran,Gangue Silverhorn,,[]
305951,8,0,10692001,1,1,0,Monster_Name_305951,Monster_Title_59000001,0,59000007,2,0,True,0,0,2,0,True,True,40,50,200,30000.0,[7005401],False,0,0,0,0,Beltran Combatente Mecânico,Gangue Silverhorn,,[]
305952,8,0,10693000,1,1,0,Monster_Name_305952,Monster_Title_59000001,0,59000007,2,0,True,0,0,2,0,True,True,35,50,200,30000.0,"[7005404,7005405,7005406]",False,0,0,0,0,Infantaria Pesada Beltran,Gangue Silverhorn,,[]
305953,8,0,10694001,1,1,0,Monster_Name_305953,Monster_Title_59000001,0,59000007,2,0,True,0,0,2,0,True,True,40,50,200,30000.0,[7005301],False,0,0,0,0,Cavalaria Pesada Beltran,Gangue Silverhorn,,[]
305954,8,0,10410002,1,1,0,Monster_Name_305954,Monster_Title_59000001,0,59000007,2,0,True,0,0,2,0,True,True,40,70,200,30000.0,[7008201],False,0,0,0,0,Beltran Passer Alpha,Gangue Silverhorn,,[]
305955,7,0,10831001,1,305955,0,Monster_Name_305955,Monster_Title_59000001,0,0,2,103,True,0,2,2,0,True,True,40,80,140,30000.0,"[7015801,7015802,7015803,7015804]",False,0,0,0,0,Beltran Junker,Gangue Silverhorn,,[]
305956,8,0,10690001,1,1,0,Monster_Name_305909,Monster_Title_59000001,0,59000001,2,0,True,0,0,2,0,True,True,34,50,200,3000.0,[7002501],False,0,0,0,0,Sentinela Beltran,Gangue Silverhorn,,[]
305957,8,0,10692001,1,1,0,Monster_Name_305910,Monster_Title_59000001,0,59000001,2,0,True,0,0,2,0,True,True,40,50,200,3000.0,[7005401],False,0,0,0,0,Super Soldado Beltran,Gangue Silverhorn,,[]
305958,8,0,10410002,1,1,0,Monster_Name_305912,Monster_Title_59000001,0,59000001,2,0,True,0,0,2,0,True,True,40,70,200,3000.0,[7008201],False,0,0,0,0,Beltran Passer Alpha,Gangue Silverhorn,,[]
305959,8,0,10690001,1,1,0,Monster_Name_305950,Monster_Title_59000001,0,59000007,2,0,True,0,0,2,0,True,True,34,50,200,30000.0,[7002501],False,0,0,0,0,Sentinela Beltran,Gangue Silverhorn,,[]
305960,8,0,10690001,1,1,0,Monster_Name_305950,Monster_Title_59000001,0,59000007,2,0,True,0,0,2,0,True,True,34,50,200,30000.0,[7002501],False,0,0,0,0,Sentinela Beltran,Gangue Silverhorn,,[]
305971,7,0,10584001,10584001,2,0,Monster_Name_305971,Monster_Title_59000031,0,59000031,2,103,True,0,2,2,1,True,True,40,50,200,30000.0,"[7010601,7010602]",False,0,0,0,0,Punho de Ferro Natt,Gangue Punho de Ferro,,[]
305972,8,0,10580000,1,1,0,Monster_Name_305972,Monster_Title_59000031,0,59000031,2,0,True,0,0,2,1,True,True,40,50,200,30000.0,"[7007401,7007402]",True,0,0,0,0,Lutador de Facas Fora da Lei,Gangue Punho de Ferro,,[]
305973,8,0,10582000,1,1,0,Monster_Name_305973,Monster_Title_59000031,0,59000031,2,0,True,0,0,2,1,True,True,40,50,200,30000.0,[7009701],True,0,0,0,0,Incendiário Fora da Lei,Gangue Punho de Ferro,,[]
305974,8,0,10580000,1,1,0,Monster_Name_305974,Monster_Title_59000031,0,59000031,2,0,True,0,0,2,1,True,True,40,50,200,30000.0,"[7007401,7007402]",False,0,0,0,0,Lutador de Facas Fora da Lei,Gangue Punho de Ferro,,[]
305975,8,0,10581000,1,1,0,Monster_Name_305975,Monster_Title_59000031,0,59000031,2,0,True,0,0,2,1,True,True,40,50,200,30000.0,"[7009601,7009602]",False,0,0,0,0,Caçador Humano Fora da Lei,Gangue Punho de Ferro,,[]
305976,9,0,10582000,1,1,0,Monster_Name_305976,,0,0,2,0,True,0,0,2,1,False,True,40,50,200,30000.0,[7009701],False,0,1,0,0,Incendiário Fora da Lei,,,[]
305977,9,0,10580000,1,1,0,Monster_Name_305977,,0,0,2,0,True,0,0,2,1,False,True,40,50,200,30000.0,"[7007401,7007402]",False,0,1,0,0,Lutador de Facas Fora da Lei,,,[]
305978,9,0,10581000,1,1,0,Monster_Name_305978,,0,0,2,0,True,0,0,2,1,False,True,40,50,200,30000.0,"[7009601,7009602]",False,0,1,0,0,Caçador Humano Fora da Lei,,,[]
306001,39,1000126,10847000,1,1,0,Monster_Name_306001,,0,60000001,2,0,False,0,0,2,0,True,True,40,90,90,3000.0,"[7019201,7019202]",False,0,0,0,0,Dorian Percevejo Fedorento,,,[149]
306002,39,1000127,10290000,1,1,0,Monster_Name_306002,,0,60000001,2,0,False,0,0,2,0,True,True,40,100,200,3000.0,"[7004101,7004102]",False,0,0,0,0,Lagarto Dorian,,,[149]
306003,39,1000128,10010000,1,1,0,Monster_Name_306003,,0,60000001,2,0,False,0,0,2,0,True,True,40,100,200,3000.0,[7000101],False,0,0,0,0,Dorian Estilhaçador,,,[149]
306004,39,1000129,10844000,1,1,0,Monster_Name_306004,Monster_Title_60000002,0,60000002,2,0,False,0,0,2,0,True,True,40,50,110,3000.0,"[7019101,7019102,7019103]",False,0,0,0,0,Dorian Guerreiro Nether,Legião Âncora Sombria,,[149]
306005,39,1000130,10846000,1,1,0,Monster_Name_306005,Monster_Title_60000002,0,60000002,2,0,False,0,0,2,0,True,True,40,120,120,3000.0,"[7018901,7018902,7018903]",False,0,0,0,0,Dorian Aniquilador Nether,Legião Âncora Sombria,,[149]
306006,39,1000131,10845000,1,1,0,Monster_Name_306006,Monster_Title_60000002,0,60000002,2,0,False,0,0,2,0,True,True,40,50,120,3000.0,[7019001],False,0,0,0,0,Dorian Sentinela Nether,Legião Âncora Sombria,,[149]
306007,39,1000132,10670000,1,1,0,Monster_Name_306007,,0,0,2,0,False,0,0,2,0,True,True,40,60,200,3000.0,"[7010201,7010202,7010203]",False,0,0,0,0,Infectado Mutante,,,[149]
306008,39,1000134,10610000,1,1,0,Monster_Name_306008,,0,60000003,2,0,False,0,0,2,0,True,True,40,100,200,3000.0,"[7006601,7006602,7006603]",False,0,0,0,0,Lagarto Dorian Infectado,,,[149]
306009,39,1000135,10600000,1,1,0,Monster_Name_306009,,0,60000003,2,0,False,0,0,2,0,True,True,40,80,200,3000.0,"[7006901,7006902]",False,0,0,0,0,Estilhaçador Dorian Infectado,,,[149]
306010,39,1000136,10630000,1,1,0,Monster_Name_306010,,0,60000003,2,0,False,0,0,2,0,True,True,40,50,200,3000.0,"[7006701,7006702,7006703]",False,0,0,0,0,Soldado Bellato Infectado,,,[149]
306011,39,1000133,10650000,1,1,0,Monster_Name_306011,,0,0,2,0,False,0,0,2,0,True,True,40,50,200,3000.0,"[7008101,7008102,7008103]",False,0,0,0,0,Soldado Accretia Infectado,,,[149]
306099,39,1000134,10810000,1,1,0,Monster_Name_306099,,0,0,2,0,False,0,0,2,1,True,True,40,50,110,3000.0,"[7012401,7012402]",False,0,0,0,0,,,,[149]
306101,40,1000137,10844000,1,1,0,Monster_Name_306101,Monster_Title_61000001,0,61000001,2,0,False,0,0,2,0,True,True,40,50,110,3000.0,"[7019101,7019102,7019103]",False,0,0,0,0,Assassino do Submundo Dorian,Legião Âncora Noturna,,[159]
306102,40,1000138,10846000,1,1,0,Monster_Name_306102,Monster_Title_61000001,0,61000001,2,0,False,0,0,2,0,True,True,40,120,120,3000.0,"[7018901,7018902,7018903]",False,0,0,0,0,Destruidor de Submundo Dorian,Legião Âncora Noturna,,[159]
306103,40,1000139,10845000,1,1,0,Monster_Name_306103,Monster_Title_61000001,0,61000001,2,0,False,0,0,2,0,True,True,40,50,120,3000.0,[7019001],False,0,0,0,0,Dorian Atirador de Elite Nether,Legião Âncora Noturna,,[159]
306105,40,1000140,10620000,1,1,0,Monster_Name_306105,,0,61000002,2,0,False,0,0,2,0,True,True,40,200,200,3000.0,"[7007901,7007904]",False,0,0,0,0,Canibal Dorian Infectado,,,[159]
306106,40,1000141,10590000,1,1,0,Monster_Name_306106,,0,61000002,2,0,False,0,0,2,0,True,True,40,80,200,3000.0,[7006001],False,0,0,0,0,Larva Dorian Infectada,,,[159]
306107,40,1000142,10640000,1,1,0,Monster_Name_306107,,0,61000002,2,0,False,0,0,2,0,True,True,40,50,200,3000.0,"[7008001,7008002]",False,0,0,0,0,Sacerdote Cora Infectado,,,[159]
306108,40,1000143,10180000,1,1,0,Monster_Name_306108,,0,61000003,2,0,False,0,0,2,0,True,True,40,150,200,3000.0,[7000201],False,0,0,0,0,Canibal Dorian,,,[159]
306109,40,1000144,10360000,1,1,0,Monster_Name_306109,,0,61000003,2,0,False,0,0,2,0,True,True,40,100,200,3000.0,[7004201],False,0,0,0,0,Larva Dorian,,,[159]
306110,40,1000145,10240000,1,1,0,Monster_Name_306110,,0,61000003,2,0,False,0,0,2,0,True,True,40,60,200,3000.0,[7008901],False,0,0,0,0,Nezad Dorian,,,[159]
306199,40,1000147,10810000,1,1,0,Monster_Name_306199,,0,0,2,0,False,0,0,2,1,True,True,40,50,110,3000.0,"[7012401,7012402]",False,0,0,0,0,,,,[179]
306201,20,1000026,10816000,1,1,0,Monster_Name_306201,Monster_Title_62000001,0,62000001,2,0,False,0,0,2,0,True,True,40,50,110,3000.0,"[7015101,7015102]",False,0,0,0,0,Rastreador de Clops da Fronteira,Clã Gorgon,,[33]
306202,20,1000027,10817000,1,1,0,Monster_Name_306202,Monster_Title_62000001,0,62000001,2,0,False,0,0,2,0,True,True,40,60,130,3000.0,"[7015201,7015202]",False,0,0,0,0,Destruidor de Clops da Fronteira,Clã Gorgon,,[33]
306203,20,1000028,10818000,1,1,0,Monster_Name_306203,Monster_Title_62000001,0,62000001,2,0,False,0,0,2,0,True,True,40,50,110,3000.0,[7015001],False,0,0,0,0,Frontal Clops Sniper,Clã Gorgon,,[33]
306204,21,1000029,10580000,1,1,0,Monster_Name_306204,Monster_Title_62000002,0,62000002,2,0,False,0,0,2,0,True,True,40,50,200,3000.0,"[7007401,7007402]",False,0,0,0,0,Lutador de Facas Fora da Lei da Fronteira,Gangue Khalad,,[37]
306205,21,1000030,10582000,1,1,0,Monster_Name_306205,Monster_Title_62000002,0,62000002,2,0,False,0,0,2,0,True,True,40,50,200,3000.0,[7009701],False,0,0,0,0,Incendiário Fora-da-Lei da Fronteira,Gangue Khalad,,[37]
306206,21,1000031,10585000,1,1,0,Monster_Name_306206,Monster_Title_62000002,0,62000002,2,0,False,0,0,2,0,True,True,40,50,200,3000.0,"[7011101,7011102]",False,0,0,0,0,Choqueiro Fora-da-lei da Fronteira,Gangue Khalad,,[37]
306301,65,1000384,10120000,1,1,0,Monster_Name_306301,,0,63000001,2,0,False,0,0,2,0,True,True,40,90,200,3000.0,"[7007701,7007702]",False,0,0,0,0,Devorador Faminto,,,[3369]
306302,65,1000385,10250000,1,1,0,Monster_Name_306302,,0,63000001,2,0,False,0,0,2,0,True,True,40,80,200,3000.0,"[7003901,7003902]",False,0,0,0,0,Klon do Deserto Faminto,,,[3369]
306303,65,1000386,10280000,1,1,0,Monster_Name_306303,,0,63000001,2,0,False,0,0,2,0,True,True,40,110,200,3000.0,"[7008501,7008502]",False,0,0,0,0,Gafftail Faminto,,,[3369]
306304,65,1000387,10572000,1,1,0,Monster_Name_306304,Monster_Title_63000002,0,63000002,2,0,False,0,0,2,0,True,True,40,50,200,3000.0,[7007201],False,0,0,0,0,Lanceiro Snatcher do Deserto,Clã Sandrock,,[3369]
306305,65,1000388,10571000,1,1,0,Monster_Name_306305,Monster_Title_63000002,0,63000002,2,0,False,0,0,2,0,True,True,40,50,200,3000.0,[7007101],False,0,0,0,0,Machadista Snatcher do Deserto,Clã Sandrock,,[3369]
306306,65,1000389,10573000,1,1,0,Monster_Name_306306,Monster_Title_63000002,0,63000002,2,0,False,0,0,2,0,True,True,40,50,200,3000.0,[7007301],False,0,0,0,0,Arremessador Snatcher do Deserto,Clã Sandrock,,[3369]
306307,65,1000390,10570000,1,1,0,Monster_Name_306307,Monster_Title_63000002,0,63000002,2,0,False,0,0,2,0,True,True,40,100,200,3000.0,[7009501],False,0,0,0,0,Cavaleiro Snatcher do Deserto,Clã Sandrock,,[3369]
306308,65,1000391,10834000,1,1,0,Monster_Name_306308,Monster_Title_63000003,0,63000003,2,0,False,0,0,2,0,True,True,40,50,50,3000.0,"[7016301,7016302]",False,0,0,0,0,Médico Enfurecido,Maquinário Overmind,,[3369]
306309,65,1000392,10832000,1,1,0,Monster_Name_306309,Monster_Title_63000003,0,63000003,2,0,False,0,0,2,0,True,True,40,110,200,3000.0,"[7016101,7016102,7016103]",False,0,0,0,0,Docker Enfurecido,Maquinário Overmind,,[3369]
306310,65,1000393,10833000,1,1,0,Monster_Name_306310,Monster_Title_63000003,0,63000003,2,0,False,0,0,2,0,True,True,40,60,60,3000.0,[7017701],False,0,0,0,0,Cirurgião Desenfreado,Maquinário Overmind,,[3369]
306311,65,1000394,10824000,1,1,0,Monster_Name_306311,Monster_Title_63000003,0,63000003,2,0,False,0,0,2,0,True,True,30,80,200,3000.0,"[7014301,7014302]",False,0,0,0,0,G-Box Enfurecido,Maquinário Overmind,,[3369]
306397,65,1000395,10050002,1,1,0,Monster_Name_306397,,0,0,2,0,False,0,0,2,1,True,True,40,90,200,1300.0,"[7003701,7003702,7003703]",False,0,0,0,0,Arghol Selvagem,,,[3369]
306398,65,1000396,10010003,1,1,0,Monster_Name_306398,,0,0,2,0,False,0,0,2,1,True,True,40,100,200,1300.0,[7000101],False,0,0,0,0,Estilhaçador Selvagem,,,[3369]
306399,65,1000397,10810003,1,1,0,Monster_Name_306399,,0,0,2,0,False,0,0,2,1,True,True,40,50,110,1300.0,"[7012401,7012402]",False,0,0,0,0,Bork de Assalto Desenfreado,,,[3369]
306401,47,1000189,10310002,1,1,0,Monster_Name_306401,,0,0,2,0,False,0,0,2,0,True,True,40,130,200,3000.0,"[7005801,7005802]",False,0,0,0,0,Spire Brutal,,,[509]
306402,47,1000190,10430000,1,1,0,Monster_Name_306402,,0,0,2,0,False,0,0,2,0,True,True,40,100,200,3000.0,[7008601],False,0,0,0,0,Spire Infernal Draco,,,[509]
306403,47,1000191,10130000,1,1,0,Monster_Name_306403,,0,0,2,0,False,0,0,2,0,True,True,40,80,200,3000.0,[7008801],False,0,0,0,0,Spire Symbi,,,[509]
306404,47,1000200,10400000,1,1,0,Monster_Name_306404,,0,0,2,0,False,0,0,2,0,True,True,40,80,200,3000.0,"[7009301,7009302]",False,0,0,0,0,Spire Anabola,,,[509]
306405,47,1000199,10270000,1,1,0,Monster_Name_306405,,0,0,2,0,False,0,0,2,0,True,True,40,120,200,3000.0,[7009201],False,0,0,0,0,Fera Selvagem da Spire,,,[509]
306406,47,1000194,10330000,1,1,0,Monster_Name_306406,,0,0,2,0,False,0,0,2,0,True,True,40,50,200,3000.0,[7005901],False,0,0,0,0,Cinzas da Spire,,,[509]
306407,47,1000192,10440000,1,1,0,Monster_Name_306407,Monster_Title_64000001,0,64000001,2,0,False,0,0,2,0,True,True,40,50,200,3000.0,[7011301],False,0,0,0,0,Nipper Vafer Spire,Tribo Bladescale,,[509]
306408,47,1000197,10530000,1,1,0,Monster_Name_306408,Monster_Title_64000002,0,0,2,0,False,0,0,2,0,True,True,40,50,200,3000.0,"[7003601,7003602]",False,0,0,0,0,Spire Saqueador Predo,Bandido Errante,,[509]
306409,47,1000196,10441000,1,1,0,Monster_Name_306409,Monster_Title_64000001,0,64000001,2,0,False,0,0,2,0,True,True,40,50,200,3000.0,[7012101],False,0,0,0,0,Spire Ladino Vafer,Tribo Bladescale,,[509]
306410,47,1000195,10442000,1,1,0,Monster_Name_306410,Monster_Title_64000001,0,64000001,2,0,False,0,0,2,0,True,True,40,50,200,3000.0,[7012001],False,0,0,0,0,Spire Mortal Vafer,Tribo Bladescale,,[509]
306411,47,1000198,10531000,1,1,0,Monster_Name_306411,Monster_Title_64000002,0,0,2,0,False,0,0,2,0,True,True,40,50,200,3000.0,[7003501],False,0,0,0,0,Spire Atirador Predo,Bandido Errante,,[509]
306412,47,1000193,10443000,1,1,0,Monster_Name_306412,Monster_Title_64000001,0,64000001,2,0,False,0,0,2,0,True,True,40,50,200,3000.0,[7011301],False,0,0,0,0,Spire Rex Vafer,Tribo Bladescale,,[509]
306497,47,1000201,10810003,1,1,0,Monster_Name_306497,,0,0,2,0,False,0,0,2,1,True,True,40,50,110,3000.0,"[7012401,7012402]",False,0,0,0,0,Bork de Assalto Desenfreado,,,[509]
306498,47,1000202,10310003,1,1,0,Monster_Name_306498,,0,0,2,0,False,0,0,2,1,True,True,40,130,200,3000.0,"[7005801,7005802]",False,0,0,0,0,Brutal Selvagem,,,[509]
306499,47,1000203,10130001,1,1,0,Monster_Name_306499,,0,0,2,0,False,0,0,2,1,True,True,40,80,200,1500.0,[7008801],False,0,0,0,0,Simbiote Selvagem,,,[509]
306501,57,1000295,10050000,1,1,0,Monster_Name_306501,,0,0,2,0,False,0,0,2,0,True,True,40,90,200,3000.0,"[7003701,7003702,7003703]",False,0,0,0,0,Hill Arghol,,,[1469]
306502,57,1000296,10100000,1,1,0,Monster_Name_306502,,0,0,2,0,False,0,0,2,0,True,True,40,50,200,3000.0,[7005101],False,0,0,0,0,Hill Ertelem,,,[1469]
306503,57,1000297,18680001,1,1,0,Monster_Name_306503,Monster_Title_65000001,0,65000001,2,0,False,0,0,2,0,True,True,40,100,200,3000.0,"[7012601,7012602]",False,0,0,0,0,Executor Errante,Cultista Desgarrado,,[1469]
306504,57,1000298,10450001,1,1,0,Monster_Name_306504,,0,0,2,0,False,0,0,2,0,True,True,40,100,200,3000.0,[7012201],False,0,0,0,0,Colina Lapis,,,[1469]
306505,57,1000299,10450000,1,1,0,Monster_Name_306505,,0,0,2,0,False,0,0,2,0,True,True,40,100,200,3000.0,[7012201],False,0,0,0,0,Lápis Hill Rigor,,,[1469]
306506,57,1000300,10120000,1,1,0,Monster_Name_306506,,0,0,2,0,False,0,0,2,0,True,True,40,90,200,3000.0,"[7007701,7007702]",False,0,0,0,0,Devorador de Colinas,,,[1469]
306507,57,1000301,18700001,1,1,0,Monster_Name_306507,Monster_Title_65000001,0,65000001,2,0,False,0,0,2,0,True,True,40,100,200,3000.0,[7013001],False,0,0,0,0,Sacerdote de Batalha Errante,Cultista Desgarrado,,[1469]
306508,57,1000302,10360000,1,1,0,Monster_Name_306508,,0,0,2,0,False,0,0,2,0,True,True,40,100,200,3000.0,[7004201],False,0,0,0,0,Larva de Colina,,,[1469]
306509,57,1000303,10847000,1,1,0,Monster_Name_306509,,0,0,2,0,False,0,0,2,0,True,True,40,90,90,3000.0,"[7019201,7019202]",False,0,0,0,0,Percevejo Fedorento Hill,,,[1469]
306510,57,1000304,10020000,1,1,0,Monster_Name_306510,,0,0,2,0,False,0,0,2,0,True,True,40,140,200,3000.0,[7001601],False,0,0,0,0,Hill Kaigar,,,[1469]
306511,57,1000305,10090000,1,1,0,Monster_Name_306511,,0,0,2,0,False,0,0,2,0,True,True,40,120,200,3000.0,[7007501],False,0,0,0,0,Hill Fezal,,,[1469]
306512,57,1000306,10210002,1,1,0,Monster_Name_306512,,0,0,2,0,False,0,0,2,0,True,True,40,100,200,3000.0,[7005001],False,0,0,0,0,Hill Limpo,,,[1469]
306513,57,1000307,18610001,1,1,0,Monster_Name_306513,Monster_Title_65000001,0,65000001,2,0,False,0,0,2,0,True,True,40,100,200,3000.0,[7011401],False,0,0,0,0,Lanceiro Errante,Cultista Desgarrado,,[1469]
306514,57,1000308,18630001,1,1,0,Monster_Name_306514,Monster_Title_65000001,0,65000001,2,0,False,0,0,2,0,True,True,40,100,200,3000.0,[7011601],False,0,0,0,0,Carcereiro Errante,Cultista Desgarrado,,[1469]
306597,57,1000309,10010003,1,1,0,Monster_Name_306597,,0,0,2,0,False,0,0,2,1,True,True,40,100,110,1500.0,[7000101],False,0,0,0,0,Estilhaçador Selvagem,,,[1469]
306598,57,1000310,10460002,1,1,0,Monster_Name_306598,,0,0,2,0,False,0,0,2,1,True,True,40,80,110,1500.0,[7008401],False,0,0,0,0,Fantasma Enfurecido,,,[1469]
306599,57,1000311,10050002,1,1,0,Monster_Name_306599,,0,0,2,0,False,0,0,2,1,True,True,40,90,110,1500.0,"[7003701,7003702,7003703]",False,0,0,0,0,Arghol Selvagem,,,[1469]
306617,48,1000204,10812001,1,1,0,Monster_Name_306617,Monster_Title_66000001,0,66000001,2,0,False,0,0,2,0,True,True,40,60,200,3000.0,[7013101],False,0,0,0,0,Controle Abiectio Bork,Drone de Vigilância com Mau Funcionamento,,[599]
306618,48,1000205,10810002,1,1,0,Monster_Name_306618,Monster_Title_66000001,0,66000001,2,0,False,0,0,2,0,True,True,40,60,200,3000.0,"[7012401,7012402]",False,0,0,0,0,Abiectio Bork de Assalto,Drone de Vigilância com Mau Funcionamento,,[599]
306619,48,1000206,10849000,1,1,0,Monster_Name_306619,Monster_Title_66000002,0,66000002,2,0,False,0,0,2,0,True,True,40,90,90,3000.0,[7019301],False,0,0,0,0,Bot de Vigilância Abiectio,Unidade de Vigilância de Exílio,,[599]
306620,48,1000207,10811001,1,1,0,Monster_Name_306620,Monster_Title_66000002,0,66000002,2,0,False,0,0,2,0,True,True,40,60,200,3000.0,"[7012501,7012502]",False,0,0,0,0,Abiectio Bork Laser,Unidade de Vigilância de Exílio,,[599]
306621,48,1000208,10400000,1,1,0,Monster_Name_306621,,0,0,2,0,False,0,0,2,0,True,True,40,80,200,3000.0,"[7009301,7009302]",False,0,0,0,0,Abiectio Anabola,,,[599]
306622,48,1000209,10380000,1,1,0,Monster_Name_306622,,0,0,2,0,False,0,0,2,0,True,True,40,60,200,3000.0,[7009101],False,0,0,0,0,Demolição Abiectio,,,[599]
306623,48,1000210,10040000,1,1,0,Monster_Name_306623,,0,0,2,0,False,0,0,2,0,True,True,40,50,200,3000.0,[7001201],False,0,0,0,0,Abiectio Mahr,,,[599]
306624,48,1000211,10850000,1,1,0,Monster_Name_306624,,0,0,2,0,False,0,0,2,0,True,True,40,90,90,3000.0,"[7019501,7019502,7019503]",False,0,0,0,0,Abiectio Glatt,,,[599]
306625,48,1000212,10740000,1,1,0,Monster_Name_306625,,0,0,2,0,False,0,0,2,0,True,True,40,50,200,3000.0,"[7010101,7010102,7010103,7010104,7010105,7010106]",False,0,0,0,0,Exílio Infectado,,,[599]
306626,48,1000213,18620001,1,1,0,Monster_Name_306626,Monster_Title_66000003,0,66000003,2,0,False,0,0,2,0,True,True,40,50,200,3000.0,[7011501],False,0,0,0,0,Arqueiro Abiectio,Herege Errante,,[599]
306627,48,1000214,18700001,1,1,0,Monster_Name_306627,Monster_Title_66000003,0,66000003,2,0,False,0,0,2,0,True,True,40,100,200,3000.0,[7013001],False,0,0,0,0,Arquivista Abiectio,Herege Errante,,[599]
306697,48,1000215,10842001,1,1,0,Monster_Name_306697,,0,0,2,0,False,0,0,2,1,True,True,40,50,200,1500.0,[7018302],False,0,0,0,0,Pathfinder Desenfreado,,,[599]
306698,48,1000216,10620001,1,1,0,Monster_Name_306698,,0,0,2,0,False,0,0,2,1,True,True,40,145,200,1500.0,"[7007901,7007904]",False,0,0,0,0,Canibal Selvagem,,,[599]
306699,48,1000217,10050002,1,1,0,Monster_Name_306699,,0,0,2,0,False,0,0,2,1,True,True,40,90,200,1500.0,"[7003701,7003702,7003703]",False,0,0,0,0,Arghol Selvagem,,,[599]
306701,53,1000252,10040000,1,1,0,Monster_Name_306701,,0,67000001,2,0,False,0,0,2,0,True,True,40,50,200,3000.0,[7001201],False,0,0,0,0,Mortum Mahr,,,[1069]
306702,53,1000253,10041000,1,1,0,Monster_Name_306702,,0,67000001,2,0,False,0,0,2,0,True,True,40,80,200,3000.0,[7001101],False,0,0,0,0,Criador Mortum Mahr,,,[1069]
306703,53,1000254,10847000,1,1,0,Monster_Name_306703,,0,67000001,2,0,False,0,0,2,0,True,True,40,90,90,3000.0,"[7019201,7019202]",False,0,0,0,0,Besouro Fedido Mortum,,,[1069]
306704,53,1000256,10330000,1,1,0,Monster_Name_306704,,0,67000001,2,0,False,0,0,2,0,True,True,40,50,200,3000.0,[7005901],False,0,0,0,0,Cinzas de Mortum,,,[1069]
306705,53,1000257,10140002,1,1,0,Monster_Name_306705,,0,67000001,2,0,False,0,0,2,0,True,True,40,100,200,3000.0,"[7005501,7005502]",False,0,0,0,0,Mortum Meevlan,,,[1069]
306706,53,1000258,10030000,1,1,0,Monster_Name_306706,,0,67000001,2,0,False,0,0,2,0,True,True,40,80,200,3000.0,[7000701],False,0,0,0,0,Mortum Grumble,,,[1069]
306707,54,1000260,10530000,1,1,0,Monster_Name_306707,Monster_Title_67000002,0,67000002,2,0,False,0,0,2,0,True,True,40,50,200,3000.0,"[7003601,7003602]",False,0,0,0,0,Mortum Saqueador Predo,Bandidos Rhyno,,[1169]
306708,54,1000261,10531000,1,1,0,Monster_Name_306708,Monster_Title_67000002,0,67000002,2,0,False,0,0,2,0,True,True,40,50,200,3000.0,[7003501],False,0,0,0,0,Atirador Predo Mortum,Bandidos Rhyno,,[1169]
306709,54,1000262,10280001,1,1,0,Monster_Name_306709,,0,67000001,2,0,False,0,0,2,0,True,True,40,110,200,3000.0,"[7008501,7008502]",False,0,0,0,0,Mortum Gafftail,,,[1169]
306710,54,1000264,10813000,1,1,0,Monster_Name_306710,Monster_Title_67000003,0,67000003,2,0,False,0,0,2,0,True,True,40,50,80,3000.0,"[7014901,7014902]",False,0,0,0,0,Rastreador Mortum Ferinky,Ladrões de Relíquias,,[1169]
306711,54,1000265,10814000,1,1,0,Monster_Name_306711,Monster_Title_67000003,0,67000003,2,0,False,0,0,2,0,True,True,40,50,80,3000.0,[7015501],False,0,0,0,0,Sniper Mortum Ferinky,Ladrões de Relíquias,,[1169]
306712,54,1000266,10815000,1,1,0,Monster_Name_306712,Monster_Title_67000003,0,67000003,2,0,False,0,0,2,0,True,True,40,50,100,3000.0,[7015401],False,0,0,0,0,Mortum Ferinky Lutador,Ladrões de Relíquias,,[1169]
306796,54,1000255,10130001,1,1,0,Monster_Name_306796,,0,0,2,0,False,0,0,2,1,True,True,40,80,200,1500.0,[7008801],False,0,0,0,0,Simbionte Selvagem,,,[1169]
306797,54,1000259,10010003,1,1,0,Monster_Name_306797,,0,0,2,0,False,0,0,2,1,True,True,40,100,200,1500.0,[7000101],False,0,0,0,0,Estilhaçador Selvagem,,,[1169]
306798,54,1000263,10050002,1,1,0,Monster_Name_306798,,0,0,2,0,False,0,0,2,1,True,True,40,90,200,1500.0,"[7003701,7003702,7003703]",False,0,0,0,0,Arghol Selvagem,,,[1169]
306799,54,1000267,10810003,1,1,0,Monster_Name_306799,,0,0,2,0,False,0,0,2,1,True,True,40,60,200,1500.0,"[7012401,7012402]",False,0,0,0,0,Bork de Assalto Desenfreado,,,[1169]
306801,55,1000270,10290000,1,1,0,Monster_Name_306801,,0,68000000,2,0,False,0,0,2,0,True,True,40,100,200,3000.0,"[7004101,7004102]",False,0,0,0,0,Lagarto Onyx,,,[1269]
306802,55,1000277,10290004,1,1,0,Monster_Name_306802,,0,68000002,2,0,False,0,0,2,0,True,True,40,100,200,3000.0,"[7004101,7004102]",False,0,0,0,0,Ancião Lagarto Onyx,,,[1269]
306803,55,1000271,10850000,1,1,0,Monster_Name_306803,,0,68000000,2,0,False,0,0,2,0,True,True,40,90,90,3000.0,"[7019501,7019502,7019503]",False,0,0,0,0,Glatt Onyx,,,[1269]
306804,55,1000275,10180000,1,1,0,Monster_Name_306804,,0,68000002,2,0,False,0,0,2,0,True,True,40,150,200,3000.0,[7000201],False,0,0,0,0,Canibal Rex Onyx,,,[1269]
306805,55,1000269,10330000,1,1,0,Monster_Name_306805,,0,68000003,2,0,False,0,0,2,0,True,True,40,50,200,3000.0,[7005901],False,0,0,0,0,Ash Onyx,,,[1269]
306806,55,1000268,10330002,1,1,0,Monster_Name_306806,,0,68000003,2,0,False,0,0,2,0,True,True,40,50,200,3000.0,[7005901],False,0,0,0,0,Ash Ígneo Onyx,,,[1269]
306807,55,1000276,10370000,1,1,0,Monster_Name_306807,,0,68000002,2,0,False,0,0,2,0,True,True,40,80,200,3000.0,"[7008301,7008302]",False,0,0,0,0,Larva Infernal Onyx,,,[1269]
306808,55,1000278,18680001,283,1,0,Monster_Name_306808,Monster_Title_68000001,0,68000001,2,0,False,0,0,2,0,True,True,40,100,200,3000.0,"[7012601,7012602]",False,0,0,0,0,Onyx Zealot,Herege da Mão Negra,,[1269]
306809,55,1000279,18690001,284,1,0,Monster_Name_306809,Monster_Title_68000001,0,68000001,2,0,False,0,0,2,0,True,True,40,100,200,3000.0,"[7012701,7012702]",False,0,0,0,0,Arquivista Ônix,Herege da Mão Negra,,[1269]
306811,55,1000280,10839000,1,1,0,Monster_Name_306811,Monster_Title_68000004,0,68000004,2,0,False,0,0,2,0,True,True,30,50,50,3000.0,"[7017801,7017802]",False,0,0,0,0,Iniciador de Fogo Ônix,Batalhão Despachado Thermit,,[1269]
306812,55,1000281,10840000,1,1,0,Monster_Name_306812,Monster_Title_68000004,0,68000004,2,0,False,0,0,2,0,True,True,30,50,50,3000.0,[7017901],False,0,0,0,0,Purificador de Ônix,Batalhão Despachado Thermit,,[1269]
306814,55,1000272,10010003,1,1,0,Monster_Name_306814,,0,0,2,0,False,0,0,2,1,True,True,40,100,200,1300.0,[7000101],False,0,0,0,0,Estilhaçador Selvagem,,,[1269]
306815,55,1000273,10620001,1,1,0,Monster_Name_306815,,0,0,2,0,False,0,0,2,1,True,True,40,200,200,1300.0,"[7007901,7007904]",False,0,0,0,0,Canibal Selvagem,,,[1269]
306816,55,1000274,10460002,1,1,0,Monster_Name_306816,,0,0,2,0,False,0,0,2,1,True,True,40,80,200,1300.0,[7008401],False,0,0,0,0,Fantasma Enfurecido,,,[1269]
306901,51,1000239,10380000,1,1,0,Monster_Name_306901,,0,69000000,2,0,False,0,0,2,0,True,True,40,60,200,3000.0,[7009101],False,0,0,0,0,Demolis do Pântano,,,[869]
306902,51,1000242,10390000,1,1,0,Monster_Name_306902,,0,69000000,2,0,False,0,0,2,0,True,True,40,100,200,3000.0,[7009101],False,0,0,0,0,Demolis Infernal do Pântano,,,[869]
306903,52,1000247,10441000,1,1,0,Monster_Name_306903,Monster_Title_69000001,0,69000001,2,0,False,0,0,2,0,True,True,40,100,200,3000.0,[7012101],False,0,0,0,0,Ladino Vafer do Pântano,Caçador de Névoa,,[969]
306904,52,1000248,10442000,1,1,0,Monster_Name_306904,Monster_Title_69000001,0,69000001,2,0,False,0,0,2,0,True,True,40,100,200,3000.0,[7012001],False,0,0,0,0,Pântano Mortal Vafer,Caçador de Névoa,,[969]
306905,51,1000249,10400000,1,1,0,Monster_Name_306905,,0,69000002,2,0,False,0,0,2,0,True,True,40,80,200,3000.0,"[7009301,7009302]",False,0,0,0,0,Anabola do Pântano,,,[869]
306906,52,1000250,10100000,1,1,0,Monster_Name_306906,,0,69000002,2,0,False,0,0,2,0,True,True,40,50,200,3000.0,[7005101],False,0,0,0,0,Ertelem do Pântano,,,[969]
306907,52,1000251,10350000,1,1,0,Monster_Name_306907,,0,69000002,2,0,False,0,0,2,0,True,True,40,60,200,3000.0,"[7005701,7005702]",False,0,0,0,0,Dagan do Pântano,,,[969]
306908,51,1000236,10573000,1,1,0,Monster_Name_306908,Monster_Title_69000003,0,69000003,2,0,False,0,0,2,0,True,True,40,50,200,3000.0,[7007301],False,0,0,0,0,Arremessador Snatcher do Pântano,Clã Broadrock,,[869]
306909,51,1000237,10572000,1,1,0,Monster_Name_306909,Monster_Title_69000003,0,69000003,2,0,False,0,0,2,0,True,True,40,50,200,3000.0,[7007201],False,0,0,0,0,Lanceiro Snatcher do Pântano,Clã Broadrock,,[869]
306910,52,1000245,18700001,1,1,0,Monster_Name_306910,Monster_Title_69000004,0,69000004,2,0,False,0,0,2,0,True,True,40,100,200,3000.0,[7013001],False,0,0,0,0,Arquivista do Pântano,Herege da Mão Negra,,[969]
306911,52,1000246,18720001,1,1,0,Monster_Name_306911,Monster_Title_69000004,0,69000004,2,0,False,0,0,2,0,True,True,40,100,200,3000.0,"[7012801,7012802]",False,0,0,0,0,Missionário do Pântano,Herege da Mão Negra,,[969]
306912,51,1000238,10571000,1,1,0,Monster_Name_306912,Monster_Title_69000003,0,69000003,2,0,False,0,0,2,0,True,True,40,50,200,3000.0,[7007101],False,0,0,0,0,Machadista Snatcher do Pântano,Clã Broadrock,,[869]
306913,51,1000240,10460002,1,1,0,Monster_Name_306913,,0,0,2,0,False,0,0,2,1,True,True,40,80,200,1300.0,[7008401],False,0,0,0,0,Fantasma Enfurecido,,,[869]
306914,44,0,10400000,1,1,0,Monster_Name_306914,Monster_Title_69000005,0,69000005,2,0,True,0,0,2,0,True,True,40,80,200,30000.0,"[7009301,7009302]",False,0,0,0,0,Anabola Podre,Planta Monstruosa do Pântano da Névoa,,[]
306915,37,0,16040001,253,2,0,Monster_Name_306915,Monster_Title_69000006,0,69000006,2,103,True,0,2,2,0,True,True,150,200,200,30000.0,[7102012],False,0,0,0,0,Flor da Corrupção,Predador do Pântano da Névoa,,[]
306916,51,1000243,10823002,1,1,0,Monster_Name_306916,,0,0,2,0,False,0,0,2,1,True,True,40,80,80,1300.0,"[7016401,7016402]",False,0,0,0,0,Fantasma Blindado Enfurecido,,,[869]
306917,51,1000244,10310003,1,1,0,Monster_Name_306917,,0,0,2,0,False,0,0,2,1,True,True,40,130,200,1300.0,"[7005801,7005802]",False,0,0,0,0,Brutal Selvagem,,,[869]
306918,51,1000241,10050002,1,1,0,Monster_Name_306918,,0,0,2,0,False,0,0,2,1,True,True,40,90,200,1300.0,"[7003701,7003702,7003703]",False,0,0,0,0,Arghol Selvagem,,,[869]
307001,58,1000312,10220000,1,1,0,Monster_Name_307001,,0,70000001,2,0,False,0,0,2,0,True,True,30,50,200,3000.0,[7001901],False,0,0,0,0,Peregrino Flem,,,[1569]
307002,58,1000314,10020000,1,1,0,Monster_Name_307002,,0,70000001,2,0,False,0,0,2,0,True,True,40,140,200,3000.0,[7001601],False,0,0,0,0,Peregrino Kaigar,,,[1569]
307003,58,1000315,10290001,1,1,0,Monster_Name_307003,,0,70000001,2,0,False,0,0,2,0,True,True,40,100,200,3000.0,"[7004101,7004102]",False,0,0,0,0,Lagarto Peregrino,,,[1569]
307004,58,1000316,10430000,1,1,0,Monster_Name_307004,,0,70000001,2,0,False,0,0,2,0,True,True,40,100,200,3000.0,[7008601],False,0,0,0,0,Peregrino Draco,,,[1569]
307005,58,1000317,10100000,1,1,0,Monster_Name_307005,,0,0,2,0,False,0,0,2,0,True,True,40,50,200,3000.0,[7005101],False,0,0,0,0,Peregrino Ertelem,,,[1569]
307006,58,1000320,18710001,1,1,0,Monster_Name_307006,Monster_Title_70000002,0,70000002,2,0,False,0,0,2,0,True,True,40,100,200,3000.0,"[7012901,7012902]",False,0,0,0,0,Juiz Peregrino,Cultista Escondido,,[1569]
307007,58,1000321,18620001,1,1,0,Monster_Name_307007,Monster_Title_70000002,0,70000002,2,0,False,0,0,2,0,True,True,40,100,200,3000.0,[7011501],False,0,0,0,0,Arqueiro Peregrino,Cultista Escondido,,[1569]
307008,58,1000322,18630001,1,1,0,Monster_Name_307008,Monster_Title_70000002,0,70000002,2,0,False,0,0,2,0,True,True,40,100,200,3000.0,[7011601],False,0,0,0,0,Carcereiro Peregrino,Cultista Escondido,,[1569]
307009,58,1000323,18700001,1,1,0,Monster_Name_307009,Monster_Title_70000002,0,70000002,2,0,False,0,0,2,0,True,True,40,100,200,3000.0,[7013001],False,0,0,0,0,Arquivista Peregrino,Cultista Escondido,,[1569]
307010,58,1000324,18640001,1,1,0,Monster_Name_307010,Monster_Title_70000002,0,70000002,2,0,False,0,0,2,0,True,True,40,100,200,3000.0,[7011801],False,0,0,0,0,Acolito Peregrino,Cultista Escondido,,[1569]
307096,58,1000318,10130001,1,1,0,Monster_Name_307096,,0,0,2,0,False,0,0,2,1,True,True,40,80,200,1300.0,[7008801],False,0,0,0,0,Simbiôntico Selvagem,,,[1569]
307097,58,1000313,10050002,1,1,0,Monster_Name_307097,,0,0,2,0,False,0,0,2,1,True,True,40,90,200,1500.0,"[7003701,7003702,7003703]",False,0,0,0,0,Arghol Selvagem,,,[1569]
307098,58,1000319,10460002,1,1,0,Monster_Name_307098,,0,0,2,0,False,0,0,2,1,True,True,40,80,200,1500.0,[7008401],False,0,0,0,0,Fantasma Enfurecido,,,[1569]
307099,58,1000325,10823002,1,1,0,Monster_Name_307099,,0,0,2,0,False,0,0,2,1,True,True,40,80,200,1500.0,"[7016401,7016402]",False,0,0,0,0,Fantasma Blindado Enfurecido,,,[1569]
307101,61,1000340,10020000,1,1,0,Monster_Name_307101,,0,0,2,0,False,0,0,2,0,True,True,40,140,200,3000.0,[7001601],False,0,0,0,0,Kaigar Numerus,,,[1969]
307102,61,1000341,10550000,1,1,0,Monster_Name_307102,Monster_Title_71000001,0,71000001,2,0,False,0,0,2,0,True,True,40,60,200,3000.0,"[7006201,7006202]",False,0,0,0,0,Guerreiro Crawler Numerus,Bandidos Punho Enferrujado,,[1969]
307103,61,1000342,10551000,1,1,0,Monster_Name_307103,Monster_Title_71000001,0,71000001,2,0,False,0,0,2,0,True,True,40,60,200,3000.0,[7006301],False,0,0,0,0,Caçador de Numerus Crawler,Bandidos Punho Enferrujado,,[1969]
307104,61,1000343,10190000,1,1,0,Monster_Name_307104,,0,0,2,0,False,0,0,2,0,True,True,50,60,200,3000.0,[7001301],False,0,0,0,0,Catus Numerus,,,[1969]
307105,61,1000344,10450000,1,1,0,Monster_Name_307105,,0,0,2,0,False,0,0,2,0,True,True,40,100,200,3000.0,[7012201],False,0,0,0,0,Lapis Numerus,,,[1969]
307106,61,1000345,10450001,1,1,0,Monster_Name_307106,,0,0,2,0,False,0,0,2,0,True,True,40,100,200,3000.0,[7012201],False,0,0,0,0,Lapis Rigor Numerus,,,[1969]
307107,62,1000346,10540000,1,1,0,Monster_Name_307107,Monster_Title_71000002,0,71000002,2,0,False,0,0,2,0,True,True,40,50,200,3000.0,[7002701],False,0,0,0,0,Numerus Bandido Equesiano,Bandidos Goldfinger,,[2169]
307108,62,1000347,10541000,1,1,0,Monster_Name_307108,Monster_Title_71000002,0,71000002,2,0,False,0,0,2,0,True,True,40,50,200,3000.0,[7002801],False,0,0,0,0,Numerus Atirador Equesian,Bandidos Goldfinger,,[2169]
307109,62,1000348,18620001,1,1,0,Monster_Name_307109,Monster_Title_71000003,0,71000003,2,0,False,0,0,2,0,True,True,40,100,200,3000.0,[7011501],False,0,0,0,0,Arqueiro Numerus,Herege da Mão Negra,,[2169]
307110,62,1000349,18610001,1,1,0,Monster_Name_307110,Monster_Title_71000003,0,71000003,2,0,False,0,0,2,0,True,True,40,100,200,3000.0,[7011401],False,0,0,0,0,Numerus Lanceiro,Herege da Mão Negra,,[2169]
307111,62,1000350,18640001,1,1,0,Monster_Name_307111,Monster_Title_71000003,0,71000003,2,0,False,0,0,2,0,True,True,40,100,200,3000.0,[7011801],False,0,0,0,0,Acolyte de Numerus,Herege da Mão Negra,,[2169]
307112,62,1000351,18680001,1,1,0,Monster_Name_307112,Monster_Title_71000003,0,71000003,2,0,False,0,0,2,0,True,True,40,100,200,3000.0,"[7012601,7012602]",False,0,0,0,0,Numerus Zelote,Herege da Mão Negra,,[2169]
307197,62,1000352,10130001,1,1,0,Monster_Name_307197,,0,0,2,0,False,0,0,2,1,True,True,40,80,200,1300.0,[7008801],False,0,0,0,0,Simbiôntico Selvagem,,,[2169]
307198,62,1000353,10831002,1,1,0,Monster_Name_307198,,0,0,2,0,False,0,0,2,1,True,True,40,80,140,1300.0,"[7015801,7015802]",False,0,0,0,0,Junker Enfurecido,,,[2169]
307199,62,1000354,10460002,1,1,0,Monster_Name_307199,,0,0,2,0,False,0,0,2,1,True,True,40,80,200,1300.0,[7008401],False,0,0,0,0,Fantasma Enfurecido,,,[2169]
307201,59,1000326,10310002,1,1,0,Monster_Name_307201,,0,0,2,0,False,0,0,2,0,True,True,40,130,200,3000.0,"[7005801,7005802]",False,0,0,0,0,Brutal Caído,,,[1669]
307202,59,1000327,10040000,1,1,0,Monster_Name_307202,,0,0,2,0,False,0,0,2,0,True,True,40,50,200,3000.0,[7001201],False,0,0,0,0,Mahr Caído,,,[1669]
307203,59,1000328,10430000,1,1,0,Monster_Name_307203,,0,0,2,0,False,0,0,2,0,True,True,40,100,200,3000.0,[7008601],False,0,0,0,0,Draco Infernal Caído,,,[1669]
307204,59,1000329,18690001,1,1,0,Monster_Name_307204,Monster_Title_72000001,0,72000001,2,0,False,0,0,2,0,True,True,40,100,200,3000.0,"[7012701,7012702]",False,0,0,0,0,Arquivista Caído,Sentinela do Templo,,[1669]
307205,59,1000330,18630001,1,1,0,Monster_Name_307205,Monster_Title_72000001,0,72000001,2,0,False,0,0,2,0,True,True,40,100,200,3000.0,[7011601],False,0,0,0,0,Carcereiro Caído,Sentinela do Templo,,[1669]
307206,59,1000331,18710001,1,1,0,Monster_Name_307206,Monster_Title_72000001,0,72000001,2,0,False,0,0,2,0,True,True,40,100,200,3000.0,"[7012901,7012902]",False,0,0,0,0,Zelote Caído,Sentinela do Templo,,[1669]
307207,59,1000332,18720001,287,1,0,Monster_Name_307207,Monster_Title_72000001,0,72000001,2,0,False,0,0,2,0,True,True,40,100,200,3000.0,"[7012801,7012802]",False,0,0,0,0,Executor Caído,Sentinela do Templo,,[1669]
307208,60,1000333,10380000,1,1,0,Monster_Name_307208,,0,0,2,0,False,0,0,2,0,True,True,40,60,200,3000.0,[7009101],False,0,0,0,0,Demolis Caído,,,[1769]
307209,60,1000334,18640001,1,1,0,Monster_Name_307209,Monster_Title_72000001,0,72000001,2,0,False,0,0,2,0,True,True,40,50,200,3000.0,[7011801],False,0,0,0,0,Inquisidor Caído,Sentinela do Templo,,[1769]
307210,60,1000335,10041000,1,1,0,Monster_Name_307210,,0,0,2,0,False,0,0,2,0,True,True,40,80,200,3000.0,[7001101],False,0,0,0,0,Criador de Mahr Caído,,,[1769]
307211,60,1000336,10140002,1,1,0,Monster_Name_307211,,0,0,2,0,False,0,0,2,0,True,True,40,100,200,3000.0,"[7005501,7005502]",False,0,0,0,0,Meevlan Caído,,,[1769]
307297,60,1000337,10050002,1,1,0,Monster_Name_307297,,0,0,2,0,False,0,0,2,1,True,True,40,90,200,1300.0,"[7003701,7003702,7003703]",False,0,0,0,0,Arghol Selvagem,,,[1769]
307298,60,1000338,10010003,1,1,0,Monster_Name_307298,,0,0,2,0,False,0,0,2,1,True,True,40,100,200,1300.0,[7000101],False,0,0,0,0,Estilhaçador Selvagem,,,[1769]
307299,60,1000339,10460002,1,1,0,Monster_Name_307299,,0,0,2,0,False,0,0,2,1,True,True,40,80,200,1300.0,[7008401],False,0,0,0,0,Fantasma Enfurecido,,,[1769]
307301,43,1000161,10814000,1,1,0,Monster_Name_307301,Monster_Title_73000001,0,73000001,2,0,False,0,0,2,0,True,True,40,50,80,3000.0,[7015501],False,0,0,0,0,Sniper Ghent Ferinky,Pilhadores de Minas,,[249]
307302,43,1000162,10815000,1,1,0,Monster_Name_307302,Monster_Title_73000001,0,73000001,2,0,False,0,0,2,0,True,True,40,50,100,3000.0,[7015401],False,0,0,0,0,Ghent Ferinky Lutador,Pilhadores de Minas,,[249]
307303,43,1000163,10541000,1,1,0,Monster_Name_307303,Monster_Title_73000005,0,73000005,2,0,False,0,0,2,0,True,True,40,50,200,3000.0,[7002801],False,0,0,0,0,Atirador Equesian de Ghent,Bandidos da Névoa Negra,,[249]
307304,43,1000164,10540000,1,1,0,Monster_Name_307304,Monster_Title_73000005,0,73000005,2,0,False,0,0,2,0,True,True,40,50,200,3000.0,[7002701],False,0,0,0,0,Saqueador Equesian de Ghent,Bandidos da Névoa Negra,,[249]
307305,43,1000162,10582000,1,1,0,,,0,0,2,0,False,0,0,2,0,True,True,40,50,200,3000.0,[7009701],False,0,0,0,0,,,,[249]
307306,43,1000163,10584000,1,1,0,,,0,0,2,0,False,0,0,2,0,True,True,40,50,200,3000.0,"[7010601,7010602]",False,0,0,0,0,,,,[249]
307307,43,1000165,10832002,1,1,0,Monster_Name_307307,Monster_Title_73000004,0,73000004,2,0,False,0,0,2,0,True,True,60,150,130,3000.0,"[7016101,7016102,7016103]",False,0,0,0,0,Portuário Lydian Ghent,Máquina de Combate Despachada,,[249]
307308,44,1000166,10833000,1,1,0,Monster_Name_307308,Monster_Title_73000004,0,73000004,2,0,False,0,0,2,0,True,True,40,60,60,3000.0,[7017701],False,0,0,0,0,Cirurgião Lydian de Ghent,Máquina de Combate Despachada,,[299]
307309,44,1000167,10550004,1,1,0,Monster_Name_307309,Monster_Title_73000002,0,73000002,2,0,False,0,0,2,0,True,True,40,60,200,3000.0,"[7006201,7006202]",False,0,0,0,0,Ghent Saura Tropas de Choque,Bandidos Bladerock,,[299]
307310,44,1000168,10521000,1,1,0,Monster_Name_307310,Monster_Title_73000002,0,73000002,2,0,False,0,0,2,0,True,True,40,50,200,3000.0,[7006401],False,0,0,0,0,Sniper Ghent Saura,Bandidos Bladerock,,[299]
307311,44,1000169,10844000,1,1,0,Monster_Name_307311,Monster_Title_73000003,0,73000003,2,0,False,0,0,2,0,True,True,40,50,110,3000.0,"[7019101,7019102,7019103]",False,0,0,0,0,Guerreiro Nether de Ghent,Legião Âncora do Vazio,,[299]
307312,44,1000170,10845000,1,1,0,Monster_Name_307312,Monster_Title_73000003,0,73000003,2,0,False,0,0,2,0,True,True,40,50,120,3000.0,[7019001],False,0,0,0,0,Sentinela Nether de Ghent,Legião Âncora do Vazio,,[299]
307313,44,1000171,10846000,1,1,0,Monster_Name_307313,Monster_Title_73000003,0,73000003,2,0,False,0,0,2,0,True,True,40,120,120,3000.0,"[7018901,7018902,7018903]",False,0,0,0,0,Aniquilador Nether de Ghent,Legião Âncora do Vazio,,[299]
307397,44,1000172,10842001,1,1,0,Monster_Name_307397,,0,0,2,0,False,0,0,2,1,True,True,40,60,200,1500.0,[7018302],False,0,0,0,0,Pathfinder Enfurecido,,,[299]
307398,44,1000173,10831002,1,1,0,Monster_Name_307398,,0,0,2,0,False,0,0,2,1,True,True,40,80,140,1500.0,"[7015801,7015802]",False,0,0,0,0,Junker Desenfreado,,,[299]
307399,44,1000174,10810000,1,1,0,Monster_Name_307399,,0,0,2,0,False,0,0,2,1,True,True,40,60,200,1500.0,"[7012401,7012402]",False,0,0,0,0,Bork de Assalto Desenfreado,,,[299]
307401,45,1000186,10844000,1,1,0,Monster_Name_307401,Monster_Title_74000001,0,74000001,2,0,False,0,0,2,0,True,True,40,50,110,3000.0,"[7019101,7019102,7019103]",False,0,0,0,0,Galio Guerreiro Nether,Legião Âncora Negra,,[359]
307403,46,1000187,10845000,1,1,0,Monster_Name_307403,Monster_Title_74000001,0,74000001,2,0,False,0,0,2,0,True,True,40,50,120,3000.0,[7019001],False,0,0,0,0,Galio Sentinela Nether,Legião Âncora Negra,,[429]
307404,46,1000188,10846000,1,1,0,Monster_Name_307404,Monster_Title_74000001,0,74000001,2,0,False,0,0,2,0,True,True,40,120,120,3000.0,"[7018901,7018902,7018903]",False,0,0,0,0,Galio Aniquilador Nether,Legião Âncora Negra,,[429]
307405,45,1000177,10240000,1,1,0,Monster_Name_307405,,0,0,2,0,False,0,0,2,0,True,True,40,60,200,3000.0,[7008901],False,0,0,0,0,Galio Nezad Infectado,,,[359]
307406,45,1000175,10610000,1,1,0,Monster_Name_307406,,0,74000000,2,0,False,0,0,2,0,True,True,40,100,200,3000.0,"[7006601,7006602,7006603]",False,0,0,0,0,Lagarto Galio Infectado,,,[359]
307407,46,1000179,10640000,1,1,0,Monster_Name_307407,,0,74000002,2,0,False,0,0,2,0,True,True,40,50,200,3000.0,"[7008001,7008002]",False,0,0,0,0,Sacerdote Infectado,,,[429]
307408,46,1000180,10660000,1,1,0,Monster_Name_307408,,0,74000002,2,0,False,0,0,2,0,True,True,40,80,200,3000.0,"[7006801,7006802,7006803]",False,0,0,0,0,Talpa Infectado,,,[429]
307409,45,1000176,10600000,1,1,0,Monster_Name_307409,,0,74000000,2,0,False,0,0,2,0,True,True,40,80,200,3000.0,"[7006901,7006902]",False,0,0,0,0,Estilhaçador Galio Infectado,,,[359]
307410,46,1000181,10620000,1,1,0,Monster_Name_307410,,0,74000002,2,0,False,0,0,2,0,True,True,40,200,200,3000.0,"[7007901,7007904]",False,0,0,0,0,Galio Canibal Infectado,,,[429]
307411,45,1000178,10590000,1,1,0,Monster_Name_307411,,0,74000002,2,0,False,0,0,2,0,True,True,40,80,200,3000.0,[7006001],False,0,0,0,0,Larva de Galio Infectada,,,[359]
307413,32,0,18950000,320,307413,0,Monster_Name_307413,Monster_Title_74000003,0,74000003,2,103,True,0,2,2,0,True,True,40,150,200,30000.0,"[7103401,7103402]",False,0,0,0,0,Colossus,Executivo Karon,,[]
307414,46,1000182,10010003,1,1,0,Monster_Name_307414,,0,0,2,0,False,0,0,2,1,True,True,40,100,200,1300.0,[7000101],False,0,0,0,0,Estilhaçador Selvagem,,,[429]
307415,35,0,10685000,1,300814,0,Monster_Name_307415,Monster_Title_74000004,0,74000004,2,0,True,0,0,2,0,True,True,40,50,200,3000.0,[7010401],False,0,0,0,0,Karon Vingador,Invasor Karon,,[]
307416,35,0,10684000,1,300815,0,Monster_Name_307416,Monster_Title_74000004,0,74000004,2,0,True,0,0,2,0,True,True,40,50,200,3000.0,"[7010501,7010502]",False,0,0,0,0,Cavaleiro Karon,Invasor Karon,,[]
307417,35,0,10684000,1,300815,0,Monster_Name_307417,Monster_Title_74000004,0,74000004,2,0,True,0,0,2,0,True,True,40,50,200,3000.0,"[7010501,7010502]",False,0,0,0,0,Karon Cavaleiro,Invasor Karon,,[]
307418,35,0,10681000,1,300818,0,Monster_Name_307418,Monster_Title_74000004,0,74000004,2,0,True,0,0,2,0,True,True,40,50,200,3000.0,"[7010701,7010702]",False,0,0,0,0,Berserker Karon,Invasor Karon,,[]
307419,35,0,10681000,1,300818,0,Monster_Name_307419,Monster_Title_74000004,0,74000004,2,0,True,0,0,2,0,True,True,40,50,200,3000.0,"[7010701,7010702]",False,0,0,0,0,Berserker Karon,Invasor Karon,,[]
307420,46,1000183,10650000,1,1,0,Monster_Name_307420,,0,74000002,2,0,False,0,0,2,0,True,True,40,50,200,3000.0,"[7008101,7008102,7008103]",False,0,0,0,0,Soldado Accretia Infectado,,,[429]
307421,46,1000184,10620001,1,1,0,Monster_Name_307421,,0,0,2,0,False,0,0,2,1,True,True,40,200,200,1300.0,"[7007901,7007904]",False,0,0,0,0,Canibal Selvagem,,,[429]
307422,46,1000185,10823002,1,1,0,Monster_Name_307422,,0,0,2,0,False,0,0,2,1,True,True,40,80,80,1300.0,"[7016401,7016402]",False,0,0,0,0,Fantasma Blindado Enfurecido,,,[429]
307501,42,1000151,10581000,1,1,0,Monster_Name_307501,Monster_Title_75000001,0,75000001,2,0,False,0,0,2,0,True,True,40,50,200,3000.0,"[7009601,7009602]",False,0,0,0,0,Rastreador de Caldeirão,Gangue Belphegor,,[209]
307502,42,1000152,10582000,1,1,0,Monster_Name_307502,Monster_Title_75000001,0,75000001,2,0,False,0,0,2,0,True,True,40,50,200,3000.0,[7009701],False,0,0,0,0,Incendiário do Caldeirão,Gangue Belphegor,,[209]
307503,42,1000156,10583000,1,1,0,Monster_Name_307503,Monster_Title_75000001,0,75000001,2,0,False,0,0,2,0,True,True,40,50,200,3000.0,[7009801],False,0,0,0,0,Atirador de Caldeirão,Gangue Belphegor,,[209]
307504,42,1000157,10584000,1,1,0,Monster_Name_307504,Monster_Title_75000001,0,75000001,2,0,False,0,0,2,0,True,True,40,50,200,3000.0,"[7010601,7010602]",False,0,0,0,0,Brutamontes do Caldeirão,Gangue Belphegor,,[209]
307505,41,1000146,10200000,1,1,0,Monster_Name_307505,,0,75000002,2,0,False,0,0,2,0,True,True,50,120,200,3000.0,[7000801],False,0,0,0,0,Clod Cauldron,,,[179]
307506,41,1000147,10070000,1,1,0,Monster_Name_307506,,0,75000002,2,0,False,0,0,2,0,True,True,40,120,200,3000.0,[7007801],False,0,0,0,0,Nyoka Cauldron,,,[179]
307507,42,1000158,10120000,1,1,0,Monster_Name_307507,,0,75000002,2,0,False,0,0,2,0,True,True,40,90,200,3000.0,"[7007701,7007702]",False,0,0,0,0,Ravenous Cauldron,,,[209]
307508,41,1000148,10080000,1,1,0,Monster_Name_307508,,0,75000002,2,0,False,0,0,2,0,True,True,40,100,200,3000.0,[7005601],False,0,0,0,0,Silex Cauldron,,,[179]
307509,41,1000153,10380000,1,1,0,Monster_Name_307509,,0,75000002,2,0,False,0,0,2,0,True,True,40,60,200,3000.0,[7009101],False,0,0,0,0,Demolis Cauldron,,,[179]
307510,41,1000149,10240000,1,1,0,Monster_Name_307510,,0,75000002,2,0,False,0,0,2,0,True,True,40,60,200,3000.0,[7008901],False,0,0,0,0,Nezad Cauldron,,,[179]
307595,42,1000154,10050002,1,1,0,Monster_Name_307595,,0,0,2,0,False,0,0,2,1,True,True,40,90,200,1300.0,"[7003701,7003702,7003703]",False,0,0,0,0,Arghol Selvagem,,,[209]
307596,42,1000159,10310003,1,1,0,Monster_Name_307596,,0,0,2,0,False,0,0,2,1,True,True,40,130,200,3000.0,"[7005801,7005802]",False,0,0,0,0,Brutal Selvagem,,,[209]
307597,42,1000150,10010003,1,1,0,Monster_Name_307597,,0,0,2,0,False,0,0,2,1,True,True,40,100,200,1500.0,[7000101],False,0,0,0,0,Estilhaçador Selvagem,,,[209]
307598,42,1000155,10810003,1,1,0,Monster_Name_307598,,0,0,2,0,False,0,0,2,1,True,True,40,60,200,1500.0,"[7012401,7012402]",False,0,0,0,0,Bork de Assalto Desenfreado,,,[209]
307599,42,1000160,10831002,1,1,0,Monster_Name_307599,,0,0,2,0,False,0,0,2,1,True,True,40,80,140,1500.0,"[7015801,7015802]",False,0,0,0,0,Junker Desenfreado,,,[209]
307601,29,1000062,10580000,1,1,0,Monster_Name_307601,Monster_Title_76000001,0,76000001,2,0,False,0,0,2,0,True,True,40,50,200,3000.0,"[7007401,7007402]",False,0,0,0,0,Lutador de Faca Fora da Lei Anakade,Gangue Landmate,,[77]
307602,29,1000063,10583000,1,1,0,Monster_Name_307602,Monster_Title_76000001,0,76000001,2,0,False,0,0,2,0,True,True,40,50,200,3000.0,[7009801],False,0,0,0,0,Anakade Atirador Fora da Lei,Gangue Landmate,,[77]
307603,29,1000064,10584000,1,1,0,Monster_Name_307603,Monster_Title_76000001,0,76000001,2,0,False,0,0,2,0,True,True,40,50,200,3000.0,"[7010601,7010602]",False,0,0,0,0,Anakade Fora da Lei Bruiser,Gangue Landmate,,[77]
307604,29,1000065,10811001,1,1,0,Monster_Name_307604,Monster_Title_76000004,0,76000004,2,0,False,0,0,2,0,True,True,40,60,200,3000.0,"[7012501,7012502]",False,0,0,0,0,Bork Laser Anakade,Guarda do Complexo de Pesquisa,,[77]
307605,29,1000066,10810002,1,1,0,Monster_Name_307605,Monster_Title_76000004,0,76000004,2,0,False,0,0,2,0,True,True,40,60,200,3000.0,"[7012401,7012402]",False,0,0,0,0,Bork de Assalto Anakade,Guarda do Complexo de Pesquisa,,[77]
307607,30,1000069,10693000,1,1,0,Monster_Name_307607,Monster_Title_76000002,0,76000002,2,0,False,0,0,2,0,True,True,35,50,200,3000.0,"[7005404,7005405,7005406]",False,0,0,0,0,Combatente Mecânico Anakade,Helas,,[83]
307608,30,1000070,10690000,1,1,0,Monster_Name_307608,Monster_Title_76000002,0,76000002,2,0,False,0,0,2,0,True,True,34,50,200,3000.0,[7002501],False,0,0,0,0,Sentinela Anakade,Helas,,[83]
307609,30,1000067,10815000,1,1,0,Monster_Name_307609,Monster_Title_76000003,0,76000003,2,0,False,0,0,2,0,True,True,40,50,100,3000.0,[7015401],False,0,0,0,0,Anakade Ferinky Lutador,Pilhadores Peludos,,[83]
307610,30,1000068,10813000,1,1,0,Monster_Name_307610,Monster_Title_76000003,0,76000003,2,0,False,0,0,2,0,True,True,40,50,80,3000.0,"[7014901,7014902]",False,0,0,0,0,Rastreador Ferinky de Anakade,Pilhadores Peludos,,[83]
307611,30,1000071,10694000,1,1,0,Monster_Name_307611,Monster_Title_76000002,0,76000002,2,0,False,0,0,2,0,True,True,40,50,200,3000.0,[7005301],False,0,0,0,0,Cavalaria Pesada Anakade,Helas,,[83]
307701,56,1000282,10370000,1,1,0,Monster_Name_307701,,0,0,2,0,False,0,0,2,0,True,True,40,80,200,3000.0,"[7008301,7008302]",False,0,0,0,0,Larva Infernal de Ferren,,,[1369]
307702,56,1000283,10360000,1,1,0,Monster_Name_307702,,0,0,2,0,False,0,0,2,0,True,True,40,100,200,3000.0,[7004201],False,0,0,0,0,Larva Óptica Ferren,,,[1369]
307703,56,1000284,10590000,1,1,0,Monster_Name_307703,Monster_Title_77000001,0,77000001,2,0,False,0,0,2,0,True,True,40,80,200,3000.0,[7006001],False,0,0,0,0,Larva Ferren Infectada,Infectado Selvagem,,[1369]
307704,56,1000285,10600000,1,1,0,Monster_Name_307704,Monster_Title_77000001,0,77000001,2,0,False,0,0,2,0,True,True,40,80,200,3000.0,"[7006901,7006902]",False,0,0,0,0,Estilhaçador Ferren Infectado,Infectado Selvagem,,[1369]
307705,56,1000286,10640000,1,1,0,Monster_Name_307705,Monster_Title_77000002,0,77000002,2,0,False,0,0,2,0,True,True,40,50,200,3000.0,"[7008001,7008002]",False,0,0,0,0,Sacerdote do Grande Templo Infectado,Decemista Infectado,,[1369]
307706,56,1000287,10660000,1,1,0,Monster_Name_307706,Monster_Title_77000002,0,77000002,2,0,False,0,0,2,0,True,True,40,80,200,3000.0,"[7006801,7006802,7006803]",False,0,0,0,0,Talpa Infectado Ascético,Decemista Infectado,,[1369]
307707,56,1000288,10740000,1,1,0,Monster_Name_307707,,0,0,2,0,False,0,0,2,0,True,True,40,50,200,3000.0,"[7010101,7010102,7010103,7010104,7010105,7010106]",False,0,0,0,0,Seguidor Infectado,,,[1369]
307708,56,1000289,10670000,1,1,0,Monster_Name_307708,,0,0,2,0,False,0,0,2,0,True,True,40,60,200,3000.0,"[7010201,7010202,7010203]",False,0,0,0,0,Seguidor Mutante Infectado,,,[1369]
307709,56,1000290,10650000,1,1,0,Monster_Name_307709,,0,0,2,0,False,0,0,2,0,True,True,40,50,200,3000.0,"[7008101,7008102,7008103]",False,0,0,0,0,Guarda Infectado,,,[1369]
307710,56,1000291,10610000,1,1,0,Monster_Name_307710,,0,0,2,0,False,0,0,2,0,True,True,40,100,200,3000.0,"[7006601,7006602,7006603]",False,0,0,0,0,Lagarto Ferren Infectado,,,[1369]
307797,56,1000292,10620001,1,1,0,Monster_Name_307797,,0,0,2,0,False,0,0,2,1,True,True,40,145,200,1500.0,"[7007901,7007904]",False,0,0,0,0,Canibal Selvagem,,,[1369]
307798,56,1000293,10010003,1,1,0,Monster_Name_307798,,0,0,2,0,False,0,0,2,1,True,True,40,100,200,1500.0,[7000101],False,0,0,0,0,Estilhaçador Selvagem,,,[1369]
307799,56,1000294,10130001,1,1,0,Monster_Name_307799,,0,0,2,0,False,0,0,2,1,True,True,40,80,200,1500.0,[7008801],False,0,0,0,0,Simbiôntico Selvagem,,,[1369]
307801,71,1000452,10563000,1,1,0,Monster_Name_307801,Monster_Title_78000001,0,78000001,2,0,False,0,0,2,0,True,True,35,50,200,3000.0,"[7000301,7000302]",False,0,0,0,0,Combatente Vagabundo do Deserto,Gangue Mortis,,[7269]
307802,71,1000453,10560000,1,1,0,Monster_Name_307802,Monster_Title_78000001,0,78000001,2,0,False,0,0,2,0,True,True,40,50,200,3000.0,[7000401],False,0,0,0,0,Atirador Vagabundo do Deserto,Gangue Mortis,,[7269]
307803,71,1000454,10562000,1,1,0,Monster_Name_307803,Monster_Title_78000001,0,78000001,2,0,False,0,0,2,0,True,True,40,50,200,3000.0,[7000501],False,0,0,0,0,Retalhador Vagabundo do Deserto,Gangue Mortis,,[7269]
307804,71,1000455,10561000,1,1,0,Monster_Name_307804,Monster_Title_78000001,0,78000001,2,0,False,0,0,2,0,True,True,40,50,200,3000.0,"[7000601,7000602]",False,0,0,0,0,Berserker Vagabundo do Deserto,Gangue Mortis,,[7269]
307805,71,1000456,18400000,1,1,0,Monster_Name_307805,Monster_Title_78000002,0,78000002,2,0,False,0,0,2,0,True,True,40,50,200,3000.0,[7003001],False,0,0,0,0,Espadachim Mech do Deserto,Maquinário Overmind,,[7269]
307806,71,1000457,18410000,1,1,0,Monster_Name_307806,Monster_Title_78000002,0,78000002,2,0,False,0,0,2,0,True,True,40,50,200,3000.0,[7003101],False,0,0,0,0,Artilheiro de Mecha do Deserto,Maquinário Overmind,,[7269]
307807,72,1000458,10480000,1,1,0,Monster_Name_307807,Monster_Title_78000002,0,78000002,2,0,False,0,0,2,0,True,True,40,50,200,3000.0,[7002901],False,0,0,0,0,Drone Peep do Deserto,Maquinário Overmind,,[8069]
307808,72,1000459,10070000,1,1,0,Monster_Name_307808,,0,0,2,0,False,0,0,2,0,True,True,40,120,200,3000.0,[7007801],False,0,0,0,0,Deserto Nyoka,,,[8069]
307809,72,1000460,10200000,1,1,0,Monster_Name_307809,,0,0,2,0,False,0,0,2,0,True,True,50,120,200,3000.0,[7000801],False,0,0,0,0,Torrão do Deserto,,,[8069]
307810,72,1000461,10060000,1,1,0,Monster_Name_307810,,0,0,2,0,False,0,0,2,0,True,True,40,100,200,3000.0,[7004901],False,0,0,0,0,Deserto Yusigula,,,[8069]
307811,72,1000462,10470000,1,1,0,Monster_Name_307811,,0,0,2,0,False,0,0,2,0,True,True,40,50,200,3000.0,[7011201],False,0,0,0,0,Verme da Areia do Deserto,,,[8069]
307812,72,1000463,10120000,1,1,0,Monster_Name_307812,,0,0,2,0,False,0,0,2,0,True,True,40,90,200,3000.0,"[7007701,7007702]",False,0,0,0,0,Devorador do Deserto,,,[8069]
307813,72,1000464,10080000,1,1,0,Monster_Name_307813,,0,0,2,0,False,0,0,2,0,True,True,40,100,200,3000.0,[7005601],False,0,0,0,0,Deserto Silex,,,[8069]
307897,72,1000465,10810003,1,1,0,Monster_Name_307897,,0,0,2,0,False,0,0,2,1,True,True,40,60,110,1300.0,"[7012401,7012402]",False,0,0,0,0,Bork de Assalto Desenfreado,,,[8069]
307898,72,1000466,10831002,1,1,0,Monster_Name_307898,,0,0,2,0,False,0,0,2,1,True,True,40,80,140,1300.0,"[7015801,7015802]",False,0,0,0,0,Junker Desenfreado,,,[8069]
307899,72,1000467,10050002,1,1,0,Monster_Name_307899,,0,0,2,0,False,0,0,2,1,True,True,40,90,110,1300.0,"[7003701,7003702,7003703]",False,0,0,0,0,Arghol Selvagem,,,[8069]
307901,70,1000439,10070000,1,1,0,Monster_Name_307901,,0,79000001,2,0,False,0,0,2,0,True,True,80,120,200,3000.0,[7007801],False,0,0,0,0,Requiétĭo Nyoka,,,[6569]
307902,70,1000440,10080000,1,1,0,Monster_Name_307902,,0,79000001,2,0,False,0,0,2,0,True,True,40,100,200,3000.0,[7005601],False,0,0,0,0,Requiétĭo Silex,,,[6569]
307903,70,1000441,10531000,1,1,0,Monster_Name_307903,Monster_Title_79000002,0,79000002,2,0,False,0,0,2,0,True,True,40,50,200,3000.0,[7003501],False,0,0,0,0,Requiétĭo Atirador Predo,Bandidos da Tempestade de Areia,,[6569]
307904,70,1000442,10570000,1,1,0,Monster_Name_307904,Monster_Title_79000003,0,79000003,2,0,False,0,0,2,0,True,True,40,100,200,3000.0,[7009501],False,0,0,0,0,Requiétĭo Cavaleiro Snatcher,Clã Windrock,,[6569]
307905,70,1000443,10572000,1,1,0,Monster_Name_307905,Monster_Title_79000003,0,79000003,2,0,False,0,0,2,0,True,True,40,50,200,3000.0,[7007201],False,0,0,0,0,Requiétĭo Lanceiro Snatcher,Clã Windrock,,[6569]
307906,70,1000444,10090000,1,1,0,Monster_Name_307906,,0,79000001,2,0,False,0,0,2,0,True,True,40,120,200,3000.0,[7007501],False,0,0,0,0,Requiétĭo Fezal,,,[6569]
307907,70,1000445,10250000,1,1,0,Monster_Name_307907,,0,79000001,2,0,False,0,0,2,0,True,True,40,80,200,3000.0,"[7003901,7003902]",False,0,0,0,0,Requiétĭo Klon do Deserto,,,[6569]
307908,70,1000446,10573000,1,1,0,Monster_Name_307908,Monster_Title_79000003,0,79000003,2,0,False,0,0,2,0,True,True,40,50,200,3000.0,[7007301],False,0,0,0,0,Requiétĭo Arremessador Snatcher,Clã Windrock,,[6569]
307909,70,1000447,10571000,1,1,0,Monster_Name_307909,Monster_Title_79000003,0,79000003,2,0,False,0,0,2,0,True,True,40,50,200,3000.0,[7007101],False,0,0,0,0,Requiétĭo Machadista Snatcher,Clã Windrock,,[6569]
307910,70,1000448,10530000,1,1,0,Monster_Name_307910,Monster_Title_79000002,0,79000002,2,0,False,0,0,2,0,True,True,40,50,200,3000.0,"[7003601,7003602]",False,0,0,0,0,Requiétĭo Saqueador Predo,Bandidos da Tempestade de Areia,,[6569]
307997,70,1000449,10050002,1,1,0,Monster_Name_307997,,0,0,2,0,False,0,0,2,1,True,True,40,90,200,1300.0,"[7003701,7003702,7003703]",False,0,0,0,0,Arghol Selvagem,,,[6569]
307998,70,1000450,10831002,1,1,0,Monster_Name_307998,,0,0,2,0,False,0,0,2,1,True,True,40,80,140,1300.0,"[7015801,7015802]",False,0,0,0,0,Junker Desenfreado,,,[6569]
307999,70,1000451,10010003,1,1,0,Monster_Name_307999,,0,0,2,0,False,0,0,2,1,True,True,40,100,200,1300.0,[7000101],False,0,0,0,0,Estilhaçador Selvagem,,,[6569]
308101,22,1000040,10080001,1,1,0,Monster_Name_308101,,0,81000004,2,0,False,0,0,2,0,True,True,40,100,200,3000.0,[7005601],False,0,0,0,0,Rosetta Silex,,,[41]
308102,22,1000041,10190001,1,1,0,Monster_Name_308102,,0,81000004,2,0,False,0,0,2,0,True,True,40,60,200,3000.0,[7001301],False,0,0,0,0,Rosetta Catus,,,[41]
308103,22,1000038,10041000,1,1,0,Monster_Name_308103,,0,81000000,2,0,False,0,0,2,0,True,True,40,80,200,3000.0,[7001101],False,0,0,0,0,Criador de Rosetta Mahr,,,[41]
308104,23,1000039,10042000,1,1,0,Monster_Name_308104,,0,81000000,2,0,False,0,0,2,0,True,True,40,70,200,3000.0,[7001801],False,0,0,0,0,Anfitrião Rosetta Mahr,,,[45]
308105,23,1000032,10530000,1,1,0,Monster_Name_308105,Monster_Title_81000002,0,81000001,2,0,False,0,0,2,0,True,True,40,50,200,3000.0,"[7003601,7003602]",False,0,0,0,0,Rosetta Saqueador Predo,Piratas Rakan,,[45]
308106,23,1000033,10531000,1,1,0,Monster_Name_308106,Monster_Title_81000002,0,81000001,2,0,False,0,0,2,0,True,True,40,50,200,3000.0,[7003501],False,0,0,0,0,Rosetta Atirador Predo,Piratas Rakan,,[45]
308107,23,1000034,10540000,1,1,0,Monster_Name_308107,Monster_Title_81000002,0,81000003,2,0,False,0,0,2,0,True,True,40,50,200,3000.0,[7002701],False,0,0,0,0,Saqueador Equesian Rosetta,Piratas Rakan,,[45]
308108,24,1000035,10541000,1,1,0,Monster_Name_308108,Monster_Title_81000002,0,81000003,2,0,False,0,0,2,0,True,True,40,50,200,3000.0,[7002801],False,0,0,0,0,Rosetta Atirador Equesian,Piratas Rakan,,[50]
308109,24,1000036,10550000,1,1,0,Monster_Name_308109,Monster_Title_81000002,0,81000002,2,0,False,0,0,2,0,True,True,40,60,200,3000.0,"[7006201,7006202]",False,0,0,0,0,Rosetta Guerreiro Crawler,Piratas Rakan,,[50]
308110,24,1000037,10551000,1,1,0,Monster_Name_308110,Monster_Title_81000002,0,81000002,2,0,False,0,0,2,0,True,True,40,60,200,3000.0,[7006301],False,0,0,0,0,Sentinela Rosetta Crawler,Piratas Rakan,,[50]
308201,26,1000049,10280000,1,1,0,Monster_Name_308201,,0,82000001,2,0,False,0,0,2,0,True,True,40,110,200,3000.0,"[7008501,7008502]",False,0,0,0,0,Veris Gafftail,,,[60]
308208,25,1000043,10580000,1,1,0,Monster_Name_308208,Monster_Title_82000002,0,82000002,2,0,False,0,0,2,0,True,True,40,50,200,3000.0,"[7007401,7007402]",False,0,0,0,0,Lutador de Facas Fora da Lei Veris,Gangue Blackblood,,[55]
308211,25,1000044,10583000,1,1,0,Monster_Name_308211,Monster_Title_82000002,0,82000002,2,0,False,0,0,2,0,True,True,40,50,200,3000.0,[7009801],False,0,0,0,0,Veris Atirador Fora da Lei,Gangue Blackblood,,[55]
308212,25,1000045,10584000,1,1,0,Monster_Name_308212,Monster_Title_82000002,0,82000002,2,0,False,0,0,2,0,True,True,40,50,200,3000.0,"[7010601,7010602]",False,0,0,0,0,Veris Fora da Lei Bruiser,Gangue Blackblood,,[55]
308214,25,1000042,10140002,1,1,0,Monster_Name_308214,,0,0,2,0,False,0,0,2,0,True,True,40,100,200,3000.0,"[7005501,7005502]",False,0,0,0,0,Veris Meevlan,,,[55]
308215,26,1000046,10030000,1,1,0,Monster_Name_308215,,0,0,2,0,False,0,0,2,0,True,True,40,80,200,3000.0,[7000701],False,0,0,0,0,Veris Grumble,,,[60]
308216,26,1000047,10032000,1,1,0,Monster_Name_308216,,0,0,2,0,False,0,0,2,0,True,True,40,80,200,3000.0,[7000701],False,0,0,0,0,Veris Grumble Oul,,,[60]
308217,26,1000048,10847000,1,1,0,Monster_Name_308217,,0,0,2,0,False,0,0,2,0,True,True,40,90,90,3000.0,"[7019201,7019202]",False,0,0,0,0,Percevejo Veris,,,[60]
308301,27,1000051,10010000,1,1,0,Monster_Name_308301,,0,0,2,0,False,0,0,2,0,True,True,40,100,200,3000.0,[7000101],False,0,0,0,0,Estilhaçador das Colinas,,,[65]
308302,27,1000052,10020000,1,1,0,Monster_Name_308302,,0,0,2,0,False,0,0,2,0,True,True,40,140,200,3000.0,[7001601],False,0,0,0,0,Kaigar das Colinas,,,[65]
308303,27,1000053,10210000,1,1,0,Monster_Name_308303,,0,0,2,0,False,0,0,2,0,True,True,50,100,200,3000.0,[7005001],False,0,0,0,0,Temizl das Colinas,,,[65]
308304,27,1000050,10220000,1,1,0,Monster_Name_308304,,0,0,2,0,False,0,0,2,0,True,True,30,50,200,3000.0,[7001901],False,0,0,0,0,Flem das Colinas,,,[65]
308305,28,1000056,10530000,1,1,0,Monster_Name_308305,Monster_Title_83000001,0,83000001,2,0,False,0,0,2,0,True,True,40,50,200,3000.0,"[7003601,7003602]",False,0,0,0,0,Gladiador Predo das Colinas,Mercenários Orville,,[71]
308306,28,1000057,10531000,1,1,0,Monster_Name_308306,Monster_Title_83000001,0,83000001,2,0,False,0,0,2,0,True,True,40,50,200,3000.0,[7003501],False,0,0,0,0,Infantaria Predo das Colinas,Mercenários Orville,,[71]
308307,27,1000055,10160000,1,1,0,Monster_Name_308307,,0,0,2,0,False,0,0,2,0,True,True,40,100,200,3000.0,[7000901],False,0,0,0,0,Lunker das Colinas,,,[65]
308308,28,1000060,10550003,1,1,0,Monster_Name_308308,Monster_Title_83000003,0,83000003,2,0,False,0,0,2,0,True,True,40,60,200,3000.0,"[7006201,7006202]",False,0,0,0,0,Guerreiro Crawler das Colinas,Pilhadores Vermelhos,,[71]
308309,28,1000061,10551000,1,1,0,Monster_Name_308309,Monster_Title_83000003,0,83000003,2,0,False,0,0,2,0,True,True,40,60,200,3000.0,[7006301],False,0,0,0,0,Sentinela Foothills Crawler,Pilhadores Vermelhos,,[71]
308310,27,1000054,10040000,1,1,0,Monster_Name_308310,,0,0,2,0,False,0,0,2,0,True,True,40,50,200,3000.0,[7001201],False,0,0,0,0,Mahr das Colinas,,,[65]
308311,28,1000058,10530000,1,1,0,Monster_Name_308311,Monster_Title_83000002,0,83000002,2,0,False,0,0,2,0,True,True,40,50,200,3000.0,"[7003601,7003602]",False,0,0,0,0,Saqueador Predo das Colinas,Mercenários Orville,,[71]
308312,28,1000059,10531000,1,1,0,Monster_Name_308312,Monster_Title_83000002,0,83000002,2,0,False,0,0,2,0,True,True,40,50,200,3000.0,[7003501],False,0,0,0,0,Atirador Predo das Colinas,Mercenários Orville,,[71]
308401,36,1000109,10813000,1,1,0,Monster_Name_308401,Monster_Title_84000001,0,84000001,2,0,False,0,0,2,0,True,True,40,50,80,3000.0,"[7014901,7014902]",False,0,0,0,0,Rastreador Vulcan Ferinky,Gangue Redstone,,[125]
308402,36,1000110,10814000,1,1,0,Monster_Name_308402,Monster_Title_84000001,0,84000001,2,0,False,0,0,2,0,True,True,40,50,80,3000.0,[7015501],False,0,0,0,0,Sentinela Vulcan Ferinky,Gangue Redstone,,[125]
308403,36,1000111,10815000,1,1,0,Monster_Name_308403,Monster_Title_84000001,0,84000001,2,0,False,0,0,2,0,True,True,40,50,100,3000.0,[7015401],False,0,0,0,0,Invasor Vulcan Ferinky,Gangue Redstone,,[125]
308404,36,1000112,10832000,1,1,0,Monster_Name_308404,Monster_Title_84000001,0,84000001,2,0,False,0,0,2,0,True,True,40,150,130,3000.0,"[7016101,7016102,7016103]",False,0,0,0,0,Portuário Lydian Vulcan,Gangue Redstone,,[125]
308405,35,1000107,10551000,1,1,0,Monster_Name_308405,Monster_Title_84000002,0,0,2,0,False,0,0,2,0,True,True,40,60,200,3000.0,[7006301],False,0,0,0,0,Sentinela Crawler Vulcan,Gangue do Vulcão,,[117]
308406,36,1000108,10550000,1,1,0,Monster_Name_308406,Monster_Title_84000002,0,0,2,0,False,0,0,2,0,True,True,40,60,200,3000.0,"[7006201,7006202]",False,0,0,0,0,Guerreiro Crawler Vulcan,Gangue do Vulcão,,[125]
308407,35,1000106,10220000,1,1,0,Monster_Name_308407,,0,0,2,0,False,0,0,2,0,True,True,30,50,200,3000.0,[7001901],False,0,0,0,0,Vulcan Flem,,,[117]
308408,35,1000105,10050000,1,1,0,Monster_Name_308408,,0,0,2,0,False,0,0,2,0,True,True,40,90,200,3000.0,"[7003701,7003702,7003703]",False,0,0,0,0,Vulcan Arghol,,,[117]
308409,35,1000103,10190000,1,1,0,Monster_Name_308409,,0,0,2,0,False,0,0,2,0,True,True,40,60,200,3000.0,[7001301],False,0,0,0,0,Catus Vulcan,,,[117]
308410,35,1000104,10280000,1,1,0,Monster_Name_308410,,0,0,2,0,False,0,0,2,0,True,True,40,110,200,3000.0,"[7008501,7008502]",False,0,0,0,0,Vulcan Gafftail,,,[117]
308411,36,1000113,10200000,1,1,0,Monster_Name_308411,,0,0,2,0,False,0,0,2,0,True,True,50,120,200,3000.0,[7000801],False,0,0,0,0,Vulcan Clod,,,[125]
308501,31,1000072,10480000,1,1,0,Monster_Name_308501,Monster_Title_308501,0,308501,2,0,False,0,0,2,0,True,True,40,50,200,3000.0,[7002901],False,0,0,0,0,Drone Peep Somora,Arma Automática Quebrada,,[89]
308502,31,1000075,10410000,1,1,0,Monster_Name_308502,Monster_Title_308501,0,308501,2,0,False,0,0,2,0,True,True,40,70,200,3000.0,[7008201],False,0,0,0,0,Somora Passer Alpha,Arma Automática Quebrada,,[89]
308503,31,1000076,10831000,1,1,0,Monster_Name_308503,Monster_Title_308501,0,308501,2,0,False,0,0,2,0,True,True,40,80,140,3000.0,"[7015801,7015802]",False,0,0,0,0,Somora Passer Gamma,Arma Automática Quebrada,,[89]
308504,31,1000073,10490000,1,1,0,Monster_Name_308504,Monster_Title_308501,0,308501,2,0,False,0,0,2,0,True,True,50,90,200,5000.0,[7003201],False,0,0,0,0,Drone Farejador Somora,Arma Automática Quebrada,,[89]
308505,31,1000074,18530000,1,1,0,Monster_Name_308505,Monster_Title_308501,0,308501,2,0,False,0,0,2,0,True,True,40,100,200,3000.0,[7003001],False,0,0,0,0,Espadachim Mecânico Somora,Arma Automática Quebrada,,[89]
308506,31,1000077,10160000,1,1,0,Monster_Name_308506,,0,0,2,0,False,0,0,2,0,True,True,40,100,200,3000.0,[7000901],False,0,0,0,0,Lunker Somora,,,[89]
308507,31,1000078,10320000,1,1,0,Monster_Name_308507,,0,0,2,0,False,0,0,2,0,True,True,40,60,200,3000.0,"[7009001,7009002,7009003]",False,0,0,0,0,Chuti Somora,,,[89]
308508,31,1000079,10420000,1,1,0,Monster_Name_308508,,0,0,2,0,False,0,0,2,0,True,True,40,100,200,3000.0,"[7005201,7005202]",False,0,0,0,0,Scud Pesado Somora,,,[89]
308509,31,1000080,10120001,1,1,0,Monster_Name_308509,,0,0,2,0,False,0,0,2,0,True,True,40,90,200,3000.0,"[7007701,7007702]",False,0,0,0,0,Ravenous Somora,,,[89]
308601,69,1000425,10826000,1,1,0,Monster_Name_308601,Monster_Title_86000001,0,86000001,2,0,False,0,0,2,0,True,True,40,60,120,3000.0,"[7015901,7015902]",False,0,0,0,0,Cavaleiro Pesado Romulus Soma,Guilda Gatekeeper,,[5869]
308602,69,1000426,10825000,1,1,0,Monster_Name_308602,Monster_Title_86000001,0,86000001,2,0,False,0,0,2,0,True,True,40,50,200,3000.0,"[7014501,7014502,7014503]",False,0,0,0,0,Assassino Romulus Soma,Guilda Gatekeeper,,[5869]
308603,69,1000427,10827000,1,1,0,Monster_Name_308603,Monster_Title_86000001,0,86000001,2,0,False,0,0,2,0,True,True,40,60,120,3000.0,"[7016001,7016002]",False,0,0,0,0,Romulus Soma Shockmancer,Guilda Gatekeeper,,[5869]
308604,69,1000432,18400000,1,1,0,Monster_Name_308604,Monster_Title_86000004,0,86000004,2,0,False,0,0,2,0,True,True,40,100,200,3000.0,[7003001],False,0,0,0,0,Espadachim Mecha Romulus,Máquina de Guerra com Defeito,,[5869]
308605,69,1000434,10810000,1,1,0,Monster_Name_308605,,0,0,2,0,False,0,0,2,0,True,True,40,60,200,3000.0,"[7012401,7012402]",False,0,0,0,0,Romulus Drone Peep,,,[5869]
308606,69,1000424,10080000,1,1,0,Monster_Name_308606,,0,0,2,0,False,0,0,2,0,True,True,40,100,200,3000.0,[7005601],False,0,0,0,0,Romulus Silex,,,[5869]
308607,69,1000435,10280003,1,1,0,Monster_Name_308607,,0,0,2,0,False,0,0,2,0,True,True,40,110,200,3000.0,"[7008501,7008502]",False,0,0,0,0,Gafftail Romulus,,,[5869]
308608,69,1000433,10031000,1,1,0,Monster_Name_308608,,0,0,2,0,False,0,0,2,0,True,True,40,80,200,3000.0,[7000701],False,0,0,0,0,Grumble Gancho Romulus,,,[5869]
308609,69,1000437,10032000,1,1,0,Monster_Name_308609,Monster_Title_86000003,0,86000003,2,0,False,0,0,2,1,True,True,40,80,200,3000.0,[7000701],False,0,0,0,0,,,,[5869]
308610,69,1000428,10817000,1,1,0,Monster_Name_308610,Monster_Title_86000002,0,86000002,2,0,False,0,0,2,0,True,True,40,60,130,3000.0,"[7015201,7015202]",False,0,0,0,0,Destruidor Romulus Clops,Clã Olho Dourado,,[5869]
308611,69,1000429,10818000,1,1,0,Monster_Name_308611,Monster_Title_86000002,0,86000002,2,0,False,0,0,2,0,True,True,40,50,110,3000.0,[7015001],False,0,0,0,0,Romulus Clops Sniper,Clã Olho Dourado,,[5869]
308612,69,1000430,10838000,1,1,0,Monster_Name_308612,Monster_Title_86000004,0,86000004,2,0,False,0,0,2,0,True,True,40,40,40,3000.0,[7017601],False,0,0,0,0,Catador Romulus,Máquina de Guerra com Defeito,,[5869]
308613,69,1000431,10831000,1,1,0,Monster_Name_308613,Monster_Title_86000004,0,86000004,2,0,False,0,0,2,0,True,True,40,80,140,3000.0,"[7015801,7015802]",False,0,0,0,0,Romulus Junker,Máquina de Guerra com Defeito,,[5869]
308697,69,1000436,10831002,1,1,0,Monster_Name_308697,,0,0,2,0,False,0,0,2,1,True,True,40,80,140,1300.0,"[7015801,7015802]",False,0,0,0,0,Junker Desenfreado,,,[5869]
308698,69,1000437,10010003,1,1,0,Monster_Name_308698,,0,0,2,0,False,0,0,2,1,True,True,40,100,140,1300.0,[7000101],False,0,0,0,0,Estilhaçador Selvagem,,,[5869]
308699,69,1000438,10842001,1,1,0,Monster_Name_308699,,0,0,2,0,False,0,0,2,1,True,True,40,50,200,1500.0,[7018302],False,0,0,0,0,Pathfinder Desenfreado,,,[5869]
308701,49,1000220,10847000,1,1,0,Monster_Name_308701,,0,87000005,2,0,False,0,0,2,0,True,True,40,90,90,3000.0,"[7019201,7019202]",False,0,0,0,0,Percevejo Khran,,,[689]
308702,50,1000235,10815000,1,1,0,Monster_Name_308702,,0,87000000,2,0,False,0,0,2,0,True,True,40,50,100,3000.0,[7015401],False,0,0,0,0,Khran Ferinky Lutador,,,[779]
308703,50,1000230,10813000,1,1,0,Monster_Name_308703,,0,87000000,2,0,False,0,0,2,0,True,True,40,50,80,3000.0,"[7014901,7014902]",False,0,0,0,0,Rastreador Khran Ferinky,,,[779]
308704,49,1000218,10240000,1,1,0,Monster_Name_308704,,0,87000006,2,0,False,0,0,2,0,True,True,40,60,200,3000.0,[7008901],False,0,0,0,0,Nezad Khran,,,[689]
308705,50,1000231,10530000,1,1,0,Monster_Name_308705,Monster_Title_87000002,0,87000002,2,0,False,0,0,2,0,True,True,40,50,200,3000.0,"[7003601,7003602]",False,0,0,0,0,Khran Saqueador Predo,Bandidos Krokel,,[779]
308706,50,1000232,10531000,1,1,0,Monster_Name_308706,Monster_Title_87000002,0,87000002,2,0,False,0,0,2,0,True,True,40,50,200,3000.0,[7003501],False,0,0,0,0,Khran Atirador Predo,Bandidos Krokel,,[779]
308707,49,1000221,10360000,1,1,0,Monster_Name_308707,,0,87000005,2,0,False,0,0,2,0,True,True,40,100,200,3000.0,[7004201],False,0,0,0,0,Larva Óptica Khran,,,[689]
308708,49,1000222,10450001,1,1,0,Monster_Name_308708,,0,87000001,2,0,False,0,0,2,0,True,True,40,100,200,3000.0,[7012201],False,0,0,0,0,Lapis Khran,,,[689]
308709,49,1000219,10400000,1,1,0,Monster_Name_308709,,0,87000006,2,0,False,0,0,2,0,True,True,40,80,200,3000.0,"[7009301,7009302]",False,0,0,0,0,Anabola Khran,,,[689]
308710,50,1000233,10540000,1,1,0,Monster_Name_308710,Monster_Title_87000002,0,87000004,2,0,False,0,0,2,0,True,True,40,50,200,3000.0,[7002701],False,0,0,0,0,Khran Saqueador Equesian,Bandidos Krokel,,[779]
308711,50,1000234,10541000,1,1,0,Monster_Name_308711,Monster_Title_87000002,0,87000004,2,0,False,0,0,2,0,True,True,40,50,200,3000.0,[7002801],False,0,0,0,0,Khran Atirador Equesian,Bandidos Krokel,,[779]
308712,49,1000227,10836000,1,1,0,Monster_Name_308712,Monster_Title_87000003,0,87000003,2,0,False,0,0,2,0,True,True,40,60,120,3000.0,"[7017401,7017402]",False,0,0,0,0,Khran Mentalista Palid,Conselho das Sombras,,[689]
308713,50,1000228,10837000,1,1,0,Monster_Name_308713,Monster_Title_87000003,0,87000003,2,0,False,0,0,2,0,True,True,30,50,50,3000.0,[7018101],False,0,0,0,0,Khran Feiticeiro Palid,Conselho das Sombras,,[779]
308714,50,1000229,10835000,1,1,0,Monster_Name_308714,Monster_Title_87000003,0,87000003,2,0,False,0,0,2,0,True,True,50,70,120,3000.0,"[7017301,7017302]",False,0,0,0,0,Khran Guardião Palid,Conselho das Sombras,,[779]
308715,49,1000223,10120002,1,1,0,Monster_Name_308715,,0,87000001,2,0,False,0,0,2,0,True,True,40,90,200,3000.0,"[7007701,7007702]",False,0,0,0,0,Ravenous Khran,,,[689]
308716,49,1000224,10050002,1,1,0,Monster_Name_308716,,0,0,2,0,False,0,0,2,1,True,True,40,90,200,1300.0,"[7003701,7003702,7003703]",False,0,0,0,0,Arghol Selvagem,,,[689]
308717,49,1000225,10823002,1,1,0,Monster_Name_308717,,0,0,2,0,False,0,0,2,1,True,True,40,80,80,1300.0,"[7016401,7016402]",False,0,0,0,0,Fantasma Enfurecido,,,[689]
308718,49,1000226,10130001,1,1,0,Monster_Name_308718,,0,0,2,0,False,0,0,2,1,True,True,40,80,200,1300.0,[7008801],False,0,0,0,0,Simbiote Selvagem,,,[689]
308801,14,1000014,10833000,1,1,0,Monster_Name_308801,Monster_Title_88000001,0,88000001,2,0,False,0,0,2,0,True,True,40,60,60,3000.0,[7017701],False,0,0,0,0,Lowed Cirurgião Lydian,Gangue Silverhorn,,[16]
308802,14,1000015,10834000,1,1,0,Monster_Name_308802,Monster_Title_88000001,0,88000001,2,0,False,0,0,2,0,True,True,40,50,50,3000.0,"[7016301,7016302]",False,0,0,0,0,Lowed Médico Lydian,Gangue Silverhorn,,[16]
308803,15,1000016,10842000,1,1,0,Monster_Name_308803,Monster_Title_88000001,0,88000001,2,0,False,0,0,2,0,True,True,40,50,50,3000.0,[7018301],False,0,0,0,0,Lowed Pathfinder,Gangue Silverhorn,,[18]
308804,15,1000017,10690000,1,1,0,Monster_Name_308804,Monster_Title_88000001,0,88000001,2,0,False,0,0,2,0,True,True,34,50,200,3000.0,[7002501],False,0,0,0,0,Lowed Sentinela,Gangue Silverhorn,,[18]
308805,16,1000018,10693000,1,1,0,Monster_Name_308805,Monster_Title_88000001,0,88000001,2,0,False,0,0,2,0,True,True,35,50,200,3000.0,"[7005404,7005405,7005406]",False,0,0,0,0,Lowed Super Soldado,Gangue Silverhorn,,[20]
308806,16,1000019,10843000,1,1,0,Monster_Name_308806,Monster_Title_88000001,0,88000001,2,0,False,0,0,2,0,True,True,40,80,80,3000.0,[7018201],False,0,0,0,0,Lowed Mula Armada,Gangue Silverhorn,,[20]
309600,1,0,30443000,0,1,0,,,0,0,2,213,False,0,0,2,0,False,False,60,150,200,3000.0,[],True,0,1,0,0,,,,[]
309601,30,0,30350000,1,309601,0,Monster_Name_119,,0,0,2,221,False,0,0,2,1,True,True,400,400,800,10000.0,[],True,0,0,0,0,Escavador Accretia,,,[]
309602,30,0,30350000,1,309602,0,Monster_Name_120,,0,0,2,222,False,0,0,2,1,True,True,400,400,800,10000.0,[],True,0,0,0,0,Escavador Bellato,,,[]
309603,30,0,30350000,1,309603,0,Monster_Name_121,,0,0,2,223,False,0,0,2,1,True,True,400,400,800,10000.0,[],True,0,0,0,0,Escavadora Cora,,,[]
309604,1,0,30444000,0,1,0,,,0,0,2,23,False,0,0,2,0,False,False,60,150,200,3000.0,[],True,0,1,0,0,,,,[]
309605,30,0,16220000,185,309605,0,Monster_Name_137,,0,0,2,103,False,0,2,2,0,True,True,150,180,600,5000.0,[7100901],False,0,0,0,0,Protetor da Pedra Sagrada,,,[]
309612,30,0,30341000,30341000,309612,0,,,0,0,2,207,False,0,0,2,0,False,True,25,320,400,3000.0,[],True,0,0,0,0,,,,[]
309614,30,0,30341000,30341000,309614,0,,,0,0,2,208,False,0,0,2,0,False,True,25,320,400,3000.0,[],True,0,0,0,0,,,,[]
309616,30,0,30341000,30341000,309616,0,,,0,0,2,209,False,0,0,2,0,False,True,25,320,400,3000.0,[],True,0,0,0,0,,,,[]
309621,2,0,30010000,0,309621,0,Monster_Name_309621,,0,0,2,119,False,0,0,2,0,True,True,150,320,400,5000.0,[10000013],True,0,0,0,0,Torreta Accretia,,,[]
309622,2,0,30010010,0,309622,0,Monster_Name_309622,,0,0,2,120,False,0,0,2,0,True,True,150,320,400,5000.0,[10000013],True,0,0,0,0,Torreta Bellato,,,[]
309623,2,0,30010020,0,309623,0,Monster_Name_309623,,0,0,2,121,False,0,0,2,0,True,True,150,320,400,5000.0,[10000013],True,0,0,0,0,Torreta Cora,,,[]
309631,2,0,10760000,1,309631,0,Monster_Name_309631,,0,0,2,210,False,0,0,2,1,True,True,200,300,500,3000.0,[9999000],True,0,0,0,0,Torreta Sentinela Accretia,,,[]
309632,2,0,10770000,1,309632,0,Monster_Name_309632,,0,0,2,211,False,0,0,2,1,True,True,200,300,500,3000.0,[9999001],True,0,0,0,0,Torreta Sentinela Bellato,,,[]
309633,2,0,10780000,1,309633,0,Monster_Name_309633,,0,0,2,212,False,0,0,2,1,True,True,200,300,500,3000.0,[9999002],True,0,0,0,0,Torreta Sentinela Cora,,,[]
309634,2,0,10760000,1,309631,0,Monster_Name_309631,,0,0,2,210,False,0,0,2,1,True,True,200,300,500,3000.0,[9999000],True,0,0,0,0,Torreta Sentinela Accretia,,,[]
309635,2,0,10770000,1,309632,0,Monster_Name_309632,,0,0,2,211,False,0,0,2,1,True,True,200,300,500,3000.0,[9999001],True,0,0,0,0,Torreta Sentinela Bellato,,,[]
309636,2,0,10780000,1,309633,0,Monster_Name_309633,,0,0,2,212,False,0,0,2,1,True,True,200,300,500,3000.0,[9999002],True,0,0,0,0,Torreta Sentinela Cora,,,[]
309700,30,0,30441000,0,1,0,,,0,0,2,213,False,0,0,2,0,False,False,60,150,200,3000.0,[],False,0,1,0,0,,,,[]
309701,30,0,30332000,0,309701,0,Monster_Name_309701,,0,0,2,213,False,0,0,2,0,True,True,60,300,400,3000.0,[],False,0,0,0,0,Barreira do Portão,,,[]
309702,30,0,30332000,0,309702,0,Monster_Name_309701,,0,0,2,214,False,0,0,2,0,True,True,60,300,400,3000.0,[],False,0,0,0,0,Barreira do Portão,,,[]
309703,30,0,30332000,0,309703,0,Monster_Name_309701,,0,0,2,215,False,0,0,2,0,True,True,60,300,400,3000.0,[],False,0,0,0,0,Barreira do Portão,,,[]
309704,30,0,30580010,1,309704,0,Monster_Name_24,,0,0,2,113,False,0,0,2,0,True,True,150,200,400,3000.0,[],True,0,0,0,0,Portão Dimensional,,,[]
309705,30,0,30580020,1,309705,0,Monster_Name_25,,0,0,2,114,False,0,0,2,0,True,True,150,200,400,3000.0,[],True,0,0,0,0,Portal Dimensional,,,[]
309706,30,0,30580030,1,309706,0,Monster_Name_26,,0,0,2,115,False,0,0,2,0,True,True,150,200,400,3000.0,[],True,0,0,0,0,Portal Dimensional,,,[]
309707,30,0,30580000,0,309707,0,Monster_Name_28,,0,0,2,116,False,0,0,2,0,True,True,150,200,400,3000.0,[],True,0,0,0,0,Portão Dimensional,,,[]
309708,30,0,30580010,1,309704,3097041,Monster_Name_24,,0,0,3,224,False,0,0,2,0,True,False,150,200,400,3000.0,[],True,0,0,0,0,Portão Dimensional,,,[]
309709,30,0,30580020,1,309705,3097051,Monster_Name_25,,0,0,3,225,False,0,0,2,0,True,False,150,200,400,3000.0,[],True,0,0,0,0,Portal Dimensional,,,[]
309710,30,0,30580030,1,309706,3097061,Monster_Name_26,,0,0,3,226,False,0,0,2,0,True,False,150,200,400,3000.0,[],True,0,0,0,0,Portal Dimensional,,,[]
309711,30,0,30580001,0,309707,3097071,Monster_Name_28,,0,0,3,227,False,0,0,2,0,True,False,150,200,400,3000.0,[],True,0,0,0,0,Portão Dimensional,,,[]
310501,70,1000409,10460000,1,1,0,Monster_Name_310501,,0,105000001,2,0,False,0,0,2,1,True,True,40,80,200,3000.0,[7008401],False,0,0,0,0,Android Overmind,,,[3969]
310502,70,1000410,10460000,1,1,0,Monster_Name_310501,,0,105000001,2,0,False,0,0,2,1,True,True,40,80,200,3000.0,[7008401],False,0,0,0,0,Android Overmind,,,[3969]
312501,64,1000378,10512000,1,1,0,Monster_Name_312501,Monster_Title_125000001,0,125000001,2,0,False,0,0,2,0,True,True,40,50,200,3000.0,"[7004001,7004002]",False,0,0,0,0,Blackstone Saura Shocktrooper,Gangue Eldrige,,[2869]
312502,64,1000379,10521000,1,1,0,Monster_Name_312502,Monster_Title_125000001,0,125000001,2,0,False,0,0,2,0,True,True,40,50,200,3000.0,[7006401],False,0,0,0,0,Franco-atirador Saura de Blackstone,Gangue Eldrige,,[2869]
312503,64,1000373,18530000,1,1,0,Monster_Name_312503,Monster_Title_125000002,0,125000002,2,0,False,0,0,2,0,True,True,40,50,200,3000.0,[7003001],False,0,0,0,0,Guerreiro Blackstone,Android Enfurecido,,[2869]
312504,64,1000374,18540000,1,1,0,Monster_Name_312504,Monster_Title_125000002,0,125000002,2,0,False,0,0,2,0,True,True,40,50,200,3000.0,[7003101],False,0,0,0,0,Atirador Blackstone,Android Enfurecido,,[2869]
312505,64,0,10480000,1,1,0,Monster_Name_312505,Monster_Title_125000003,0,125000003,2,0,False,0,0,2,0,True,True,40,50,200,3000.0,[7002901],False,0,0,0,0,,Guarda com mau funcionamento,,[]
312506,64,1000375,10490000,1,1,0,Monster_Name_312506,Monster_Title_125000003,0,125000003,2,0,False,0,0,2,0,True,True,50,90,200,5000.0,[7003201],False,0,0,0,0,Drone Farejador Blackstone,Guarda com mau funcionamento,,[2869]
312507,64,1000376,10410000,1,1,0,Monster_Name_312507,Monster_Title_125000003,0,125000003,2,0,False,0,0,2,0,True,True,40,70,200,3000.0,[7008201],False,0,0,0,0,Passer Alpha de Blackstone,Guarda com mau funcionamento,,[2869]
312508,64,1000370,10190000,1,1,0,Monster_Name_312508,,0,0,2,0,False,0,0,2,0,True,True,40,60,200,3000.0,[7001301],False,0,0,0,0,Catus Blackstone,,,[2869]
312509,64,1000371,10010000,1,1,0,Monster_Name_312509,,0,0,2,0,False,0,0,2,0,True,True,40,100,200,3000.0,[7000101],False,0,0,0,0,Estilhaçador Blackstone,,,[2869]
312510,64,1000372,10030000,1,1,0,Monster_Name_312510,,0,0,2,0,False,0,0,2,0,True,True,40,80,200,3000.0,[7000701],False,0,0,0,0,Grumble de Blackstone,,,[2869]
312512,64,1000377,10520000,1,1,0,Monster_Name_312512,Monster_Title_125000001,0,125000001,2,0,False,0,0,2,0,True,True,40,50,200,3000.0,[7001502],False,0,0,0,0,Rastreador Blackstone Saura,Gangue Eldrige,,[2869]
312513,64,1000380,10510000,1,1,0,Monster_Name_312513,Monster_Title_125000001,0,125000001,2,0,False,0,0,2,0,True,True,40,50,200,3000.0,[7001401],False,0,0,0,0,Guerreiro Saura de Blackstone,Gangue Eldrige,,[2869]
312597,64,1000381,10010003,1,1,0,Monster_Name_312597,,0,0,2,0,False,0,0,2,1,True,True,40,100,110,1300.0,[7000101],False,0,0,0,0,Estilhaçador Selvagem,,,[2869]
312598,64,1000382,10842001,1,1,0,Monster_Name_312598,,0,0,2,0,False,0,0,2,1,True,True,40,50,110,1300.0,[7018302],False,0,0,0,0,Pathfinder Desenfreado,,,[2869]
312599,64,1000383,10810003,1,1,0,Monster_Name_312599,,0,0,2,0,False,0,0,2,1,True,True,40,60,110,1300.0,"[7012401,7012402]",False,0,0,0,0,Bork de Assalto Desenfreado,,,[2869]
312601,67,1000411,10070000,1,1,0,Monster_Name_312601,,0,0,2,0,False,0,0,2,0,True,True,40,120,200,3000.0,[7007801],False,0,0,0,0,Nyoka Seth,,,[4569]
312602,67,1000416,10582000,1,1,0,Monster_Name_312602,Monster_Title_126000001,0,126000001,2,0,False,0,0,2,0,True,True,40,50,200,3000.0,[7009701],False,0,0,0,0,Incendiário do Ferro-Velho de Seth,Gangue da Lâmina Enferrujada,,[4569]
312603,67,1000415,10581000,1,1,0,Monster_Name_312603,Monster_Title_126000001,0,126000001,2,0,False,0,0,2,0,True,True,40,50,200,3000.0,"[7009601,7009602]",False,0,0,0,0,Rastreador do Ferro-Velho de Seth,Gangue da Lâmina Enferrujada,,[4569]
312604,67,1000414,10583000,1,1,0,Monster_Name_312604,Monster_Title_126000001,0,126000001,2,0,False,0,0,2,0,True,True,40,50,200,3000.0,[7009801],False,0,0,0,0,Atirador do Ferro-Velho de Seth,Gangue da Lâmina Enferrujada,,[4569]
312605,67,1000413,10580000,1,1,0,Monster_Name_312605,Monster_Title_126000001,0,126000001,2,0,False,0,0,2,0,True,True,40,50,200,3000.0,"[7007401,7007402]",False,0,0,0,0,Ferro-Velho de Seth Lutador com Faca,Gangue da Lâmina Enferrujada,,[4569]
312606,67,1000412,10120000,1,1,0,Monster_Name_312606,,0,0,2,0,False,0,0,2,0,True,True,40,90,200,3000.0,"[7007701,7007702]",False,0,0,0,0,Ravenous Seth,,,[4569]
312607,68,1000379,10060000,1,1,0,Monster_Name_312607,,0,0,2,0,False,0,0,2,0,True,True,40,100,200,3000.0,[7004901],False,0,0,0,0,Yusigula Seth,,,[2869]
312608,68,1000417,10563000,1,1,0,Monster_Name_312608,Monster_Title_126000002,0,126000002,2,0,False,0,0,2,0,True,True,35,50,200,3000.0,"[7000301,7000302]",False,0,0,0,0,Seth Combatente Vagabundo,Saqueadores do Ferro-velho,,[4569]
312609,68,1000418,10560000,1,1,0,Monster_Name_312609,Monster_Title_126000002,0,126000002,2,0,False,0,0,2,0,True,True,40,50,200,3000.0,[7000401],False,0,0,0,0,Seth Atirador Vagabundo,Saqueadores do Ferro-velho,,[5169]
312610,68,1000419,10562000,1,1,0,Monster_Name_312610,Monster_Title_126000002,0,126000002,2,0,False,0,0,2,0,True,True,40,50,200,3000.0,[7000501],False,0,0,0,0,Seth Retalhador Vagabundo,Saqueadores do Ferro-velho,,[5169]
312611,68,1000420,10561000,1,1,0,Monster_Name_312611,Monster_Title_126000002,0,126000002,2,0,False,0,0,2,0,True,True,40,50,200,3000.0,"[7000601,7000602]",False,0,0,0,0,Seth Berserker Vagabundo,Saqueadores do Ferro-velho,,[5169]
312697,68,1000421,10010003,1,1,0,Monster_Name_312697,,0,0,2,0,False,0,0,2,1,True,True,40,100,110,1300.0,[7000101],False,0,0,0,0,Estilhaçador Selvagem,,,[5169]
312698,68,1000422,10831002,1,1,0,Monster_Name_312698,,0,0,2,0,False,0,0,2,1,True,True,40,80,140,1300.0,"[7015801,7015802]",False,0,0,0,0,Junker Desenfreado,,,[5169]
312699,68,1000423,10810003,1,1,0,Monster_Name_312699,,0,0,2,0,False,0,0,2,1,True,True,40,50,110,1300.0,"[7012401,7012402]",False,0,0,0,0,Bork de Assalto Enfurecido,,,[5169]
312801,73,1000468,10030000,1,1,0,Monster_Name_312801,,0,0,2,0,False,0,0,2,0,True,True,40,80,200,3000.0,[7000701],False,0,0,0,0,Ruínas Grumble,,,[8869]
312802,73,1000469,10080000,1,1,0,Monster_Name_312802,,0,0,2,0,False,0,0,2,0,True,True,40,100,200,3000.0,[7005601],False,0,0,0,0,Ruínas Silex,,,[8869]
312803,73,1000470,10120001,1,1,0,Monster_Name_312803,,0,0,2,0,False,0,0,2,0,True,True,40,90,200,3000.0,"[7007701,7007702]",False,0,0,0,0,Devorador de Ruínas,,,[8869]
312804,73,1000471,10563000,1,1,0,Monster_Name_312804,Monster_Title_128000001,0,128000001,2,0,False,0,0,2,0,True,True,35,50,200,3000.0,"[7000301,7000302]",False,0,0,0,0,Combatente Vagabundo das Ruínas,Gangue do Prego Enferrujado,,[8869]
312805,73,1000472,10560000,1,1,0,Monster_Name_312805,Monster_Title_128000001,0,128000001,2,0,False,0,0,2,0,True,True,40,50,200,3000.0,[7000401],False,0,0,0,0,Ruínas Atirador Vagabundo,Gangue do Prego Enferrujado,,[8869]
312806,73,1000473,10562000,1,1,0,Monster_Name_312806,Monster_Title_128000001,0,128000001,2,0,False,0,0,2,0,True,True,40,50,200,3000.0,[7000501],False,0,0,0,0,Retalhador Vagabundo das Ruínas,Gangue do Prego Enferrujado,,[8869]
312807,74,1000474,10843000,1,1,0,Monster_Name_312807,,0,0,2,0,False,0,0,2,0,True,True,40,80,80,3000.0,[7018201],False,0,0,0,0,Mula Armada das Ruínas,,,[9669]
312808,74,1000475,10561000,1,1,0,Monster_Name_312808,Monster_Title_128000001,0,128000001,2,0,False,0,0,2,0,True,True,40,50,200,3000.0,"[7000601,7000602]",False,0,0,0,0,Berserker Vagabundo das Ruínas,Gangue do Prego Enferrujado,,[9669]
312809,74,1000476,10842000,1,1,0,Monster_Name_312809,,0,0,2,0,False,0,0,2,0,True,True,40,50,50,3000.0,[7018301],False,0,0,0,0,Explorador de Ruínas,,,[9669]
312810,74,1000477,10250000,1,1,0,Monster_Name_312810,,0,0,2,0,False,0,0,2,0,True,True,40,80,200,3000.0,"[7003901,7003902]",False,0,0,0,0,Ruínas Deserto Klon,,,[9669]
312811,74,1000478,10420000,1,1,0,Monster_Name_312811,,0,0,2,0,False,0,0,2,0,True,True,40,100,200,3000.0,"[7005201,7005202]",False,0,0,0,0,Scud Pesado das Ruínas,,,[9669]
312812,74,1000479,10200001,1,1,0,Monster_Name_312812,,0,0,2,0,False,0,0,2,0,True,True,40,120,200,3000.0,[7000801],False,0,0,0,0,Ruínas Clod,,,[9669]
312897,74,1000480,10810003,1,1,0,Monster_Name_312897,,0,0,2,0,False,0,0,2,1,True,True,40,60,110,1300.0,"[7012401,7012402]",False,0,0,0,0,Bork de Assalto Desenfreado,,,[9669]
312898,74,1000481,10831002,1,1,0,Monster_Name_312898,,0,0,2,0,False,0,0,2,1,True,True,40,80,140,1300.0,"[7015801,7015802]",False,0,0,0,0,Junker Desenfreado,,,[9669]
312899,74,1000482,10050002,1,1,0,Monster_Name_312899,,0,0,2,0,False,0,0,2,1,True,True,40,90,110,1300.0,"[7003701,7003702,7003703]",False,0,0,0,0,Arghol Selvagem,,,[9669]
312901,76,1000498,10410000,1,1,0,Monster_Name_312901,Monster_Title_129000001,0,129000001,2,0,False,0,0,2,0,True,True,40,70,200,3000.0,[7008201],False,0,0,0,0,Passador de Patrulha Ramon,Patrulha Base,,[12169]
312902,76,1000499,10480000,1,1,0,Monster_Name_312902,Monster_Title_129000001,0,129000001,2,0,False,0,0,2,0,True,True,40,50,200,3000.0,[7002901],False,0,0,0,0,Drone de Patrulha Ramon,Patrulha Base,,[12169]
312903,76,1000499,10750100,1,1,0,Monster_Name_312903,,0,0,2,0,False,0,0,2,0,True,True,40,50,200,3000.0,[7003101],False,0,0,0,0,,,,[12169]
312904,76,1000500,18400000,1,1,0,Monster_Name_312904,Monster_Title_129000002,0,129000002,2,0,False,0,0,2,0,True,True,40,50,200,3000.0,[7003001],False,0,0,0,0,Espadachim de Patrulha Ramon,Guardas Base,,[12169]
312905,76,1000501,18410000,1,1,0,Monster_Name_312905,Monster_Title_129000002,0,129000002,2,0,False,0,0,2,0,True,True,40,50,200,3000.0,[7003101],False,0,0,0,0,Artilheiro de Patrulha Ramon,Guardas Base,,[12169]
312906,76,1000502,10684000,1,1,0,Monster_Name_312906,Monster_Title_129000003,0,129000003,2,0,False,0,0,2,0,True,True,40,50,200,3000.0,"[7010501,7010502]",False,0,0,0,0,Ramon Gladiador,Mercenários Karon,,[12169]
312907,76,1000503,10683000,1,1,0,Monster_Name_312907,,0,12900003,2,0,False,0,0,2,0,True,True,40,50,200,3000.0,"[7010901,7010902]",False,0,0,0,0,,,,[12169]
312908,76,1000503,10685000,1,1,0,Monster_Name_312908,Monster_Title_129000003,0,129000003,2,0,False,0,0,2,0,True,True,40,50,200,3000.0,[7010401],False,0,0,0,0,Ramon Sniper,Mercenários Karon,,[12169]
312909,77,1000505,10682000,1,1,0,Monster_Name_312909,,0,12900004,2,0,False,0,0,2,0,True,True,40,50,200,3000.0,[7011001],False,0,0,0,0,,,,[13469]
312910,77,1000504,10490000,1,1,0,Monster_Name_312910,Monster_Title_129000005,0,129000005,2,0,False,0,0,2,0,True,True,50,90,200,3000.0,[7003201],False,0,0,0,0,Drone Farejador Ramon,Guarda da Torre,,[13469]
312911,77,1000507,10811000,1,1,0,Monster_Name_312911,,0,12900005,2,0,False,0,0,2,0,True,True,40,60,200,3000.0,"[7012501,7012502]",False,0,0,0,0,,,,[13469]
312912,77,1000505,18530000,1,1,0,Monster_Name_312912,Monster_Title_129000005,0,129000005,2,0,False,0,0,2,0,True,True,40,100,200,3000.0,[7003001],False,0,0,0,0,Ramon Guerreiro Mech,Guarda da Torre,,[13469]
312913,77,1000506,18540000,1,1,0,Monster_Name_312913,Monster_Title_129000005,0,129000005,2,0,False,0,0,2,0,True,True,40,100,200,3000.0,[7003101],False,0,0,0,0,Ramon Artilheiro Mecânico,Guarda da Torre,,[13469]
312914,77,1000507,10811000,1,1,0,Monster_Name_312914,Monster_Title_129000005,0,129000005,2,0,False,0,0,2,0,True,True,40,60,200,3000.0,"[7012501,7012502]",False,0,0,0,0,Ramon Bork Laser,Guarda da Torre,,[13469]
312915,77,1000511,10480001,1,1,0,Monster_Name_312915,,0,12900006,2,0,False,0,0,2,0,True,True,40,50,200,3000.0,[7002901],False,0,0,0,0,Ramon Drone Peep,,,[14769]
312997,77,1000508,10831002,1,1,0,Monster_Name_312997,,0,0,2,0,False,0,0,2,1,True,True,40,80,140,1300.0,"[7015801,7015802]",False,0,0,0,0,Junker Enfurecido,,,[13469]
312998,77,1000509,10842001,1,1,0,Monster_Name_312998,,0,0,2,0,False,0,0,2,1,True,True,40,50,200,1500.0,[7018302],False,0,0,0,0,Pathfinder Desenfreado,,,[13469]
312999,77,1000510,10810003,1,1,0,Monster_Name_312999,,0,0,2,0,False,0,0,2,1,True,True,40,60,200,1500.0,"[7012401,7012402]",False,0,0,0,0,Bork de Assalto Desenfreado,,,[13469]
313001,78,1000511,10813000,1,1,0,Monster_Name_313001,Monster_Title_130000001,0,130000001,2,0,False,0,0,2,0,True,True,40,50,80,3000.0,"[7014901,7014902]",False,0,0,0,0,Rastreador Bale Ferinky,Pilhadores Eco,,[14769]
313002,78,1000512,10814000,1,1,0,Monster_Name_313002,Monster_Title_130000001,0,130000001,2,0,False,0,0,2,0,True,True,40,50,80,3000.0,[7015501],False,0,0,0,0,Sniper Bale Ferinky,Pilhadores Eco,,[14769]
313003,78,1000516,10838000,1,1,0,Monster_Name_313003,,0,0,2,0,False,0,0,2,0,True,True,30,40,40,3000.0,[7017601],False,0,0,0,0,Catador de Sucata Bale,,,[14769]
313004,78,1000513,10573000,1,1,0,Monster_Name_313004,Monster_Title_130000002,0,130000002,2,0,False,0,0,2,0,True,True,40,50,200,3000.0,[7007301],False,0,0,0,0,Arremessador Snatcher Bale,Clã Redrock,,[14769]
313005,78,1000514,10572000,1,1,0,Monster_Name_313005,Monster_Title_130000002,0,130000002,2,0,False,0,0,2,0,True,True,40,50,200,3000.0,[7007201],False,0,0,0,0,Lanceiro Snatcher Bale,Clã Redrock,,[14769]
313006,78,0,10570000,1,1,0,Monster_Name_313006,Monster_Title_130000002,0,130000002,2,0,False,0,0,2,0,True,True,40,100,200,3000.0,[7009501],False,0,0,0,0,,Clã Redrock,,[]
313007,78,1000515,10810002,1,1,0,Monster_Name_313007,,0,0,2,0,False,0,0,2,0,True,True,40,60,200,3000.0,"[7012401,7012402]",False,0,0,0,0,Bale Bork de Assalto,,,[14769]
313008,78,1000518,10833000,1,1,0,Monster_Name_313008,,0,0,2,0,False,0,0,2,0,True,True,40,60,60,3000.0,[7017701],False,0,0,0,0,Venda Cirurgião Lydian,,,[14769]
313009,78,1000517,10500000,1,1,0,Monster_Name_313009,,0,0,2,0,False,0,0,2,0,True,True,50,50,200,3000.0,[7003301],False,0,0,0,0,Bale Reitor,,,[14769]
313010,78,1000519,10843000,1,1,0,Monster_Name_313010,Monster_Title_130000003,0,130000003,2,0,False,0,0,2,0,True,True,40,80,80,3000.0,[7018201],False,0,0,0,0,Mula Armada Bale,Robô de Busca Hackeado,,[14769]
313011,78,1000520,10842000,1,1,0,Monster_Name_313011,Monster_Title_130000003,0,130000003,2,0,False,0,0,2,0,True,True,40,50,80,3000.0,[7018301],False,0,0,0,0,Bale Pathfinder,Robô de Busca Hackeado,,[14769]
313012,78,1000521,10818000,1,1,0,Monster_Name_313012,Monster_Title_130000004,0,130000004,2,0,False,0,0,2,0,True,True,40,50,110,3000.0,[7015001],False,0,0,0,0,Atirador Bale Clops,Clops Doutrinado,,[14769]
313013,78,1000522,10816000,1,1,0,Monster_Name_313013,Monster_Title_130000004,0,130000004,2,0,False,0,0,2,0,True,True,40,50,110,3000.0,"[7015101,7015102]",False,0,0,0,0,Rastreador Bale Clops,Clops Doutrinado,,[14769]
313014,78,1000523,10826000,1,1,0,Monster_Name_313014,Monster_Title_130000005,0,130000005,2,0,False,0,0,2,0,True,True,40,60,120,3000.0,"[7015901,7015902]",False,0,0,0,0,Guerreiro Pesado Bale Soma,Guilda Photon,,[14769]
313015,78,1000524,10825000,1,1,0,Monster_Name_313015,Monster_Title_130000005,0,130000005,2,0,False,0,0,2,0,True,True,30,50,200,3000.0,"[7014501,7014502,7014503]",False,0,0,0,0,Assassino Bale Soma,Guilda Photon,,[14769]
313016,78,1000525,10827000,1,1,0,Monster_Name_313016,Monster_Title_130000005,0,130000005,2,0,False,0,0,2,0,True,True,40,60,120,3000.0,"[7016001,7016002]",False,0,0,0,0,Bale Soma Shockmancer,Guilda Photon,,[14769]
313097,78,1000526,10831002,1,1,0,Monster_Name_313097,,0,0,2,0,False,0,0,2,1,True,True,40,80,140,1300.0,"[7015801,7015802]",False,0,0,0,0,Junker Desenfreado,,,[14769]
313098,78,1000527,10810003,1,1,0,Monster_Name_313098,,0,0,2,0,False,0,0,2,1,True,True,40,60,110,1300.0,"[7012401,7012402]",False,0,0,0,0,Bork de Assalto Desenfreado,,,[14769]
313099,78,1000528,10842001,1,1,0,Monster_Name_313099,,0,0,2,0,False,0,0,2,1,True,True,40,50,110,1300.0,[7018302],False,0,0,0,0,Pathfinder Desenfreado,,,[14769]
313201,80,1000562,10690001,1,1,0,Monster_Name_313201,Monster_Title_132000001,0,132000001,2,0,False,0,0,2,0,True,True,34,50,200,3000.0,[7002501],False,0,0,0,0,Sentinela Vergen,Esquadrão de Saque Helas,,[17469]
313202,80,1000563,10693001,1,1,0,Monster_Name_313202,Monster_Title_132000001,0,132000001,2,0,False,0,0,2,0,True,True,35,50,200,3000.0,"[7005404,7005405,7005406]",False,0,0,0,0,Super Soldado Vergen,Esquadrão de Saque Helas,,[17469]
313203,80,1000564,10694001,1,1,0,Monster_Name_313203,Monster_Title_132000001,0,132000001,2,0,False,0,0,2,0,True,True,40,50,200,3000.0,[7005301],False,0,0,0,0,Cavalaria Pesada de Vergen,Esquadrão de Saque Helas,,[17469]
313204,80,1000565,10320000,1,1,0,Monster_Name_313204,,0,0,2,0,False,0,0,2,0,True,True,40,60,200,3000.0,"[7009001,7009002,7009003]",False,0,0,0,0,Vergen Chuti,,,[17469]
313205,81,1000567,10814000,1,1,0,Monster_Name_313205,Monster_Title_132000002,0,132000002,2,0,False,0,0,2,0,True,True,40,50,80,3000.0,[7015501],False,0,0,0,0,Sniper Vergen Ferinky,Pilhadores Whitetail,,[18919]
313206,81,1000568,10813000,1,1,0,Monster_Name_313206,Monster_Title_132000002,0,132000002,2,0,False,0,0,2,0,True,True,40,50,80,3000.0,"[7014901,7014902]",False,0,0,0,0,Rastreador Vergen Ferinky,Pilhadores Whitetail,,[18919]
313207,81,1000569,10815000,1,1,0,Monster_Name_313207,Monster_Title_132000002,0,132000002,2,0,False,0,0,2,0,True,True,40,50,100,3000.0,[7015401],False,0,0,0,0,Vergen Ferinky Lutador,Pilhadores Whitetail,,[18919]
313208,82,1000571,10220002,1,1,0,Monster_Name_313208,,0,0,2,0,False,0,0,2,0,True,True,30,50,200,3000.0,[7001901],False,0,0,0,0,Vergen Flem,,,[20419]
313209,82,1000572,10835000,1,1,0,Monster_Name_313209,Monster_Title_132000003,0,132000003,2,0,False,0,0,2,0,True,True,50,70,120,3000.0,"[7017301,7017302]",False,0,0,0,0,Guardião Palid Vergen,Conselho de Sangue Ardente,,[20419]
313210,82,1000573,10836000,1,1,0,Monster_Name_313210,Monster_Title_132000003,0,132000003,2,0,False,0,0,2,0,True,True,40,60,120,3000.0,"[7017401,7017402]",False,0,0,0,0,Mentalista Palid Vergen,Conselho de Sangue Ardente,,[20419]
313211,82,1000574,10837000,1,1,0,Monster_Name_313211,Monster_Title_132000003,0,132000003,2,0,False,0,0,2,0,True,True,30,50,50,3000.0,[7018101],False,0,0,0,0,Feiticeiro Palid Vergen,Conselho de Sangue Ardente,,[20419]
313297,80,1000566,10842001,1,1,0,Monster_Name_313297,,0,0,2,0,False,0,0,2,1,True,True,40,50,50,3000.0,[7018302],False,0,0,0,0,Pathfinder Desenfreado,,,[17469]
313298,81,1000570,10010003,1,529,0,Monster_Name_313298,,0,0,2,0,False,0,0,2,1,True,True,40,100,200,3000.0,[7000101],False,0,0,0,0,Estilhaçador Selvagem,,,[18919]
313299,82,1000575,10823002,1,1,0,Monster_Name_313299,,0,0,2,0,False,0,0,2,1,True,True,40,80,80,3000.0,"[7016401,7016402]",False,0,0,0,0,Fantasma Blindado Enfurecido,,,[20419]
313301,83,1000576,10080003,1,1,0,Monster_Name_313301,,0,133000005,2,0,False,0,0,2,0,True,True,40,100,200,3000.0,[7005601],False,0,0,0,0,Pumus Silex,,,[21969]
313302,83,1000577,10270001,1,1,0,Monster_Name_313302,,0,133000005,2,0,False,0,0,2,0,True,True,40,120,200,3000.0,[7009201],False,0,0,0,0,Fera Selvagem Pumus,,,[21969]
313303,83,1000578,10940000,1,1,0,Monster_Name_313303,Monster_Title_133000007,0,133000007,2,0,False,0,0,2,0,True,True,40,40,90,1500.0,"[7020501,7020502]",False,0,0,0,0,Capanga Forte da Gangue Pumus,Criminoso Fugitivo,,[21969]
313304,83,1000579,10825002,1,1,0,Monster_Name_313304,Monster_Title_133000002,0,133000002,2,0,False,0,0,2,0,True,True,40,50,200,3000.0,"[7014501,7014502,7014503]",False,0,0,0,0,Pumus Ranger Soma,Atacante da Zona de Quarentena,,[21969]
313305,84,1000582,10827002,1,1,0,Monster_Name_313305,Monster_Title_133000002,0,133000002,2,0,False,0,0,2,0,True,True,40,60,80,3000.0,"[7016001,7016002]",False,0,0,0,0,Pumus Mago Soma,Atacante da Zona de Quarentena,,[23569]
313306,83,1000580,10950000,1,1,0,Monster_Name_313306,Monster_Title_133000007,0,133000007,2,0,False,0,0,2,0,True,True,40,40,90,1500.0,"[7020601,7020602]",False,0,0,0,0,Atirador da Gangue Pumus,Criminoso Fugitivo,,[21969]
313307,84,1000583,10833002,1,1,0,Monster_Name_313307,Monster_Title_133000003,0,133000003,2,0,False,0,0,2,0,True,True,40,60,100,3000.0,[7017701],False,0,0,0,0,Pumus Cirurgião Lydian,Guarda da Zona de Quarentena,,[23569]
313308,84,1000584,10834001,1,1,0,Monster_Name_313308,Monster_Title_133000003,0,133000003,2,0,False,0,0,2,0,True,True,40,50,200,3000.0,"[7016301,7016302]",False,0,0,0,0,Pumus Médico Lydian,Guarda da Zona de Quarentena,,[23569]
313309,84,1000585,10832003,1,1,0,Monster_Name_313309,Monster_Title_133000003,0,133000003,2,0,False,0,0,2,0,True,True,50,110,120,3000.0,"[7016101,7016102,7016103]",False,0,0,0,0,Pumus Portuário Lydian,Guarda da Zona de Quarentena,,[23569]
313310,85,1000588,10930000,1,1,0,Monster_Name_313310,Monster_Title_133000007,0,133000007,2,0,False,0,0,2,0,True,True,40,30,90,1500.0,"[7020401,7020402]",False,0,0,0,0,Brutamontes da Gangue Pumus,Criminoso Fugitivo,,[25219]
313311,85,1000589,10900000,1,1,0,Monster_Name_313311,Monster_Title_133000004,0,133000004,2,0,False,0,0,2,0,True,True,40,50,150,3000.0,"[7020101,7020102]",False,0,0,0,0,Pumus Vafer Soldado de Cerco,Força Especial Tur Khan,,[25219]
313312,85,1000590,10100002,1,1,0,Monster_Name_313312,,0,133000006,2,0,False,0,0,2,0,True,True,40,60,120,3000.0,[7005101],False,0,0,0,0,Pumus Adiar,,,[25219]
313313,85,1000591,10010004,1,1,0,Monster_Name_313313,,0,133000006,2,0,False,0,0,2,0,True,True,30,100,50,3000.0,[7000101],False,0,0,0,0,Estilhaçador Pumus,,,[25219]
313314,83,1000581,10010003,1,1,0,Monster_Name_313314,,0,0,2,0,False,0,0,2,1,True,True,40,100,120,1300.0,[7000101],False,0,0,0,0,Estilhaçador Selvagem,,,[21969]
313315,84,1000586,10810003,1,1,0,Monster_Name_313315,,0,0,2,0,False,0,0,2,1,True,True,30,50,50,1300.0,"[7012401,7012402]",False,0,0,0,0,Bork de Assalto Enfurecido,,,[23569]
313316,85,1000592,10460002,1,1,0,Monster_Name_313316,,0,0,2,0,False,0,0,2,1,True,True,30,70,50,1300.0,[7008401],False,0,0,0,0,Fantasma Enfurecido,,,[25219]
313317,84,1000587,10826002,1,1,0,Monster_Name_313317,Monster_Title_133000002,0,133000002,2,0,False,0,0,2,0,True,True,40,60,120,3000.0,"[7015901,7015902]",False,0,0,0,0,Pumus Guerreiro Soma,Atacante da Zona de Quarentena,,[23569]
313401,86,1000593,10816000,1,1,0,Monster_Name_313401,Monster_Title_134000001,0,134000001,2,0,False,0,0,2,0,True,True,40,50,110,3000.0,"[7015101,7015102]",False,0,0,0,0,Rastreador Karma Clops,Clã Jormungand,,[26919]
313402,86,1000594,10818000,1,1,0,Monster_Name_313402,Monster_Title_134000001,0,134000001,2,0,False,0,0,2,0,True,True,40,50,110,3000.0,[7015001],False,0,0,0,0,Atirador Karma Clops,Clã Jormungand,,[26919]
313403,86,1000595,10817000,1,1,0,Monster_Name_313403,Monster_Title_134000001,0,134000001,2,0,False,0,0,2,0,True,True,40,60,130,3000.0,"[7015201,7015202]",False,0,0,0,0,Destruidor Karma Clops,Clã Jormungand,,[26919]
313404,86,1000596,10811001,1,1,0,Monster_Name_313404,,0,0,2,0,False,0,0,2,0,True,True,40,60,200,3000.0,"[7012501,7012502]",False,0,0,0,0,Karma Bork Laser,,,[26919]
313405,87,1000598,18780000,1,1,0,Monster_Name_313405,Monster_Title_134000002,0,134000002,2,0,False,0,0,2,0,True,True,40,60,200,3000.0,"[7013501,7013502]",False,0,0,0,0,Recon de Karma,Robô de Combate Não Identificado,,[28669]
313406,87,1000599,18800000,1,1,0,Monster_Name_313406,Monster_Title_134000002,0,134000002,2,0,False,0,0,2,0,True,True,40,60,200,3000.0,"[7013701,7013702]",False,0,0,0,0,Vanguarda Karma,Robô de Combate Não Identificado,,[28669]
313407,87,1000600,18790000,1,1,0,Monster_Name_313407,Monster_Title_134000002,0,134000002,2,0,False,0,0,2,0,True,True,40,60,200,3000.0,"[7013601,7013602]",False,0,0,0,0,Striker de Karma,Robô de Combate Não Identificado,,[28669]
313408,87,1000601,10870000,1,1,0,Monster_Name_313408,Monster_Title_134000003,0,134000003,2,0,False,0,0,2,0,True,True,40,60,200,3000.0,"[7019801,7019802]",False,0,0,0,0,Guerreiro Calliana Karma,Mercenários Siren,,[28669]
313409,88,1000603,10860000,1,1,0,Monster_Name_313409,Monster_Title_134000003,0,134000003,2,0,False,0,0,2,0,True,True,40,60,200,3000.0,"[7019701,7019702,7019703]",False,0,0,0,0,Atirador Calliana Karma,Mercenários Siren,,[30469]
313410,88,1000604,10845000,1,1,0,Monster_Name_313410,Monster_Title_134000004,0,134000004,2,0,False,0,0,2,0,True,True,40,50,120,3000.0,[7019001],False,0,0,0,0,Sentinela Nether Karma,Legião Âncora de Poeira,,[30469]
313411,88,1000605,10844000,1,1,0,Monster_Name_313411,Monster_Title_134000004,0,134000004,2,0,False,0,0,2,0,True,True,40,50,120,3000.0,"[7019101,7019102,7019103]",False,0,0,0,0,Guerreiro Nether Karma,Legião Âncora de Poeira,,[30469]
313412,88,1000606,10846000,1,1,0,Monster_Name_313412,Monster_Title_134000004,0,134000004,2,0,False,0,0,2,0,True,True,40,120,120,3000.0,"[7018901,7018902,7018903]",False,0,0,0,0,Aniquilador Nether Karma,Legião Âncora de Poeira,,[30469]
313497,86,1000597,10842001,1,1,0,Monster_Name_313497,,0,0,2,0,False,0,0,2,1,True,True,40,50,50,3000.0,[7018302],False,0,0,0,0,Pathfinder Desenfreado,,,[26919]
313498,87,1000602,10831002,1,1,0,Monster_Name_313498,,0,0,2,0,False,0,0,2,1,True,True,40,80,140,3000.0,"[7015801,7015802]",False,0,0,0,0,Junker Desenfreado,,,[28669]
313499,88,1000607,10823002,1,1,0,Monster_Name_313499,,0,0,2,0,False,0,0,2,1,True,True,40,80,80,3000.0,"[7016401,7016402]",False,0,0,0,0,Fantasma Blindado Enfurecido,,,[30469]
313501,89,1000608,10812001,1,1,0,Monster_Name_313501,Monster_Title_135000001,0,135000001,2,0,False,0,0,2,0,True,True,40,60,200,3000.0,[7013101],False,0,0,0,0,Ativar Bork de Combate,Robô de Mineração do Campo de Mineração Nable,,[32319]
313502,89,1000609,10833002,1,1,0,Monster_Name_313502,Monster_Title_135000001,0,135000001,2,0,False,0,0,2,0,True,True,40,60,60,3000.0,[7017701],False,0,0,0,0,Habilitar Cirurgião Lydian,Robô de Mineração do Campo de Mineração Nable,,[32319]
313503,89,1000610,10832003,1,1,0,Monster_Name_313503,Monster_Title_135000001,0,135000001,2,0,False,0,0,2,0,True,True,40,150,130,3000.0,"[7016101,7016102,7016103]",False,0,0,0,0,Portuário Lydian Nable,Robô de Mineração do Campo de Mineração Nable,,[32319]
313504,89,1000611,10834001,1,1,0,Monster_Name_313504,Monster_Title_135000001,0,135000001,2,0,False,0,0,2,0,True,True,40,50,50,3000.0,"[7016301,7016302]",False,0,0,0,0,Ativar Médico Lydian,Robô de Mineração do Campo de Mineração Nable,,[32319]
313505,90,1000613,10843001,1,1,0,Monster_Name_313505,Monster_Title_135000002,0,135000002,2,0,False,0,0,2,0,True,True,40,80,80,3000.0,[7018201],False,0,0,0,0,Mula Armada Nable,Robô de Construção do Campo de Mineração Nable,,[34219]
313506,90,1000614,10842003,1,1,0,Monster_Name_313506,Monster_Title_135000002,0,135000002,2,0,False,0,0,2,0,True,True,40,50,50,3000.0,[7018301],False,0,0,0,0,Navegador Nable,Robô de Construção do Campo de Mineração Nable,,[34219]
313507,90,1000615,10550000,1,1,0,Monster_Name_313507,Monster_Title_135000003,0,135000003,2,0,False,0,0,2,0,True,True,40,60,200,3000.0,"[7006201,7006202]",False,0,0,0,0,Guerreiro Crawler Nable,Pilhadores do Eclipse Solar,,[34219]
313508,90,1000616,10551000,1,1,0,Monster_Name_313508,Monster_Title_135000003,0,135000003,2,0,False,0,0,2,0,True,True,40,60,200,3000.0,[7006301],False,0,0,0,0,Sentinela Nable Crawler,Pilhadores do Eclipse Solar,,[34219]
313509,91,1000618,10810002,1,1,0,Monster_Name_313509,Monster_Title_135000004,0,135000004,2,0,False,0,0,2,0,True,True,40,60,200,3000.0,"[7012401,7012402]",False,0,0,0,0,Nable Bork de Assalto,Bot de Segurança do Escritório do Campo de Mineração,,[36169]
313510,91,1000619,18400050,1,1,0,Monster_Name_313510,Monster_Title_135000004,0,135000004,2,0,False,0,0,2,0,True,True,40,50,200,3000.0,[7003001],False,0,0,0,0,Guerreiro Mecânico Nable,Bot de Segurança do Escritório do Campo de Mineração,,[36169]
313511,91,1000620,10838000,1,1,0,Monster_Name_313511,Monster_Title_135000004,0,135000004,2,0,False,0,0,2,0,True,True,40,40,40,3000.0,[7017601],False,0,0,0,0,Catador Nable,Bot de Segurança do Escritório do Campo de Mineração,,[36169]
313512,91,1000622,10410002,1,1,0,Monster_Name_313512,Monster_Title_135000004,0,135000004,2,0,False,0,0,2,0,True,True,40,70,200,3000.0,[7008201],False,0,0,0,0,Nable Passer Alpha,Bot de Segurança do Escritório do Campo de Mineração,,[36169]
313597,89,1000612,10460002,1,1,0,Monster_Name_313597,,0,0,2,0,False,0,0,2,1,True,True,40,80,200,3000.0,[7008401],False,0,0,0,0,Fantasma Enfurecido,,,[32319]
313598,90,1000617,10823002,1,1,0,Monster_Name_313598,,0,0,2,0,False,0,0,2,1,True,True,40,80,200,3000.0,"[7016401,7016402]",False,0,0,0,0,Fantasma Blindado Enfurecido,,,[34219]
313599,91,1000621,10831002,1,1,0,Monster_Name_313599,,0,0,2,0,False,0,0,2,1,True,True,40,80,140,3000.0,"[7015801,7015802]",False,0,0,0,0,Junker Desenfreado,,,[36169]
313601,78,1000542,10290002,1,1,0,Monster_Name_313601,,0,0,2,0,False,0,0,2,0,True,True,40,80,200,3000.0,"[7004101,7004102]",False,0,0,0,0,Lagarto Inewt,,,[14769]
313602,78,1000544,10130000,1,1,0,Monster_Name_313602,,0,0,2,0,False,0,0,2,0,True,True,40,80,200,3000.0,[7008801],False,0,0,0,0,Inewt Simbi,,,[14769]
313603,79,1000548,10693000,1,1,0,Monster_Name_313603,Monster_Title_136000001,0,136000001,2,0,False,0,0,2,0,True,True,40,50,200,3000.0,[7002301],False,0,0,0,0,Super Soldado Inewt,Mercenário de Equipamento Congelado,,[16069]
313604,79,1000550,10692000,1,1,0,Monster_Name_313604,Monster_Title_136000001,0,136000001,2,0,False,0,0,2,0,True,True,40,50,200,3000.0,[7005401],False,0,0,0,0,Combatente Mecânico Inewt,Mercenário de Equipamento Congelado,,[16069]
313605,78,1000545,10695000,1,1,0,Monster_Name_313605,Monster_Title_136000001,0,136000001,2,0,False,0,0,2,0,True,True,40,50,200,3000.0,[7002401],False,0,0,0,0,Cavalaria Pesada Inewt,Mercenário de Equipamento Congelado,,[14769]
313606,78,1000546,10210001,1,1,0,Monster_Name_313606,,0,0,2,0,False,0,0,2,0,True,True,40,80,200,3000.0,[7005001],False,0,0,0,0,Inewt Limpeza,,,[14769]
313607,78,1000547,10020000,1,1,0,Monster_Name_313607,,0,0,2,0,False,0,0,2,0,True,True,40,140,200,3000.0,[7001601],False,0,0,0,0,Inewt Kaigar,,,[14769]
313608,79,1000551,10826002,1,1,0,Monster_Name_313608,Monster_Title_136000002,0,136000002,2,0,False,0,0,2,0,True,True,40,60,120,3000.0,"[7015901,7015902]",False,0,0,0,0,Inewt Guerreiro Soma,Guilda Frozen Gear,,[16069]
313609,79,1000553,10827002,1,1,0,Monster_Name_313609,Monster_Title_136000002,0,136000002,2,0,False,0,0,2,0,True,True,40,60,120,3000.0,"[7016001,7016002]",False,0,0,0,0,Inewt Mago Soma,Guilda Frozen Gear,,[16069]
313610,79,1000552,10825002,1,1,0,Monster_Name_313610,Monster_Title_136000002,0,136000002,2,0,False,0,0,2,0,True,True,30,40,200,3000.0,"[7014501,7014502,7014503]",False,0,0,0,0,Inewt Ranger Soma,Guilda Frozen Gear,,[16069]
313611,80,1000554,10910000,1,1,0,Monster_Name_313611,Monster_Title_136000003,0,136000003,2,0,False,0,0,2,0,True,True,40,40,80,1500.0,"[7020201,7020202]",False,0,0,0,0,Invasor Capturador de Inewt,Mercenário Tur Khan,,[17469]
313612,80,1000556,10890000,1,1,0,Monster_Name_313612,Monster_Title_136000003,0,136000003,2,0,False,0,0,2,0,True,True,40,70,150,3000.0,"[7020001,7020002,7020003]",False,0,0,0,0,Inewt Vafer Soldado Pesado,Mercenário Tur Khan,,[17469]
313613,80,1000557,10900000,1,1,0,Monster_Name_313613,Monster_Title_136000003,0,136000003,2,0,False,0,0,2,0,True,True,40,50,150,3000.0,"[7020101,7020102]",False,0,0,0,0,Inewt Vafer Soldado de Cerco,Mercenário Tur Khan,,[17469]
313614,81,1000558,10920000,1,1,0,Monster_Name_313614,Monster_Title_136000003,0,136000003,2,0,False,0,0,2,0,True,True,40,40,80,1500.0,[7020301],False,0,0,0,0,Sniper Inewt Snatcher,Mercenário Tur Khan,,[18919]
313615,81,1000560,10930000,1,1,0,Monster_Name_313615,Monster_Title_136000004,0,136000004,2,0,False,0,0,2,0,True,True,40,30,90,1500.0,"[7020401,7020402]",False,0,0,0,0,Inewt Brutamontes,Fugitivo,,[18919]
313616,81,1000561,10950000,1,1,0,Monster_Name_313616,Monster_Title_136000004,0,136000004,2,0,False,0,0,2,0,True,True,40,40,90,1500.0,"[7020601,7020602]",False,0,0,0,0,Inewt Atirador,Fugitivo,,[18919]
313696,78,1000543,10130001,1,1,0,Monster_Name_313696,,0,0,2,0,False,0,0,2,1,True,True,40,80,200,3000.0,[7008801],False,0,0,0,0,Savage Symbi,,,[14769]
313697,79,1000549,10010003,1,1,0,Monster_Name_313697,,0,0,2,0,False,0,0,2,1,True,True,40,100,200,3000.0,[7000101],False,0,0,0,0,Estilhaçador Selvagem,,,[16069]
313698,80,1000555,10831002,1,1,0,Monster_Name_313698,,0,0,2,0,False,0,0,2,1,True,True,40,80,140,3000.0,"[7015801,7015802]",False,0,0,0,0,Junker Desenfreado,,,[17469]
313699,81,1000559,10842001,1,1,0,Monster_Name_313699,,0,0,2,0,False,0,0,2,1,True,True,40,40,50,3000.0,[7018302],False,0,0,0,0,Pathfinder Desenfreado,,,[18919]
314001,74,1000559,10100002,1,1,0,,,0,133000006,2,0,False,0,0,2,0,True,True,40,60,120,3000.0,[7005101],False,0,0,0,0,,,,[18919]
314002,74,1000559,10220002,1,1,0,,,0,0,2,0,False,0,0,2,0,True,True,30,50,200,3000.0,[7001901],False,0,0,0,0,,,,[18919]
314003,74,1000559,10320000,1,1,0,,,0,0,2,0,False,0,0,2,0,True,True,40,50,200,3000.0,"[7009001,7009002,7009003]",False,0,0,0,0,,,,[18919]
314004,74,1000559,10220002,1,1,0,,,0,0,2,0,False,0,0,2,0,True,True,30,50,200,3000.0,[7001901],False,0,0,0,0,,,,[18919]
314005,74,1000559,10910000,1,1,0,,,0,136000003,2,0,False,0,0,2,0,True,True,40,40,80,1500.0,"[7020201,7020202]",False,0,0,0,0,,,,[18919]
314006,74,1000559,10920000,1,1,0,,,0,136000003,2,0,False,0,0,2,0,True,True,40,40,80,1500.0,[7020301],False,0,0,0,0,,,,[18919]
314007,74,1000559,10890000,1,1,0,,,0,136000003,2,0,False,0,0,2,0,True,True,40,70,150,3000.0,"[7020001,7020002,7020003]",False,0,0,0,0,,,,[18919]
314008,74,1000559,10900000,1,1,0,,,0,133000004,2,0,False,0,0,2,0,True,True,40,50,150,3000.0,"[7020101,7020102]",False,0,0,0,0,,,,[18919]
314010,74,1000559,10400000,1,1,0,,,0,0,2,0,False,0,0,2,0,True,True,40,80,200,3000.0,"[7009301,7009302]",False,0,0,0,0,,,,[18919]
314011,74,1000559,10090000,1,1,0,,,0,54000000,2,0,False,0,0,2,0,True,True,40,120,200,3000.0,[7007501],False,0,0,0,0,,,,[18919]
314012,74,1000559,10430000,1,1,0,,,0,0,2,0,False,0,0,2,0,True,True,40,100,200,3000.0,[7008601],False,0,0,0,0,,,,[18919]
314013,74,1000559,10450000,1,1,0,,,0,0,2,0,False,0,0,2,0,True,True,40,100,200,3000.0,[7012201],False,0,0,0,0,,,,[18919]
314014,74,1000559,10020000,1,1,0,,,0,0,2,0,False,0,0,2,0,True,True,40,140,200,3000.0,[7001601],False,0,0,0,0,,,,[18919]
314015,74,1000559,10190000,1,1,0,,,0,0,2,0,False,0,0,2,0,True,True,50,60,200,3000.0,[7001301],False,0,0,0,0,,,,[18919]
314016,74,1000559,10260000,1,1,0,,,0,54000000,2,0,False,0,0,2,0,True,True,40,120,200,3000.0,[7004401],False,0,0,0,0,,,,[18919]
320201,28,0,17320001,313,320201,0,Monster_Name_320201,Monster_Title_320201,0,0,2,103,False,0,2,2,1,True,True,40,100,200,10000.0,[7103301],False,0,0,0,0,Ada,Karon,,[]
320205,30,0,30080000,1,320205,0,,,0,0,2,125,False,0,0,2,1,False,False,0,40,10,3000.0,[7100931],False,0,1,0,0,,,,[]
320301,42,0,10630000,1,1,0,Monster_Name_320301,Monster_Title_203000001,0,203000001,2,0,False,0,0,2,1,True,True,40,50,200,10000.0,"[7006701,7006702,7006703]",False,0,0,0,0,Mercenário Mutante,Invasor Erosivo,,[]
320302,42,0,10650000,1,1,0,Monster_Name_320302,Monster_Title_203000001,0,203000001,2,0,False,0,0,2,1,True,True,40,50,200,10000.0,"[7008101,7008102,7008103]",False,0,0,0,0,Soldado Mutante,Invasor Erosivo,,[]
320303,42,0,10640000,1,1,0,Monster_Name_320303,Monster_Title_203000001,0,203000001,2,0,False,0,0,2,1,True,True,40,50,200,10000.0,"[7008001,7008002]",False,0,0,0,0,Sacerdote Mutado,Invasor Erosivo,,[]
320304,42,0,10600000,1,1,0,Monster_Name_320304,Monster_Title_203000001,0,203000001,2,0,False,0,0,2,1,True,True,40,80,200,10000.0,"[7006901,7006902]",False,0,0,0,0,Estilhaçador Podre,Invasor Erosivo,,[]
320305,42,0,10620000,1,1,0,Monster_Name_320305,Monster_Title_203000001,0,203000001,2,0,False,0,0,2,1,True,True,40,145,200,10000.0,"[7007901,7007904]",False,0,0,0,0,Canibal Podre,Invasor Erosivo,,[]
320306,42,0,10590000,1,1,0,Monster_Name_320306,Monster_Title_203000001,0,203000001,2,0,False,0,0,2,1,True,True,40,80,200,10000.0,[7006001],False,0,0,0,0,Larva Podre,Invasor Erosivo,,[]
320307,42,0,10670000,1,1,0,Monster_Name_320307,Monster_Title_203000001,0,203000001,2,0,False,0,0,2,1,True,True,40,60,200,10000.0,"[7010201,7010202,7010203]",False,0,0,0,0,Talpa Mutada,Invasor Erosivo,,[]
320308,42,0,10630000,1,1,0,Monster_Name_320308,Monster_Title_203000002,0,203000002,2,0,False,0,0,2,1,True,True,40,50,200,10000.0,"[7006701,7006702,7006703]",False,0,0,0,0,Mercenário Erodido,Colônia Erosiva,,[]
320309,42,0,10650000,1,1,0,Monster_Name_320309,Monster_Title_203000002,0,203000002,2,0,False,0,0,2,1,True,True,40,50,200,10000.0,"[7008101,7008102,7008103]",False,0,0,0,0,Soldado Erodido,Colônia Erosiva,,[]
320310,42,0,10640000,1,1,0,Monster_Name_320310,Monster_Title_203000002,0,203000002,2,0,False,0,0,2,1,True,True,40,50,200,10000.0,"[7008001,7008002]",False,0,0,0,0,Sacerdote Erodido,Colônia Erosiva,,[]
320311,42,0,10600000,1,1,0,Monster_Name_320311,Monster_Title_203000002,0,203000002,2,0,False,0,0,2,1,True,True,40,80,200,10000.0,"[7006901,7006902]",False,0,0,0,0,Estilhaçador Aberrante,Colônia Erosiva,,[]
320312,42,0,10620000,1,1,0,Monster_Name_320312,Monster_Title_203000002,0,203000002,2,0,False,0,0,2,1,True,True,40,145,200,10000.0,"[7007901,7007904]",False,0,0,0,0,Canibal Aberrante,Colônia Erosiva,,[]
320313,42,0,10590000,1,1,0,Monster_Name_320313,Monster_Title_203000002,0,203000001,2,0,False,0,0,2,1,True,True,40,80,200,10000.0,[7006001],False,0,0,0,0,Larva Aberrante,Colônia Erosiva,,[]
320314,42,0,10670000,1,1,0,Monster_Name_320314,Monster_Title_203000002,0,203000001,2,0,False,0,0,2,1,True,True,40,60,200,10000.0,"[7010201,7010202,7010203]",False,0,0,0,0,Talpa Erodida,Colônia Erosiva,,[]
320401,43,0,18680006,403,320401,0,Monster_Name_320401,Monster_Title_320401,0,0,2,103,False,0,2,2,1,True,True,60,100,200,3000.0,"[7104201,7104202]",False,0,0,0,0,Tetra,Legionário Cultista,,[]
320402,45,0,18690001,1,320402,0,Monster_Name_320402,Monster_Title_320402,0,204000001,2,0,False,0,0,2,0,True,True,40,100,200,3000.0,"[7012701,7012702]",False,0,0,0,0,Kokke,Oficial Cultista,,[]
320403,42,0,18630006,1,320403,0,Monster_Name_320403,Monster_Title_204000001,0,204000001,2,0,False,0,0,2,0,True,True,40,100,200,3000.0,[7011601],False,0,0,0,0,Oficial dos Cavaleiros Cultistas,Legião de Cultistas,,[]
320404,42,0,18700004,1,320404,0,Monster_Name_320404,Monster_Title_204000001,0,204000001,2,0,False,0,0,2,0,True,True,40,100,200,3000.0,[7013001],False,0,0,0,0,Cavaleiros Cultistas Mago,Legião de Cultistas,,[]
320405,42,0,18610007,1,320410,0,Monster_Name_320405,Monster_Title_204000001,0,204000001,2,0,False,0,0,2,0,True,True,40,100,200,3000.0,[7011401],False,0,0,0,0,Guerreiro Cultista,Legião de Cultistas,,[]
320407,1,0,30080000,0,1,10002,,,0,0,1,0,True,0,0,2,0,False,False,40,50,200,3000.0,[],False,0,0,0,0,,,,[]
320408,45,0,18630006,1,320408,0,Monster_Name_320403,Monster_Title_204000001,0,204000001,2,0,False,0,0,2,0,True,True,40,100,200,3000.0,[7011601],False,0,0,0,0,Oficial dos Cavaleiros Cultistas,Legião de Cultistas,,[]
320409,45,0,18700004,1,320409,0,Monster_Name_320404,Monster_Title_204000001,0,204000001,2,0,False,0,0,2,0,True,True,40,100,200,3000.0,[7013001],False,0,0,0,0,Cavaleiros Cultistas Mago,Legião de Cultistas,,[]
320410,45,0,18610007,1,320410,0,Monster_Name_320405,Monster_Title_204000001,0,204000001,2,0,False,0,0,2,0,True,True,40,100,200,3000.0,[7011401],False,0,0,0,0,Guerreiro Cultista,Legião de Cultistas,,[]
320501,48,0,16220004,320501,320501,10002,Monster_Name_320501,,0,0,2,103,False,0,2,2,1,True,True,150,180,600,5000.0,[7100901],False,0,0,0,0,Protetor da Pedra Sagrada,,,[]
320511,55,0,10820000,1,1,10002,Monster_Name_320511,,0,0,2,0,True,0,0,2,1,True,True,40,80,200,1000.0,"[7014201,7014202,7014203]",False,0,1,0,0,Buscador da Pedra Sagrada,,,[]
320512,55,0,10821000,1,1,10002,Monster_Name_320512,,0,0,2,0,True,0,0,2,1,True,True,40,100,200,1000.0,"[7014401,7014402,7014403,7014404,7014405]",False,0,1,0,0,Guardião da Pedra Sagrada,,,[]
320521,55,0,10684000,1,320521,10002,Monster_Name_320521,Monster_Title_205000001,0,205000001,2,0,False,0,0,2,1,True,True,40,40,200,30000.0,"[7010501,7010502]",False,0,0,0,0,Cavaleiro,Karon Elite,,[]
320522,55,0,10685000,1,320522,10002,Monster_Name_320522,Monster_Title_205000001,0,205000001,2,0,False,0,0,2,1,True,True,40,40,200,30000.0,[7010401],False,0,0,0,0,Vingador,Karon Elite,,[]
320701,29,0,14030001,1,320701,0,Monster_Name_320701,Monster_Title_320701,0,0,2,103,False,0,2,2,1,True,True,50,200,200,3000.0,"[3504001,3504002,3504003]",False,0,0,0,0,MAU de Lavier,Líder Mercenário da Corporação Roman,,[]
320702,29,0,14100000,1,320702,0,Monster_Name_320702,,0,0,2,0,False,0,0,2,0,True,True,30,50,200,3000.0,[],False,0,0,0,0,Caixa de Suprimentos de Senikoff,,,[]
320703,29,0,10690000,1,320703,0,Monster_Name_320703,Monster_Title_207000001,0,207000001,2,0,False,0,0,2,1,True,True,34,50,200,3000.0,[7002501],False,0,0,0,0,Sentinela do Caldeirão,Gangue Dente de Ouro,,[]
320704,29,0,10691000,1,320704,0,Monster_Name_320704,Monster_Title_207000001,0,207000001,2,0,False,0,0,2,1,True,True,34,50,200,3000.0,[7002601],False,0,0,0,0,Choque de Tropas do Caldeirão,Gangue Dente de Ouro,,[]
320705,29,0,10693000,1,320705,0,Monster_Name_320705,Monster_Title_207000001,0,207000001,2,0,False,0,0,2,1,True,True,35,50,200,3000.0,"[7005404,7005405,7005406]",False,0,0,0,0,Super Soldado do Caldeirão,Gangue Dente de Ouro,,[]
320706,29,0,10694000,1,320706,0,Monster_Name_320706,Monster_Title_207000001,0,207000001,2,0,False,0,0,2,1,True,True,40,50,200,3000.0,[7005301],False,0,0,0,0,Cavalaria Pesada do Caldeirão,Gangue Dente de Ouro,,[]
320707,29,0,10700004,1,320706,0,Monster_Name_320707,Monster_Title_207000001,0,207000001,2,0,False,0,0,2,1,True,True,50,200,200,3000.0,"[3501001,3501002,3501003]",False,0,0,0,0,Banshee do Caldeirão,Gangue Dente de Ouro,,[]
320708,29,0,10690000,1,320703,0,Monster_Name_320703,Monster_Title_207000001,0,207000001,2,0,False,0,0,2,0,True,True,34,50,200,3000.0,[7002501],False,0,0,0,0,Sentinela do Caldeirão,Gangue Dente de Ouro,,[]
320709,29,0,10691000,1,320704,0,Monster_Name_320704,Monster_Title_207000001,0,207000001,2,0,False,0,0,2,0,True,True,34,50,200,3000.0,[7002601],False,0,0,0,0,Choque de Tropas do Caldeirão,Gangue Dente de Ouro,,[]
320710,29,0,10693000,1,320705,0,Monster_Name_320705,Monster_Title_207000001,0,207000001,2,0,False,0,0,2,0,True,True,35,50,200,3000.0,"[7005404,7005405,7005406]",False,0,0,0,0,Super Soldado do Caldeirão,Gangue Dente de Ouro,,[]
320711,29,0,10700004,1,320706,0,Monster_Name_320707,Monster_Title_207000001,0,207000001,2,0,False,0,0,2,0,True,True,50,200,200,3000.0,"[3501001,3501002,3501003]",False,0,0,0,0,Banshee do Caldeirão,Gangue Dente de Ouro,,[]
320713,29,0,10690000,1,320713,0,Monster_Name_320703,Monster_Title_207000001,0,207000001,2,0,False,0,0,2,0,True,True,34,50,200,3000.0,[7002501],False,0,0,0,0,Sentinela do Caldeirão,Gangue Dente de Ouro,,[]
320714,29,0,10691000,1,320714,0,Monster_Name_320704,Monster_Title_207000001,0,207000001,2,0,False,0,0,2,1,True,True,34,50,200,3000.0,[7002601],False,0,0,0,0,Choque de Tropas do Caldeirão,Gangue Dente de Ouro,,[]
320716,29,0,10694000,1,320716,0,Monster_Name_320706,Monster_Title_207000001,0,207000001,2,0,False,0,0,2,1,True,True,40,50,200,3000.0,[7005301],False,0,0,0,0,Cavalaria Pesada do Caldeirão,Gangue Dente de Ouro,,[]
320721,29,0,30080000,0,1,10002,,,0,0,1,0,True,0,0,2,0,False,False,40,50,200,3000.0,[],False,0,1,0,0,,,,[]
320722,29,0,30080000,0,1,10002,,,0,0,1,0,True,0,0,2,0,False,False,40,50,200,3000.0,[],False,0,1,0,0,,,,[]
320723,29,0,30080000,0,1,10002,,,0,0,1,0,True,0,0,2,0,False,False,40,50,200,3000.0,[],False,0,1,0,0,,,,[]
320901,53,0,18570013,320901,2,0,Monster_Name_320901,Monster_Title_320901,0,0,2,103,False,0,2,2,1,True,True,40,100,200,10000.0,"[7104801,7104802,7104803,7104804]",True,0,0,0,0,Vector Grey,Comandante de Batalha,,[]
320902,58,0,17440000,327,1,0,Monster_Name_320902,Monster_Title_209000001,0,209000001,2,0,False,0,0,2,1,True,True,40,100,200,10000.0,"[7014601,7014602]",False,0,0,0,0,Android,Overmind,,[]
320903,58,0,17430003,317,317,0,Monster_Name_320903,Monster_Title_209000001,0,209000001,2,0,False,0,0,2,1,True,True,40,100,200,10000.0,"[7013901,7013902]",False,0,0,0,0,Android,Overmind,,[]
321001,64,0,17430001,435,321001,0,Monster_Name_321001,Monster_Title_321001,0,0,2,103,False,0,2,2,1,True,True,40,100,310,30000.0,[7104501],True,0,0,0,0,Euclid Nova,Presidente Overmind,,[]
321002,64,0,16200001,321002,194,0,Monster_Name_321002,Monster_Title_321002,0,0,2,103,False,0,2,2,1,True,True,150,450,200,3000.0,[7101615],False,0,0,0,0,Euclid Nova,Máquina Gigante,,[]
321003,65,0,17450000,1,1,0,Monster_Name_321003,Monster_Title_210000001,0,210000001,2,0,False,0,0,2,1,True,True,40,50,200,30000.0,[7003001],False,0,0,0,0,Guerreiro Androide,Android de Euclid,,[]
321004,65,0,17460000,1,1,0,Monster_Name_321004,Monster_Title_210000001,0,210000001,2,0,False,0,0,2,1,True,True,40,50,200,30000.0,[7003101],False,0,0,0,0,Soldado Android,Android de Euclid,,[]
321005,65,0,18800000,1,1,0,Monster_Name_321005,Monster_Title_210000001,0,210000001,2,0,False,0,0,2,1,True,True,40,60,200,30000.0,"[7013701,7013702,7013703]",False,0,0,0,0,Vanguarda Android,Android de Euclid,,[]
321006,65,0,18790000,1,1,0,Monster_Name_321006,Monster_Title_210000001,0,210000001,2,0,False,0,0,2,1,True,True,40,60,200,30000.0,"[7013601,7013602]",False,0,0,0,0,Striker Android,Android de Euclid,,[]
321801,52,0,17740010,399,2,0,Monster_Name_321801,Monster_Title_321801,0,0,2,103,False,0,2,2,1,True,True,40,150,50,30000.0,"[7104101,7104102]",False,0,0,0,0,Sigma Negra,Executor Supremo,,[]
321901,30,0,10790001,267,321901,0,Monster_Name_321901,Monster_Title_321901,0,219000001,2,103,False,0,2,2,1,True,True,50,200,200,3000.0,"[3505001,3505002,3505003]",True,0,0,0,0,Kronos de Strus,Comandante Silverhorn,,[]
321902,11,0,10480000,1,321902,0,Monster_Name_321902,Monster_Title_219000001,0,219000002,2,0,False,0,0,2,1,True,True,40,50,200,3000.0,[7002901],False,0,0,0,0,Lowed Drone Peep,Gangue Silverhorn,,[]
321903,11,0,10831000,1,321902,0,Monster_Name_321903,Monster_Title_219000001,0,219000002,2,0,False,0,0,2,1,True,True,40,80,140,3000.0,"[7015801,7015802]",False,0,0,0,0,Lowed Sucateiro,Gangue Silverhorn,,[]
321904,11,0,10694000,1,321902,0,Monster_Name_321904,Monster_Title_219000001,0,219000002,2,0,False,0,0,2,1,True,True,40,50,200,3000.0,[7005301],True,0,0,0,0,Lowed Cavalaria Pesada,Gangue Silverhorn,,[]
321905,11,0,10693000,1,321902,0,Monster_Name_321905,Monster_Title_219000001,0,219000002,2,0,False,0,0,2,1,True,True,35,50,200,3000.0,"[7005404,7005405,7005406]",True,0,0,0,0,Lowed Super Soldado,Gangue Silverhorn,,[]
321906,11,0,10690000,1,321902,0,Monster_Name_321906,Monster_Title_219000001,0,219000002,2,0,False,0,0,2,1,True,True,34,50,200,3000.0,[7002501],True,0,0,0,0,Lowed Sentinela,Gangue Silverhorn,,[]
321907,11,0,10700004,1,321902,0,Monster_Name_321907,Monster_Title_219000001,0,219000002,2,0,False,0,0,2,1,True,True,50,200,200,3000.0,"[3501001,3501002,3501003]",True,0,0,0,0,Banshee MAU Lowed,Gangue Silverhorn,,[]
321908,15,0,30080000,0,1,10002,,,0,0,1,0,True,0,0,2,0,False,False,40,80,200,3000.0,[],False,0,0,0,0,,,,[]
321910,15,0,30080000,0,1,10002,,,0,0,1,0,True,0,0,2,0,False,False,40,80,200,3000.0,[],False,0,0,0,0,,,,[]
321911,11,0,10694000,1,321902,0,Monster_Name_321904,Monster_Title_219000001,0,219000002,2,0,False,0,0,2,1,True,True,40,50,200,3000.0,[7005301],True,0,0,0,0,Lowed Cavalaria Pesada,Gangue Silverhorn,,[]
321912,11,0,10842000,1,321902,0,Monster_Name_321912,Monster_Title_219000001,0,219000002,2,0,False,0,0,2,1,True,True,40,50,50,3000.0,[7018301],False,0,0,0,0,Lowed Pathfinder,Gangue Silverhorn,,[]
321913,11,0,10843000,1,321902,0,Monster_Name_321913,Monster_Title_219000001,0,219000002,2,0,False,0,0,2,1,True,True,40,80,80,3000.0,[7018201],False,0,0,0,0,Lowed Mula Armada,Gangue Silverhorn,,[]
321914,11,0,10693000,1,321902,0,Monster_Name_321905,Monster_Title_219000001,0,219000002,2,0,False,0,0,2,1,True,True,35,50,200,3000.0,"[7005404,7005405,7005406]",True,0,0,0,0,Lowed Super Soldado,Gangue Silverhorn,,[]
321915,11,0,10690000,1,321902,0,Monster_Name_321906,Monster_Title_219000001,0,219000002,2,0,False,0,0,2,1,True,True,34,50,200,3000.0,[7002501],True,0,0,0,0,Lowed Sentinela,Gangue Silverhorn,,[]
321921,11,0,17190003,1,321921,0,Monster_Name_321921,Monster_Title_321901,0,0,2,0,False,0,0,2,0,False,False,40,40,110,3000.0,[7014001],False,0,0,0,0,Strus,Comandante Silverhorn,,[]
321922,14,0,10843000,1,321902,0,Monster_Name_321913,Monster_Title_219000001,0,0,2,0,True,0,0,2,0,True,True,40,80,80,3000.0,[7018201],False,0,0,0,0,Lowed Mula Armada,Gangue Silverhorn,,[]
321923,11,0,10693000,1,321902,0,Monster_Name_321905,Monster_Title_219000001,0,0,2,0,True,0,0,2,0,True,True,35,50,200,3000.0,"[7005404,7005405,7005406]",True,0,0,0,0,Lowed Super Soldado,Gangue Silverhorn,,[]
321924,11,0,10690000,1,321902,0,Monster_Name_321906,Monster_Title_219000001,0,0,2,0,True,0,0,2,0,True,True,34,50,200,3000.0,[7002501],True,0,0,0,0,Lowed Sentinela,Gangue Silverhorn,,[]
321941,14,0,10690000,1,1,0,Monster_Name_308804,Monster_Title_88000001,0,0,2,0,True,0,0,2,0,False,False,34,50,200,3000.0,[7002501],False,0,1,0,0,Lowed Sentinela,Gangue Silverhorn,,[]
321942,11,0,10693000,1,1,0,Monster_Name_308805,Monster_Title_88000001,0,0,2,0,True,0,0,2,0,False,False,35,50,200,3000.0,"[7005404,7005405,7005406]",False,0,1,0,0,Lowed Super Soldado,Gangue Silverhorn,,[]
321943,11,0,10843000,1,1,0,Monster_Name_308806,Monster_Title_88000001,0,0,2,0,True,0,0,2,0,False,False,40,80,80,3000.0,[7018201],False,0,1,0,0,Lowed Mula Armada,Gangue Silverhorn,,[]
322001,30,0,17460000,1,1,0,Monster_Name_322001,Monster_Title_220000001,0,220000001,2,0,True,0,0,2,0,True,True,40,50,200,30000.0,[7003101],False,0,0,0,0,Oficial de Segurança,Guardas Akvaran,,[]
322002,30,0,17450000,1,1,0,Monster_Name_322002,Monster_Title_220000001,0,220000001,2,0,True,0,0,2,0,True,True,40,50,200,30000.0,[7003001],False,0,0,0,0,Oficial de Segurança,Guardas Akvaran,,[]
322101,15,0,30080000,0,1,10002,,,0,0,1,0,False,0,0,2,0,False,False,40,80,200,3000.0,[],False,0,0,0,0,,,,[]
322102,5,0,30080000,0,1,0,,,0,0,2,0,False,0,0,2,0,True,True,40,40,50,15000.0,[],False,0,0,0,0,,,,[]
322103,15,0,30080000,0,1,10002,,,0,0,1,0,False,0,0,2,0,False,False,40,80,200,3000.0,[],False,0,0,0,0,,,,[]
322104,15,0,30080000,0,1,10002,,,0,0,1,0,False,0,0,2,0,False,False,40,80,200,3000.0,[],False,0,0,0,0,,,,[]
322105,15,0,30080000,0,1,10002,,,0,0,1,0,False,0,0,2,0,False,False,40,80,200,3000.0,[],False,0,0,0,0,,,,[]
322106,15,0,30080000,0,1,10002,,,0,0,1,0,False,0,0,2,0,False,False,40,80,200,3000.0,[],False,0,0,0,0,,,,[]
322181,42,0,10841000,1,1,0,Monster_Name_322192,Monster_Title_221000092,0,221000092,2,0,False,0,0,2,1,True,True,40,50,50,15000.0,"[7018001,7018002]",False,0,0,0,0,Juiz Thermit,Sacerdócio da Purificação,,[]
322182,42,0,10840000,1,1,0,Monster_Name_322193,Monster_Title_221000092,0,221000092,2,0,False,0,0,2,1,True,True,40,50,50,15000.0,[7017901],False,0,0,0,0,Purificador Thermit,Sacerdócio da Purificação,,[]
322191,42,0,10740000,1,1,0,Monster_Name_322191,,0,0,2,0,True,0,0,2,0,True,True,40,50,200,3000.0,"[7010101,7010102,7010103,7010104,7010105,7010106]",False,0,0,0,0,Exílio na Floresta Infectada,,,[]
322192,42,0,10841000,1,1,0,Monster_Name_322192,Monster_Title_221000092,0,221000092,2,0,True,0,0,2,1,True,True,40,50,50,15000.0,"[7018001,7018002]",False,0,0,0,0,Juiz Thermit,Sacerdócio da Purificação,,[]
322193,42,0,10840000,1,1,0,Monster_Name_322193,Monster_Title_221000092,0,221000092,2,0,True,0,0,2,1,True,True,40,50,50,15000.0,[7017901],False,0,0,0,0,Purificador Thermit,Sacerdócio da Purificação,,[]
322194,42,0,10740000,1,1,0,Monster_Name_322191,,0,0,2,0,True,0,0,2,0,True,True,40,50,200,15000.0,"[7010101,7010102,7010103,7010104,7010105,7010106]",False,0,0,0,0,Exílio na Floresta Infectada,,,[]
322195,42,0,10841000,1,1,0,Monster_Name_322192,Monster_Title_221000092,0,221000092,2,0,False,0,0,2,1,True,True,40,50,50,15000.0,"[7018001,7018002]",False,0,0,0,0,Juiz Thermit,Sacerdócio da Purificação,,[]
322196,42,0,10840000,1,1,0,Monster_Name_322193,Monster_Title_221000092,0,221000092,2,0,True,0,0,2,1,True,True,40,50,50,15000.0,[7017901],False,0,0,0,0,Purificador Thermit,Sacerdócio da Purificação,,[]
322197,5,0,31011000,1,320702,0,,,0,0,2,0,True,0,0,2,0,True,True,40,90,200,3000.0,[],False,0,0,0,0,,,,[]
322198,42,0,10841000,1,1,0,Monster_Name_322192,Monster_Title_221000092,0,221000092,2,0,False,0,0,2,1,True,True,40,50,50,15000.0,"[7018001,7018002]",False,0,0,0,0,Juiz Thermit,Sacerdócio da Purificação,,[]
322199,42,0,10840000,1,1,0,Monster_Name_322193,Monster_Title_221000092,0,221000092,2,0,False,0,0,2,1,True,True,40,50,50,15000.0,[7017901],False,0,0,0,0,Purificador Thermit,Sacerdócio da Purificação,,[]
322201,9,0,10700004,9016,322201,0,Monster_Name_322201,Monster_Title_322201,0,0,2,103,False,0,2,2,1,True,True,40,200,360,3000.0,"[3501001,3501002,3501003]",False,0,0,0,0,Destinação,Chefe de Segurança do Posto Avançado,,[]
322202,10,0,10833000,1,322202,0,Monster_Name_322202,Monster_Title_222000001,0,222000001,2,0,False,0,0,2,1,True,True,40,60,60,3000.0,[7017701],False,0,0,0,0,Lowed Cirurgião Lydian,Gangue Silverhorn,,[]
322203,10,0,10834000,1,322202,0,Monster_Name_322203,Monster_Title_222000001,0,222000001,2,0,False,0,0,2,1,True,True,40,50,50,3000.0,"[7016301,7016302]",False,0,0,0,0,Lowed Médico Lydian,Gangue Silverhorn,,[]
322204,10,0,10842000,1,322202,0,Monster_Name_322204,Monster_Title_222000001,0,222000001,2,0,False,0,0,2,1,True,True,40,50,50,3000.0,[7018301],False,0,0,0,0,Lowed Pathfinder,Gangue Silverhorn,,[]
322205,15,0,10690008,1,322202,0,Monster_Name_322205,Monster_Title_222000002,0,222000002,2,0,False,0,0,2,1,True,True,34,50,200,3000.0,[7002501],False,0,0,0,0,Lowed Sentinela,Gangue Silverhorn,,[]
322206,13,0,10693006,1,322202,0,Monster_Name_322206,Monster_Title_222000002,0,222000002,2,0,False,0,0,2,1,True,True,35,50,200,3000.0,"[7005404,7005405,7005406]",False,0,0,0,0,Lowed Super Soldado,Gangue Silverhorn,,[]
322212,10,0,10833000,1,322202,0,Monster_Name_322202,Monster_Title_222000001,0,222000001,2,0,False,0,0,2,1,True,True,40,60,60,3000.0,[7017701],False,0,0,0,0,Lowed Cirurgião Lydian,Gangue Silverhorn,,[]
322213,10,0,10834000,1,322202,0,Monster_Name_322203,Monster_Title_222000001,0,222000001,2,0,False,0,0,2,1,True,True,40,50,50,3000.0,"[7016301,7016302]",False,0,0,0,0,Lowed Médico Lydian,Gangue Silverhorn,,[]
322216,13,0,10693010,1,322202,0,Monster_Name_322206,Monster_Title_222000002,0,222000002,2,0,False,0,0,2,1,True,True,35,50,200,3000.0,"[7005404,7005405,7005406]",False,0,0,0,0,Lowed Super Soldado,Gangue Silverhorn,,[]
322501,28,0,10825001,1,322601,0,Monster_Name_322501,Monster_Title_225000001,0,225000001,2,0,False,0,0,2,0,True,True,40,50,200,12000.0,"[7014501,7014502,7014503]",False,0,0,0,0,Assassino Soma de Mayazar,Guilda Caldar,,[]
322502,28,0,10826001,1,322602,0,Monster_Name_322502,Monster_Title_225000001,0,225000001,2,0,False,0,0,2,0,True,True,40,60,120,12000.0,"[7015901,7015902]",False,0,0,0,0,Cavaleiro Pesado Soma Mayazar,Guilda Caldar,,[]
322503,28,0,10827001,1,322603,0,Monster_Name_322503,Monster_Title_225000001,0,225000001,2,0,False,0,0,2,0,True,True,40,60,120,12000.0,"[7016001,7016002]",False,0,0,0,0,Mayazar Soma Shockmancer,Guilda Caldar,,[]
322601,16,0,10825001,1,322601,0,Monster_Name_322601,Monster_Title_226000001,0,226000001,2,0,False,0,0,2,1,True,True,40,50,200,12000.0,"[7014501,7014502,7014503]",False,0,0,0,0,Assassino Soma Mayazar,Guilda Caldar,,[]
322602,16,0,10826001,1,322602,0,Monster_Name_322602,Monster_Title_226000001,0,226000001,2,0,False,0,0,2,1,True,True,40,60,120,12000.0,"[7015901,7015902]",False,0,0,0,0,Cavaleiro Pesado Soma Mayazar,Guilda Caldar,,[]
322603,16,0,10827001,1,322603,0,Monster_Name_322603,Monster_Title_226000001,0,226000001,2,0,False,0,0,2,1,True,True,40,60,120,12000.0,"[7016001,7016002]",False,0,0,0,0,Mayazar Soma Shockmancer,Guilda Caldar,,[]
322604,16,0,10825001,1,322601,0,Monster_Name_322601,Monster_Title_226000001,0,226000001,2,0,False,0,0,2,1,True,True,40,50,200,12000.0,"[7014501,7014502,7014503]",False,0,0,0,0,Assassino Soma Mayazar,Guilda Caldar,,[]
322605,16,0,10826001,1,322602,0,Monster_Name_322602,Monster_Title_226000001,0,226000001,2,0,False,0,0,2,1,True,True,40,60,120,12000.0,"[7015901,7015902]",False,0,0,0,0,Cavaleiro Pesado Soma Mayazar,Guilda Caldar,,[]
322606,16,0,10827001,1,322603,0,Monster_Name_322603,Monster_Title_226000001,0,226000001,2,0,False,0,0,2,1,True,True,40,60,120,12000.0,"[7016001,7016002]",False,0,0,0,0,Mayazar Soma Shockmancer,Guilda Caldar,,[]
322611,16,0,10827001,1,322603,0,Monster_Name_322603,Monster_Title_226000001,0,226000001,2,0,False,0,0,2,1,True,True,40,60,120,12000.0,"[7016001,7016002]",False,0,0,0,0,Mayazar Soma Shockmancer,Guilda Caldar,,[]
322612,16,0,10827001,1,322603,0,Monster_Name_322603,Monster_Title_226000001,0,226000001,2,0,False,0,0,2,1,True,True,40,60,120,12000.0,"[7016001,7016002]",False,0,0,0,0,Mayazar Soma Shockmancer,Guilda Caldar,,[]
322613,16,0,10826001,1,322602,0,Monster_Name_322602,Monster_Title_226000001,0,226000001,2,0,False,0,0,2,1,True,True,40,60,120,12000.0,"[7015901,7015902]",False,0,0,0,0,Cavaleiro Pesado Soma Mayazar,Guilda Caldar,,[]
322614,16,0,10825001,1,322601,0,Monster_Name_322601,Monster_Title_226000001,0,226000001,2,0,False,0,0,2,1,True,True,40,50,200,12000.0,"[7014501,7014502,7014503]",False,0,0,0,0,Assassino Soma Mayazar,Guilda Caldar,,[]
322901,12,0,10825001,1,322601,0,Monster_Name_322901,Monster_Title_229000001,0,229000001,2,0,False,0,0,2,0,True,True,40,50,200,12000.0,"[7014501,7014502,7014503]",False,0,0,0,0,Lowed Soma Assassino,Guilda Sorkin,,[]
322902,12,0,10826001,1,322602,0,Monster_Name_322902,Monster_Title_229000001,0,229000001,2,0,False,0,0,2,0,True,True,40,60,120,12000.0,"[7015901,7015902]",False,0,0,0,0,Lowed Soma Cavaleiro Pesado,Guilda Sorkin,,[]
322903,12,0,10827001,1,322603,0,Monster_Name_322911,Monster_Title_229000001,0,229000001,2,0,False,0,0,2,0,True,True,40,60,120,12000.0,"[7016001,7016002]",False,0,0,0,0,Lowed Soma Shockmancer,Guilda Sorkin,,[]
322911,13,0,10827001,1,322601,0,Monster_Name_322911,Monster_Title_229000001,0,229000001,2,0,False,0,0,2,0,True,True,40,60,120,12000.0,"[7016001,7016002]",False,0,0,0,0,Lowed Soma Shockmancer,Guilda Sorkin,,[]
322912,13,0,10825001,1,322602,0,Monster_Name_322901,Monster_Title_229000001,0,229000001,2,0,False,0,0,2,0,True,True,40,50,200,12000.0,"[7014501,7014502,7014503]",False,0,0,0,0,Lowed Soma Assassino,Guilda Sorkin,,[]
322913,13,0,10826001,1,322603,0,Monster_Name_322902,Monster_Title_229000001,0,229000001,2,0,False,0,0,2,0,True,True,40,60,120,12000.0,"[7015901,7015902]",False,0,0,0,0,Lowed Soma Cavaleiro Pesado,Guilda Sorkin,,[]
322921,13,0,30080000,0,1,10002,,,0,0,1,0,True,0,0,2,0,False,False,40,80,200,3000.0,[],False,0,0,0,0,,,,[]
322922,13,0,30080000,0,1,10002,,,0,0,1,0,True,0,0,2,0,False,False,40,80,200,3000.0,[],False,0,0,0,0,,,,[]
323101,13,0,10817001,1,2,0,Monster_Name_323101,Monster_Title_323101,0,231000001,2,103,False,0,2,2,1,True,True,40,60,110,3000.0,"[7015201,7015202]",False,0,0,0,0,Zetachrome,Líder do Clã Gorgon,,[]
323102,14,0,10816001,1,323102,0,Monster_Name_323102,Monster_Title_231000001,0,231000001,2,0,False,0,0,2,1,True,True,40,50,110,3000.0,"[7015101,7015102]",False,0,0,0,0,Rastreador de Clops da Fronteira,Clã Gorgon,,[]
323103,14,0,10817002,1,323102,0,Monster_Name_323103,Monster_Title_231000001,0,231000001,2,0,False,0,0,2,1,True,True,40,60,130,3000.0,"[7015201,7015202]",False,0,0,0,0,Destruidor de Clops da Fronteira,Clã Gorgon,,[]
323104,14,0,10818002,1,323102,0,Monster_Name_323104,Monster_Title_231000001,0,231000001,2,0,False,0,0,2,1,True,True,40,50,110,3000.0,[7015001],False,0,0,0,0,Sniper Clops da Fronteira,Clã Gorgon,,[]
323105,14,0,10580001,1,323102,0,Monster_Name_323105,Monster_Title_231000002,0,231000001,2,0,False,0,0,2,1,True,True,40,50,200,3000.0,"[7007401,7007402]",False,0,0,0,0,Lutador de Facas Fora da Lei da Fronteira,Gangue Khalad,,[]
323111,14,0,10816001,1,323102,0,Monster_Name_323111,Monster_Title_231000001,0,231000001,2,0,False,0,0,2,1,True,True,40,50,110,3000.0,"[7015101,7015102]",False,0,0,0,0,Rastreador Frontier Clops,Clã Gorgon,,[]
323112,14,0,10817002,1,323102,0,Monster_Name_323112,Monster_Title_231000001,0,231000001,2,0,False,0,0,2,1,True,True,40,60,130,3000.0,"[7015201,7015202]",False,0,0,0,0,Destruidor Clops da Fronteira,Clã Gorgon,,[]
323113,14,0,10818002,1,323102,0,Monster_Name_323113,Monster_Title_231000001,0,231000001,2,0,False,0,0,2,1,True,True,40,50,110,3000.0,[7015001],False,0,0,0,0,Sniper Clops da Fronteira,Clã Gorgon,,[]
323114,14,0,10816001,1,323102,0,Monster_Name_323114,Monster_Title_231000001,0,231000001,2,0,False,0,0,2,1,True,True,40,50,110,3000.0,"[7015101,7015102]",False,0,0,0,0,Rastreador de Clops da Fronteira,Clã Gorgon,,[]
323201,16,0,10580010,1,2,0,Monster_Name_323201,Monster_Title_323201,0,232000001,2,103,False,0,2,2,0,True,True,40,50,200,3000.0,"[7007401,7007402,7007403]",False,0,0,0,0,Powell,Líder da Gangue Khalad,,[]
323202,13,0,10580000,1,323202,0,Monster_Name_323202,Monster_Title_232000001,0,232000001,2,0,False,0,0,2,1,True,True,40,50,200,3000.0,"[7007401,7007402]",False,0,0,0,0,Lutador de Facas Fora da Lei da Fronteira,Gangue Khalad,,[]
323203,13,0,10582000,1,323202,0,Monster_Name_323203,Monster_Title_232000001,0,232000001,2,0,False,0,0,2,1,True,True,40,50,200,3000.0,[7009701],False,0,0,0,0,Incendiário Fora da Lei da Fronteira,Gangue Khalad,,[]
323204,13,0,10585000,1,323202,0,Monster_Name_323204,Monster_Title_232000001,0,232000001,2,0,False,0,0,2,1,True,True,40,50,200,3000.0,"[7011101,7011102]",False,0,0,0,0,Choqueiro Fora-da-lei da Fronteira,Gangue Khalad,,[]
323205,13,0,10816000,1,323202,0,Monster_Name_323205,Monster_Title_232000002,0,232000001,2,0,False,0,0,2,0,True,True,40,50,110,3000.0,"[7015101,7015102]",False,0,0,0,0,Rastreador Clops da Fronteira,Clã Gorgon,,[]
323206,11,0,10580000,1,323202,0,Monster_Name_323202,Monster_Title_232000001,0,232000001,2,0,False,0,0,2,0,True,True,40,50,200,3000.0,"[7007401,7007402]",False,0,0,0,0,Lutador de Facas Fora da Lei da Fronteira,Gangue Khalad,,[]
323211,11,0,10580000,1,323202,0,Monster_Name_323211,Monster_Title_232000001,0,232000001,2,0,False,0,0,2,1,True,True,40,50,200,3000.0,"[7007401,7007402]",False,0,0,0,0,Lutador de Facas Fora da Lei da Fronteira,Gangue Khalad,,[]
323301,19,0,17190000,17190000,323301,0,Monster_Name_323301,Monster_Title_323301,0,233000003,2,103,False,0,2,2,1,True,True,40,40,110,3000.0,[7014001],False,0,0,0,0,Strus,Prisioneiro,,[]
323302,13,0,10816000,1,323302,0,Monster_Name_323302,Monster_Title_233000001,0,233000001,2,0,False,0,0,2,1,True,True,40,50,110,3000.0,"[7015101,7015102]",False,0,0,0,0,Rastreador de Clops da Fronteira,Clã Gorgon,,[]
323303,13,0,10817000,1,323302,0,Monster_Name_323303,Monster_Title_233000001,0,233000001,2,0,False,0,0,2,1,True,True,40,60,130,3000.0,"[7015201,7015202]",False,0,0,0,0,Destruidor de Clops da Fronteira,Clã Gorgon,,[]
323304,13,0,10818000,1,323302,0,Monster_Name_323304,Monster_Title_233000001,0,233000001,2,0,False,0,0,2,1,True,True,40,50,110,3000.0,[7015001],False,0,0,0,0,Sniper Clops da Fronteira,Clã Gorgon,,[]
323305,13,0,10580000,1,323302,0,Monster_Name_323305,Monster_Title_233000002,0,233000002,2,0,False,0,0,2,1,True,True,40,50,200,3000.0,"[7007401,7007402]",False,0,0,0,0,Lutador de Facas Fora da Lei da Fronteira,Gangue Khalad,,[]
323306,13,0,10582000,1,323302,0,Monster_Name_323306,Monster_Title_233000002,0,233000002,2,0,False,0,0,2,1,True,True,40,50,200,3000.0,[7009701],False,0,0,0,0,Incendiário Fora-da-Lei da Fronteira,Gangue Khalad,,[]
323307,13,0,10585000,1,323302,0,Monster_Name_323307,Monster_Title_233000002,0,233000002,2,0,False,0,0,2,1,True,True,40,50,200,3000.0,"[7011101,7011102]",False,0,0,0,0,Choqueiro Fora-da-Lei da Fronteira,Gangue Khalad,,[]
323308,13,0,10690008,1,323302,0,Monster_Name_323308,Monster_Title_233000003,0,233000003,2,0,False,0,0,2,1,True,True,34,50,200,3000.0,[7002501],False,0,0,0,0,Sentinela da Fronteira,Gangue Silverhorn,,[]
323309,13,0,10694003,1,323302,0,Monster_Name_323309,Monster_Title_233000003,0,233000003,2,0,False,0,0,2,1,True,True,40,50,200,3000.0,[7005301],False,0,0,0,0,Cavalaria Pesada da Fronteira,Gangue Silverhorn,,[]
323310,13,0,10693006,1,323302,0,Monster_Name_323310,Monster_Title_233000003,0,233000003,2,0,False,0,0,2,1,True,True,35,50,200,3000.0,"[7005404,7005405,7005406]",False,0,0,0,0,Combatente de Mecha da Fronteira,Gangue Silverhorn,,[]
323311,13,0,10831003,1,323302,0,Monster_Name_323311,Monster_Title_233000003,0,233000003,2,0,False,0,0,2,1,True,True,40,80,140,3000.0,"[7015801,7015802]",False,0,0,0,0,Junker da Fronteira,Gangue Silverhorn,,[]
323312,13,0,10842002,1,323302,0,Monster_Name_323312,Monster_Title_233000003,0,233000003,2,0,False,0,0,2,1,True,True,40,50,50,3000.0,[7018301],False,0,0,0,0,Explorador da Fronteira,Gangue Silverhorn,,[]
323321,13,0,10816000,1,323302,0,Monster_Name_323321,Monster_Title_233000001,0,233000001,2,0,False,0,0,2,1,True,True,40,50,110,3000.0,"[7015101,7015102]",False,0,0,0,0,Rastreador Frontier Clops,Clã Gorgon,,[]
323322,13,0,10817000,1,323302,0,Monster_Name_323322,Monster_Title_233000001,0,233000001,2,0,False,0,0,2,1,True,True,40,60,130,3000.0,"[7015201,7015202]",False,0,0,0,0,Destruidor Clops da Fronteira,Clã Gorgon,,[]
323323,13,0,10580000,1,323302,0,Monster_Name_323323,Monster_Title_233000002,0,233000002,2,0,False,0,0,2,1,True,True,40,50,200,3000.0,"[7007401,7007402]",False,0,0,0,0,Lutador de Facas Fora da Lei da Fronteira,Gangue Khalad,,[]
323324,13,0,10690008,1,323302,0,Monster_Name_323324,Monster_Title_233000003,0,233000003,2,0,False,0,0,2,1,True,True,34,50,200,3000.0,[7002501],False,0,0,0,0,Sentinela da Fronteira,Gangue Silverhorn,,[]
323325,11,0,10690008,1,323302,0,Monster_Name_323324,Monster_Title_233000003,0,233000003,2,0,False,0,0,2,1,True,True,34,50,200,3000.0,[7002501],False,0,0,0,0,Sentinela da Fronteira,Gangue Silverhorn,,[]
323326,11,0,10694003,1,323302,0,Monster_Name_323309,Monster_Title_233000003,0,233000003,2,0,False,0,0,2,1,True,True,40,50,200,3000.0,[7005301],False,0,0,0,0,Cavalaria Pesada da Fronteira,Gangue Silverhorn,,[]
323401,58,0,14000001,9016,999998,0,Monster_Name_323401,Monster_Title_234000001,0,234000001,2,0,True,0,0,2,0,True,True,95,190,360,10000.0,"[3501001,3501002,3501003]",False,0,0,0,0,Banshee MAU,MAU Roubado,,[]
323402,58,0,14010001,9017,999998,0,Monster_Name_323402,Monster_Title_234000001,0,234000001,2,0,True,0,0,2,0,True,True,95,190,360,10000.0,"[3502001,3502002,3502003]",False,0,0,0,0,Gryphon MAU,MAU Roubado,,[]
323403,58,0,14020001,9018,999998,0,Monster_Name_323403,Monster_Title_234000001,0,234000001,2,0,True,0,0,2,0,True,True,110,190,360,10000.0,[3503001],False,0,0,0,0,Argos MAU,MAU Roubado,,[]
323404,58,0,14030001,9019,999998,0,Monster_Name_323404,Monster_Title_234000001,0,234000001,2,0,True,0,0,2,0,True,True,110,200,460,10000.0,"[3504001,3504002,3504003]",False,0,0,0,0,Centurion MAU,MAU Roubado,,[]
323405,58,0,14040001,9020,999998,0,Monster_Name_323405,Monster_Title_234000001,0,234000001,2,0,True,0,0,2,0,True,True,110,200,460,10000.0,"[3505001,3505002,3505003]",False,0,0,0,0,Kronos MAU,MAU Roubado,,[]
323406,58,0,14050001,9021,999998,0,Monster_Name_323406,Monster_Title_234000001,0,234000001,2,0,True,0,0,2,0,True,True,130,200,460,10000.0,"[3506001,3506002]",False,0,0,0,0,Hellfire MAU,MAU Roubado,,[]
323407,58,0,14060001,9022,999998,0,Monster_Name_323407,Monster_Title_234000001,0,234000001,2,0,True,0,0,2,0,True,True,90,230,540,10000.0,"[3507001,3507002,3507003,3507004,3507005]",False,0,0,0,0,Stinger MAU,MAU Roubado,,[]
323408,58,0,14070001,9023,999998,0,Monster_Name_323408,Monster_Title_234000001,0,234000001,2,0,True,0,0,2,0,True,True,90,230,540,10000.0,"[3508001,3508002,3508003,3508004]",False,0,0,0,0,MAU Ares,MAU Roubado,,[]
323409,58,0,14080001,9024,999998,0,Monster_Name_323409,Monster_Title_234000001,0,234000001,2,0,True,0,0,2,0,True,True,150,230,540,10000.0,"[3509001,3509002,3509003,3509004,3509005]",False,0,0,0,0,Kraken MAU,MAU Roubado,,[]
323410,38,0,14090001,9025,999998,0,Monster_Name_323410,Monster_Title_234000001,0,234000001,2,103,True,0,2,2,0,True,True,150,230,540,10000.0,"[3510001,3510002,3510003]",False,0,0,0,0,MAU Thor,MAU Roubado,,[]
323411,53,0,10690001,1,1,0,Monster_Name_323411,Monster_Title_234000002,0,234000002,2,0,True,0,0,2,0,True,True,34,50,200,30000.0,[7002501],False,0,0,0,0,Emboscador,Mercenário Axiv,,[]
323412,53,0,10692001,1,1,0,Monster_Name_323412,Monster_Title_234000002,0,234000002,2,0,True,0,0,2,0,True,True,40,50,200,30000.0,[7005401],False,0,0,0,0,Invasor,Mercenário Axiv,,[]
323413,53,0,10693000,1,1,0,Monster_Name_323413,Monster_Title_234000002,0,234000002,2,0,True,0,0,2,0,True,True,35,60,200,30000.0,"[7005404,7005405,7005406]",False,0,0,0,0,Infantaria,Mercenário Axiv,,[]
323414,53,0,10694001,1,1,0,Monster_Name_323414,Monster_Title_234000002,0,234000002,2,0,True,0,0,2,0,True,True,40,50,200,30000.0,[7005301],False,0,0,0,0,Guarda Armada,Mercenário Axiv,,[]
323415,53,0,10690001,1,1,0,Monster_Name_323415,Monster_Title_234000002,0,234000002,2,0,True,0,0,2,0,True,True,34,50,200,30000.0,[7002501],False,0,0,0,0,Piloto MAU,Mercenário Axiv,,[]
323416,53,0,10690001,1,1,0,Monster_Name_323416,Monster_Title_234000002,0,234000002,2,0,True,0,0,2,0,True,True,34,50,200,30000.0,[7002501],False,0,0,0,0,Piloto MAU,Mercenário Axiv,,[]
323417,53,0,10690000,1,1,0,Monster_Name_323417,Monster_Title_234000002,0,234000002,2,0,True,0,0,2,0,True,True,34,50,200,30000.0,[7002501],False,0,0,0,0,Kargan,Mercenário Axiv,,[]
323418,53,0,10690001,1,1,0,Monster_Name_323411,Monster_Title_234000002,0,234000002,2,0,True,0,0,2,0,True,True,34,50,200,30000.0,[7002501],False,0,0,0,0,Emboscador,Mercenário Axiv,,[]
323419,53,0,10692001,1,1,0,Monster_Name_323412,Monster_Title_234000002,0,234000002,2,0,True,0,0,2,0,True,True,40,50,200,30000.0,[7005401],False,0,0,0,0,Invasor,Mercenário Axiv,,[]
323420,53,0,10693000,1,1,0,Monster_Name_323413,Monster_Title_234000002,0,234000002,2,0,True,0,0,2,0,True,True,35,60,200,30000.0,"[7005404,7005405,7005406]",False,0,0,0,0,Infantaria,Mercenário Axiv,,[]
323421,53,0,10694001,1,1,0,Monster_Name_323414,Monster_Title_234000002,0,234000002,2,0,True,0,0,2,0,True,True,40,50,200,30000.0,[7005301],False,0,0,0,0,Guarda Armada,Mercenário Axiv,,[]
323422,53,0,10694001,1,1,0,Monster_Name_323414,Monster_Title_234000002,0,234000002,2,0,True,0,0,2,0,True,True,40,50,200,30000.0,[7005301],False,0,0,0,0,Guarda Armada,Mercenário Axiv,,[]
323423,53,0,10694001,1,1,0,Monster_Name_323414,Monster_Title_234000002,0,234000002,2,0,True,0,0,2,0,True,True,40,50,200,30000.0,[7005301],False,0,0,0,0,Guarda Armada,Mercenário Axiv,,[]
323424,53,0,10694001,1,1,0,Monster_Name_323414,Monster_Title_234000002,0,234000002,2,0,True,0,0,2,0,True,True,40,50,200,30000.0,[7005301],False,0,0,0,0,Guarda Armada,Mercenário Axiv,,[]
323501,60,0,10684000,1,323501,0,Monster_Name_323501,Monster_Title_235000001,0,235000001,2,0,False,0,0,2,1,True,True,40,50,200,30000.0,"[7010501,7010502]",False,0,0,0,0,Ramon Gladiador,Mercenários Karon,,[]
323502,60,0,10683000,1,323502,0,Monster_Name_323502,Monster_Title_235000001,0,235000001,2,0,False,0,0,2,1,True,True,40,50,200,30000.0,"[7010901,7010902]",False,0,0,0,0,Assassino Ramon,Mercenários Karon,,[]
323503,56,0,10680002,323503,323503,0,Monster_Name_323503,Monster_Title_235000001,0,0,2,0,False,0,0,2,1,True,True,40,70,200,30000.0,[7010809],True,0,0,0,0,Executor Irontron,Mercenários Karon,,[]
323701,13,0,10815001,1,2,0,Monster_Name_323701,Monster_Title_323701,0,237000001,2,103,False,0,2,2,0,True,True,40,50,100,3000.0,[7015401],False,0,0,0,0,Kokorung,Líder dos Saqueadores de Orelhas Pontudas,,[]
323702,10,0,10813001,1,323702,0,Monster_Name_323702,Monster_Title_237000001,0,237000001,2,0,False,0,0,2,0,True,True,40,50,80,3000.0,"[7014901,7014902]",False,0,0,0,0,Lowed Rastreador Ferinky,Pilhadores de Orelhas Pontudas,,[]
323703,10,0,10814001,1,323702,0,Monster_Name_323703,Monster_Title_237000001,0,237000001,2,0,False,0,0,2,0,True,True,40,50,80,3000.0,[7015501],False,0,0,0,0,Lowed Ferinky Sniper,Pilhadores de Orelhas Pontudas,,[]
323704,10,0,10815002,1,323702,0,Monster_Name_323704,Monster_Title_237000001,0,237000001,2,0,False,0,0,2,0,True,True,40,50,100,3000.0,[7015401],False,0,0,0,0,Lowed Ferinky Lutador,Pilhadores de Orelhas Pontudas,,[]
323711,14,0,10813001,1,323702,0,Monster_Name_323711,Monster_Title_237000001,0,0,2,0,False,0,0,2,0,False,False,40,50,80,3000.0,"[7014901,7014902]",False,0,0,0,0,Lowed Rastreador Ferinky,Pilhadores de Orelhas Pontudas,,[]
323712,10,0,10814001,1,323702,0,Monster_Name_323712,Monster_Title_237000001,0,237000001,2,0,False,0,0,2,0,True,True,40,50,80,3000.0,[7015501],False,0,0,0,0,Lowed Sniper Ferinky,Pilhadores de Orelhas Pontudas,,[]
323713,10,0,10815002,1,323702,0,Monster_Name_323713,Monster_Title_237000001,0,237000001,2,0,False,0,0,2,0,True,True,40,50,100,3000.0,[7015401],False,0,0,0,0,Lowed Ferinky Lutador,Pilhadores de Orelhas Pontudas,,[]
323801,25,0,10550003,1,323801,0,Monster_Name_323801,Monster_Title_23800001,0,23800001,2,0,False,0,0,2,1,True,True,40,60,200,30000.0,"[7006201,7006202]",False,0,0,0,0,Guerreiro Crawler,Pilhadores Vermelhos,,[]
323802,25,0,10551000,1,323802,0,Monster_Name_323802,Monster_Title_23800001,0,23800001,2,0,False,0,0,2,1,True,True,40,60,200,30000.0,[7006301],False,0,0,0,0,Sentinela Crawler,Pilhadores Vermelhos,,[]
323803,25,0,10550003,1,323803,0,Monster_Name_323803,Monster_Title_23800001,0,23800001,2,0,False,0,0,2,1,True,True,40,60,200,30000.0,"[7006201,7006202]",False,0,0,0,0,Guerreiro Crawler,Pilhadores Vermelhos,,[]
323804,25,0,10551000,1,323804,0,Monster_Name_323804,Monster_Title_23800001,0,23800001,2,0,False,0,0,2,1,True,True,40,60,200,30000.0,[7006301],False,0,0,0,0,Sentinela Crawler,Pilhadores Vermelhos,,[]
323805,26,0,10550010,1,2,0,Monster_Name_323805,Monster_Title_323805,0,0,2,103,False,0,2,2,1,True,True,40,60,200,30000.0,"[7006201,7006202,7006203,7006204,7006205]",True,0,0,0,0,Czar,Líder dos Saqueadores Vermelhos,,[]
323901,55,0,10690001,1,1,0,Monster_Name_323901,Monster_Title_239000001,0,239000001,2,0,True,0,0,2,0,True,True,34,50,200,30000.0,[7002501],False,0,0,0,0,Emboscador,Mercenário Axiv,,[]
323902,55,0,10692001,1,1,0,Monster_Name_323902,Monster_Title_239000001,0,239000001,2,0,True,0,0,2,0,True,True,40,50,200,30000.0,[7005401],False,0,0,0,0,Invasor,Mercenário Axiv,,[]
323903,55,0,18770000,1,1,0,Monster_Name_323903,Monster_Title_239000001,0,239000001,2,0,True,0,0,2,0,True,True,40,60,200,30000.0,"[7013401,7013402]",False,0,0,0,0,Infantaria,Mercenário Axiv,,[]
323904,55,0,10694001,1,1,0,Monster_Name_323904,Monster_Title_239000001,0,239000001,2,0,True,0,0,2,0,True,True,40,50,200,30000.0,[7005301],False,0,0,0,0,Cavalaria Pesada,Mercenário Axiv,,[]
323905,55,0,18680001,283,1,0,Monster_Name_323905,Monster_Title_239000002,0,239000002,2,0,True,0,0,2,0,True,True,40,100,200,3000.0,"[7012601,7012602]",False,0,0,0,0,Fanático,Força-Tarefa Especial de Inteligência Cora,,[]
323906,55,0,18690001,284,1,0,Monster_Name_323906,Monster_Title_239000002,0,239000002,2,0,True,0,0,2,0,True,True,40,100,200,30000.0,"[7012701,7012702]",False,0,0,0,0,Arquivista,Força-Tarefa Especial de Inteligência Cora,,[]
323907,55,0,18700001,285,1,0,Monster_Name_323907,Monster_Title_239000002,0,239000002,2,0,True,0,0,2,0,True,True,40,100,200,3000.0,[7013001],False,0,0,0,0,Sacerdote de Batalha,Força-Tarefa Especial de Inteligência Cora,,[]
323908,55,0,18710001,286,1,0,Monster_Name_323908,Monster_Title_239000002,0,239000002,2,0,True,0,0,2,0,True,True,40,100,200,3000.0,"[7012901,7012902]",False,0,0,0,0,Executor,Força-Tarefa Especial de Inteligência Cora,,[]
323909,55,0,18720001,287,1,0,Monster_Name_323909,Monster_Title_239000002,0,239000002,2,0,True,0,0,2,0,True,True,40,100,200,3000.0,"[7012801,7012802]",False,0,0,0,0,Seminarista,Força-Tarefa Especial de Inteligência Cora,,[]
323910,55,0,18610001,1,1,0,Monster_Name_323910,Monster_Title_239000002,0,239000002,2,0,True,0,0,2,0,True,True,40,100,200,3000.0,[7011401],False,0,0,0,0,Lanceiro,Força-Tarefa Especial de Inteligência Cora,,[]
323911,42,0,18650001,18650001,2,0,Monster_Name_323911,Monster_Title_323911,0,239000002,2,103,True,0,2,2,0,True,True,40,100,200,10000.0,"[7011701,7011702]",False,0,0,0,0,Brego,Líder da Força-Tarefa Especial de Inteligência Cora,,[]
323912,55,0,10690001,1,1,0,Monster_Name_323901,Monster_Title_239000001,0,239000001,2,0,True,0,0,2,0,True,True,34,50,200,30000.0,[7002501],False,0,0,0,0,Emboscador,Mercenário Axiv,,[]
323913,55,0,10690001,1,1,0,Monster_Name_323901,Monster_Title_239000001,0,239000001,2,0,True,0,0,2,0,True,True,34,50,200,30000.0,[7002501],False,0,0,0,0,Emboscador,Mercenário Axiv,,[]
323914,55,0,10690001,1,1,0,Monster_Name_323901,Monster_Title_239000001,0,239000001,2,0,True,0,0,2,0,True,True,34,50,200,30000.0,[7002501],False,0,0,0,0,Emboscador,Mercenário Axiv,,[]
323915,55,0,10690001,1,1,0,Monster_Name_323901,Monster_Title_239000001,0,239000001,2,0,True,0,0,2,0,True,True,34,50,200,30000.0,[7002501],False,0,0,0,0,Emboscador,Mercenário Axiv,,[]
324101,30,0,10660002,80,2,0,Monster_Name_324101,Monster_Title_241000001,0,0,2,103,False,0,2,2,1,True,True,40,80,200,30000.0,"[7006801,7006802,7006803]",False,0,0,0,0,Mutante Repugnante,Depósito de Minerais Infectado,,[]
324102,28,0,10650000,1,1,0,Monster_Name_324102,Monster_Title_241000001,0,241000001,2,0,False,0,0,2,0,True,True,40,50,200,30000.0,"[7008101,7008102,7008103]",False,0,0,0,0,Soldado Infectado,Depósito de Minerais Infectado,,[]
324103,28,0,10670000,1,1,0,Monster_Name_324103,Monster_Title_241000001,0,241000001,2,0,False,0,0,2,0,True,True,40,60,200,30000.0,"[7010201,7010202,7010203]",False,0,0,0,0,Infectado Fugitivo,Depósito de Minerais Infectado,,[]
324201,40,0,10280004,1,2,0,Monster_Name_324201,,0,0,2,103,False,0,2,2,0,True,True,40,110,200,30000.0,"[7008501,7008502]",False,0,0,0,0,Alpha Mortum Gafftail,,,[]
324202,48,0,10280001,1,1,0,Monster_Name_324202,,0,0,2,0,False,0,0,2,0,True,True,40,110,200,30000.0,"[7008501,7008502]",False,0,0,0,0,Mortum Gafftail,,,[]
324203,48,0,10400000,1,1,0,Monster_Name_324203,,0,0,2,0,False,0,0,2,0,True,True,40,80,200,30000.0,"[7009301,7009302]",False,0,0,0,0,Mortum Anabola,,,[]
324299,39,0,30080000,0,1,10002,,,0,0,1,0,True,0,0,2,0,False,False,40,50,200,3000.0,[],False,0,0,0,0,,,,[]
324301,48,0,10813000,1,1,0,Monster_Name_324301,Monster_Title_243000001,0,243000001,2,0,False,0,0,2,0,True,True,40,80,200,30000.0,"[7014901,7014902]",False,0,0,0,0,Rastreador Mortum Ferinky,Ladrões de Relíquias,,[]
324302,48,0,10814000,1,1,0,Monster_Name_324302,Monster_Title_243000001,0,243000001,2,0,False,0,0,2,0,True,True,40,80,200,30000.0,[7015501],False,0,0,0,0,Sniper Mortum Ferinky,Ladrões de Relíquias,,[]
324303,48,0,10815000,1,1,0,Monster_Name_324303,Monster_Title_243000001,0,243000001,2,0,False,0,0,2,0,True,True,40,80,200,30000.0,[7015401],False,0,0,0,0,Choqueiro Mortum Ferinky,Ladrões de Relíquias,,[]
324399,39,0,30080000,0,1,10002,,,0,0,1,0,True,0,0,2,0,False,False,40,50,200,3000.0,[],False,0,0,0,0,,,,[]
324501,32,0,16210000,197,2,0,Monster_Name_324501,Monster_Title_324501,0,0,2,103,False,0,2,2,1,True,True,40,100,200,30000.0,[7101701],False,0,0,0,0,Infectado Mutante,Infectado Herodian,,[]
324502,30,0,10640000,1,1,0,Monster_Name_324502,Monster_Title_245000001,0,245000001,2,0,False,0,0,2,0,True,True,40,50,200,30000.0,"[7008001,7008002]",False,0,0,0,0,Civil Infectado,Infectado Herodian,,[]
324503,30,0,10650000,1,1,0,Monster_Name_324503,Monster_Title_245000001,0,245000001,2,0,False,0,0,2,0,True,True,40,50,200,30000.0,"[7008101,7008102,7008103]",False,0,0,0,0,Soldado Infectado,Infectado Herodian,,[]
324504,30,0,10630000,1,1,0,Monster_Name_324504,Monster_Title_245000001,0,245000001,2,0,False,0,0,2,0,True,True,40,50,200,30000.0,"[7006701,7006702,7006703]",False,0,0,0,0,Mercenário Infectado,Infectado Herodian,,[]
324601,55,0,18680001,283,1,0,Monster_Name_324601,Monster_Title_246000001,0,246000001,2,0,True,0,0,2,1,True,True,40,100,200,30000.0,"[7012601,7012602]",False,0,0,0,0,Numerus Zelote,Herege da Mão Negra,,[]
324602,55,0,18700001,285,1,0,Monster_Name_324602,Monster_Title_246000001,0,246000001,2,0,True,0,0,2,1,True,True,40,100,200,30000.0,[7013001],False,0,0,0,0,Numerus Sacerdote de Batalha,Herege da Mão Negra,,[]
324603,55,0,18710001,286,1,0,Monster_Name_324603,Monster_Title_246000001,0,246000001,2,0,True,0,0,2,1,True,True,40,100,200,30000.0,"[7012901,7012902]",False,0,0,0,0,Juiz Numerus,Herege da Mão Negra,,[]
324604,55,0,18610001,1,1,0,Monster_Name_324604,Monster_Title_246000001,0,246000001,2,0,True,0,0,2,1,True,True,40,50,200,30000.0,[7011401],False,0,0,0,0,Numerus Lanceiro,Herege da Mão Negra,,[]
324605,55,0,18620001,1,1,0,Monster_Name_324605,Monster_Title_246000001,0,246000001,2,0,True,0,0,2,1,True,True,40,50,200,30000.0,[7011501],False,0,0,0,0,Arqueiro Numerus,Herege da Mão Negra,,[]
324606,55,0,18680001,283,1,0,Monster_Name_324606,Monster_Title_246000001,0,246000001,2,0,True,0,0,2,1,True,True,40,100,200,30000.0,"[7012601,7012602]",False,0,0,0,0,Numerus Zelote,Herege da Mão Negra,,[]
324607,55,0,18700001,285,1,0,Monster_Name_324607,Monster_Title_246000001,0,246000001,2,0,True,0,0,2,1,True,True,40,100,200,30000.0,[7013001],False,0,0,0,0,Numerus Sacerdote de Batalha,Herege da Mão Negra,,[]
324608,55,0,18710001,286,1,0,Monster_Name_324608,Monster_Title_246000001,0,246000001,2,0,True,0,0,2,1,True,True,40,100,200,30000.0,"[7012901,7012902]",False,0,0,0,0,Juiz Numerus,Herege da Mão Negra,,[]
324609,55,0,18610001,1,1,0,Monster_Name_324609,Monster_Title_246000001,0,246000001,2,0,True,0,0,2,1,True,True,40,50,200,30000.0,[7011401],False,0,0,0,0,Numerus Lançador de Lanças,Herege da Mão Negra,,[]
324610,55,0,18620001,1,1,0,Monster_Name_324610,Monster_Title_246000001,0,246000001,2,0,True,0,0,2,1,True,True,40,50,200,30000.0,[7011501],False,0,0,0,0,Arqueiro Numerus,Herege da Mão Negra,,[]
324621,55,0,18680001,283,1,0,Monster_Name_324621,Monster_Title_246000002,0,246000002,2,0,True,0,0,2,1,True,True,40,100,200,3000.0,"[7012601,7012602]",False,0,1,0,0,Numerus Zelote,Herege da Mão Negra,,[]
324622,55,0,18700001,285,1,0,Monster_Name_324622,Monster_Title_246000002,0,246000002,2,0,True,0,0,2,1,True,True,40,100,200,3000.0,[7013001],False,0,1,0,0,Numerus Sacerdote de Batalha,Herege da Mão Negra,,[]
324901,30,0,10813000,1,1,0,Monster_Name_324901,Monster_Title_249000001,0,249000001,2,0,True,0,0,2,0,True,True,40,50,80,30000.0,"[7014901,7014902]",False,0,0,0,0,Rastreador Vulcan Ferinky,Gangue Redstone,,[]
324902,30,0,10813000,1,1,0,Monster_Name_324902,Monster_Title_249000001,0,249000001,2,0,True,0,0,2,0,True,True,40,50,80,30000.0,"[7014901,7014902]",False,0,0,0,0,Rastreador Vulcan Ferinky,Gangue Redstone,,[]
324903,30,0,10814000,1,1,0,Monster_Name_324903,Monster_Title_249000001,0,249000001,2,0,True,0,0,2,0,True,True,40,50,80,30000.0,[7015501],False,0,0,0,0,Sentinela Vulcan Ferinky,Gangue Redstone,,[]
324904,30,0,10814000,1,1,0,Monster_Name_324904,Monster_Title_249000001,0,249000001,2,0,True,0,0,2,0,True,True,40,50,80,30000.0,[7015501],False,0,0,0,0,Sentinela Vulcan Ferinky,Gangue Redstone,,[]
324905,30,0,10815000,1,1,0,Monster_Name_324905,Monster_Title_249000001,0,249000001,2,0,True,0,0,2,0,True,True,40,50,100,30000.0,[7015401],False,0,0,0,0,Vulcan Ferinky Raider,Gangue Redstone,,[]
324906,36,0,10815000,1,1,0,Monster_Name_324906,Monster_Title_249000001,0,249000001,2,0,True,0,0,2,0,True,True,40,50,100,30000.0,[7015401],False,0,0,0,0,Vulcan Ferinky Raider,Gangue Redstone,,[]
324907,30,0,10690000,1,1,0,Monster_Name_324907,Monster_Title_249000002,0,249000002,2,0,True,0,0,2,0,True,True,34,50,200,30000.0,[7002501],False,0,0,0,0,Sentinela Vulcan Helas,Gangue do Vulcão,,[]
324908,36,0,10690000,1,1,0,Monster_Name_324908,Monster_Title_249000002,0,249000002,2,0,True,0,0,2,0,True,True,34,50,200,30000.0,[7002501],False,0,0,0,0,Sentinela Vulcan Helas,Gangue do Vulcão,,[]
324909,30,0,10693000,1,1,0,Monster_Name_324909,Monster_Title_249000002,0,249000002,2,0,True,0,0,2,0,True,True,35,50,200,30000.0,"[7005404,7005405,7005406]",False,0,0,0,0,Combatente Mech Vulcan Helas,Gangue do Vulcão,,[]
324910,30,0,10693000,1,1,0,Monster_Name_324910,Monster_Title_249000002,0,249000002,2,0,True,0,0,2,0,True,True,35,50,200,30000.0,"[7005404,7005405,7005406]",False,0,0,0,0,Combatente Mech Vulcan Helas,Gangue do Vulcão,,[]
324911,30,0,10695000,1,1,0,Monster_Name_324911,Monster_Title_249000002,0,249000002,2,0,True,0,0,2,0,True,True,40,50,200,30000.0,[7002401],False,0,0,0,0,Cavalaria Pesada Vulcan Helas,Gangue do Vulcão,,[]
324912,30,0,10695000,1,1,0,Monster_Name_324912,Monster_Title_249000002,0,249000002,2,0,True,0,0,2,0,True,True,40,50,200,30000.0,[7002401],False,0,0,0,0,Cavalaria Pesada Vulcan Helas,Gangue do Vulcão,,[]
324913,32,0,10693017,1,1,0,Monster_Name_324913,Monster_Title_324913,0,0,2,103,True,0,2,2,0,True,True,35,50,200,30000.0,"[7005404,7005405,7005406]",False,0,0,0,0,Graham,Líder de Gangue,,[]
327101,70,0,10690000,1,1,0,Monster_Name_327101,Monster_Title_271000001,0,271000001,2,0,False,0,0,2,1,True,True,34,50,200,30000.0,[7002501],False,0,0,0,0,Sentinela Implantada,Agente de Inteligência Bellato,,[]
327102,70,0,18690006,1,1,0,Monster_Name_327102,Monster_Title_271000002,0,271000002,2,0,False,0,0,2,1,True,True,40,100,200,30000.0,"[7012701,7012702]",False,0,0,0,0,Arquivista da Divisão de Guerra Santa,Agente de Inteligência Cora,,[]
327103,70,0,18620002,1,1,0,Monster_Name_327103,Monster_Title_271000003,0,271000003,2,0,False,0,0,2,1,True,True,40,50,200,30000.0,[7011501],False,0,0,0,0,Arqueiro Cavaleiro,Soldado de Backup Cora,,[]
327104,70,0,18650000,243,1,0,Monster_Name_327104,Monster_Title_271000003,0,271000003,2,0,False,0,0,2,1,True,True,40,100,200,30000.0,"[7011701,7011702]",False,0,0,0,0,Capitão da Unidade de Cavaleiros,Soldado de Backup Cora,,[]
327105,70,0,18630000,1,1,0,Monster_Name_327105,Monster_Title_271000003,0,271000003,2,0,False,0,0,2,1,True,True,40,50,200,30000.0,[7011601],False,0,0,0,0,Cavaleiro Carcereiro,Soldado de Backup Cora,,[]
327106,70,0,17430010,317,327106,0,Monster_Name_327106,Monster_Title_271000004,0,271000004,2,0,False,0,0,2,1,True,True,40,100,310,30000.0,"[7013901,7013902]",False,0,0,0,0,Choque Imperial,Tropa Privada de Marius,,[]
327107,70,0,17450001,1,327106,0,Monster_Name_327107,Monster_Title_271000004,0,271000004,2,0,False,0,0,2,1,True,True,40,50,200,30000.0,[7003001],False,0,0,0,0,Soldado de Escudo Imperial,Tropa Privada de Marius,,[]
327108,70,0,17460001,1,327106,0,Monster_Name_327108,Monster_Title_271000004,0,271000004,2,0,False,0,0,2,1,True,True,40,100,200,30000.0,[7003101],False,0,0,0,0,Sentinela Imperial,Tropa Privada de Marius,,[]
327109,70,0,10690000,1,1,0,Monster_Name_327101,Monster_Title_271000001,0,271000001,2,0,False,0,0,2,1,True,True,40,50,200,30000.0,[7002501],False,0,0,0,0,Sentinela Implantada,Agente de Inteligência Bellato,,[]
327110,70,0,10690000,1,1,0,Monster_Name_327101,Monster_Title_271000001,0,271000001,2,0,False,0,0,2,1,True,True,40,50,200,30000.0,[7002501],False,0,0,0,0,Sentinela Implantada,Agente de Inteligência Bellato,,[]
327111,70,0,18690006,1,1,0,Monster_Name_327102,Monster_Title_271000002,0,271000002,2,0,False,0,0,2,1,True,True,40,100,200,30000.0,"[7012701,7012702]",False,0,0,0,0,Arquivista da Divisão de Guerra Santa,Agente de Inteligência Cora,,[]
327112,70,0,18690006,1,1,0,Monster_Name_327102,Monster_Title_271000002,0,271000002,2,0,False,0,0,2,1,True,True,40,100,200,30000.0,"[7012701,7012702]",False,0,0,0,0,Arquivista da Divisão de Guerra Santa,Agente de Inteligência Cora,,[]
327113,70,0,18690006,1,1,0,Monster_Name_327102,Monster_Title_271000002,0,271000002,2,0,False,0,0,2,1,True,True,40,100,200,30000.0,"[7012701,7012702]",False,0,0,0,0,Arquivista da Divisão de Guerra Santa,Agente de Inteligência Cora,,[]
327114,70,0,17430003,317,1,0,Monster_Name_327106,Monster_Title_271000004,0,271000004,2,0,False,0,0,2,1,True,True,40,100,310,30000.0,"[7013901,7013902]",False,0,0,0,0,Choque Imperial,Tropa Privada de Marius,,[]
327115,70,0,17450000,1,1,0,Monster_Name_327107,Monster_Title_271000004,0,271000004,2,0,False,0,0,2,1,True,True,40,50,200,30000.0,[7003001],False,0,0,0,0,Soldado de Escudo Imperial,Tropa Privada de Marius,,[]
327116,70,0,17460000,1,1,0,Monster_Name_327108,Monster_Title_271000004,0,271000004,2,0,False,0,0,2,1,True,True,40,100,200,30000.0,[7003101],False,0,0,0,0,Sentinela Imperial,Tropa Privada de Marius,,[]
327201,70,0,17430010,317,301505,0,Monster_Name_327201,Monster_Title_272000001,0,272000001,2,0,False,0,0,2,0,True,True,40,100,310,30000.0,"[7013901,7013902]",True,0,0,0,0,Guarda,Accretia Imperial,,[]
327202,70,0,17450000,1,1,0,Monster_Name_327202,Monster_Title_272000001,0,272000001,2,0,False,0,0,2,0,True,True,40,100,200,30000.0,[7003001],True,0,0,0,0,Soldado,Accretia Imperial,,[]
327203,70,0,18780000,1,1,0,Monster_Name_327203,Monster_Title_272000001,0,272000001,2,0,False,0,0,2,0,True,True,40,60,200,30000.0,"[7013501,7013502]",True,0,0,0,0,Recon,Accretia Imperial,,[]
327204,70,0,17450000,1,1,0,Monster_Name_327204,Monster_Title_272000001,0,272000001,2,0,False,0,0,2,1,True,True,40,100,200,30000.0,[7003001],True,0,0,0,0,Soldado,Accretia Imperial,,[]
327205,70,0,18800000,1,1,0,Monster_Name_327205,Monster_Title_272000001,0,272000001,2,0,False,0,0,2,1,True,True,40,60,200,30000.0,"[7013701,7013702,7013703]",True,0,0,0,0,Vanguarda,Accretia Imperial,,[]
327206,70,0,17430010,317,301505,0,Monster_Name_327206,Monster_Title_272000001,0,272000001,2,0,False,0,0,2,1,True,True,40,100,310,30000.0,"[7013901,7013902]",True,0,0,0,0,Guarda,Accretia Imperial,,[]
327207,70,0,18780000,1,1,0,Monster_Name_327207,Monster_Title_272000001,0,272000001,2,0,False,0,0,2,1,True,True,40,60,200,30000.0,"[7013501,7013502]",True,0,0,0,0,Recon,Accretia Imperial,,[]
327208,70,0,18790000,1,1,0,Monster_Name_327208,Monster_Title_272000001,0,272000001,2,0,False,0,0,2,1,True,True,40,60,200,30000.0,"[7013601,7013602]",True,0,0,0,0,Striker,Accretia Imperial,,[]
327301,74,0,17740011,1,1,0,Monster_Name_327301,Monster_Title_273000001,0,273000001,2,103,False,0,2,2,1,True,True,40,150,80,30000.0,"[7104101,7104102]",False,0,0,0,0,Oficial,Guarda Accretia,,[]
327302,70,0,18800000,1,1,0,Monster_Name_327302,Monster_Title_273000001,0,273000001,2,0,False,0,0,2,1,True,True,40,60,80,30000.0,"[7013701,7013702,7013703]",False,0,0,0,0,Vanguarda,Guarda Accretia,,[]
327303,70,0,18780000,1,1,0,Monster_Name_327303,Monster_Title_273000001,0,273000001,2,0,False,0,0,2,1,True,True,40,60,80,30000.0,"[7013501,7013502]",False,0,0,0,0,Recon,Guarda Accretia,,[]
327304,70,0,18790000,1,1,0,Monster_Name_327304,Monster_Title_273000001,0,273000001,2,0,False,0,0,2,1,True,True,40,60,80,30000.0,"[7013601,7013602]",False,0,0,0,0,Striker,Guarda Accretia,,[]
327305,55,0,17430000,1,1,0,Monster_Name_327305,Monster_Title_273000002,0,273000002,2,0,False,0,0,2,1,True,True,40,100,80,30000.0,"[7013901,7013902]",False,0,0,0,0,Invasor,Rastreador Accretia,,[]
327306,55,0,17440000,1,1,0,Monster_Name_327306,Monster_Title_273000002,0,273000002,2,0,False,0,0,2,1,True,True,40,100,80,30000.0,"[7014601,7014602]",False,0,0,0,0,Infantaria de Elite,Rastreador Accretia,,[]
327307,70,0,17450000,1,1,0,Monster_Name_327307,Monster_Title_273000002,0,273000002,2,0,False,0,0,2,1,True,True,40,50,80,30000.0,[7003001],False,0,0,0,0,Guerreiro Mech,Rastreador Accretia,,[]
327308,70,0,17460000,1,1,0,Monster_Name_327308,Monster_Title_273000002,0,273000002,2,0,False,0,0,2,1,True,True,40,50,80,30000.0,[7003101],False,0,0,0,0,Artilheiro Mecânico,Rastreador Accretia,,[]
327309,70,0,10490000,1,1,0,Monster_Name_327309,Monster_Title_273000002,0,273000002,2,0,False,0,0,2,1,True,True,40,90,80,30000.0,[7003201],False,0,0,0,0,Drone Farejador,Rastreador Accretia,,[]
327320,70,0,10700002,1,127106,0,Monster_Name_327320,Monster_Title_273000003,0,273000003,2,0,False,0,0,2,1,True,True,40,100,80,30000.0,"[7210101,7210102,7210103]",False,0,0,0,0,Banshee,Invasor Bellato,,[]
327321,70,0,14010008,1,127106,0,Monster_Name_327321,Monster_Title_273000003,0,273000003,2,0,False,0,0,2,1,True,True,40,100,80,30000.0,"[7210201,7210202,7210203]",False,0,0,0,0,Gryphon,Invasor Bellato,,[]
327322,70,0,18770005,1,127108,0,Monster_Name_327322,Monster_Title_273000003,0,273000003,2,0,False,0,0,2,1,True,True,40,60,80,30000.0,"[7013401,7013402]",False,0,0,0,0,Infantaria Móvel,Invasor Bellato,,[]
327323,70,0,18760004,1,127108,0,Monster_Name_327323,Monster_Title_273000003,0,273000003,2,0,False,0,0,2,1,True,True,40,50,80,30000.0,[7013301],False,0,0,0,0,Infantaria Móvel Mecanizada,Invasor Bellato,,[]
327324,70,0,17220003,1,1,0,Monster_Name_327324,Monster_Title_273000003,0,273000003,2,0,False,0,0,2,1,True,True,40,50,80,30000.0,[7009901],False,0,0,0,0,Mercenário,Invasor Bellato,,[]
327401,75,0,17440001,327,1,0,Monster_Name_327401,,0,274000001,2,0,False,0,0,2,1,True,True,40,100,200,30000.0,"[7014601,7014602]",False,0,0,0,0,Robô de Segurança,,,[]
327402,75,0,17430004,317,317,0,Monster_Name_327402,,0,274000001,2,0,False,0,0,2,1,True,True,40,100,310,30000.0,"[7013901,7013902]",False,0,0,0,0,Robô de Segurança,,,[]
327403,73,0,17740010,493,2,0,Monster_Name_327403,,0,0,2,103,False,0,2,2,1,True,True,100,150,200,30000.0,"[7104110,7104111]",False,0,0,0,0,Lotan Negro,,,[]
327501,76,0,10010004,1,1,0,Monster_Name_327501,,0,275000001,2,0,False,0,0,2,1,True,True,40,100,200,30000.0,[7000101],False,0,0,0,0,Estilhaçador da Montanha Nevado,,,[]
327502,76,0,10010004,1,1,0,Monster_Name_327502,,0,275000001,2,0,False,0,0,2,0,True,True,40,100,200,30000.0,[7000101],False,0,0,0,0,Estilhaçador da Montanha Nevada,,,[]
327503,76,0,10010004,1,1,0,Monster_Name_327503,,0,275000001,2,0,False,0,0,2,0,True,True,40,100,200,30000.0,[7000101],False,0,0,0,0,Estilhaçador da Montanha Nevosa,,,[]
327601,76,0,10685000,1,300807,0,Monster_Name_327601,Monster_Title_276000001,0,276000001,2,0,True,0,0,2,0,True,True,40,50,200,30000.0,[7010401],False,0,0,0,0,Vingador Karon,Atacante do Mercado Negro,,[]
327602,76,0,10684000,1,300808,0,Monster_Name_327602,Monster_Title_276000001,0,276000001,2,0,True,0,0,2,0,True,True,40,50,200,30000.0,"[7010501,7010502]",False,0,0,0,0,Cavaleiro Karon,Atacante do Mercado Negro,,[]
327701,85,0,16000010,327701,327701,0,Monster_Name_327701,,0,0,2,103,False,0,2,2,0,True,True,150,1550,1000,30000.0,"[7100243,7100244]",True,0,0,0,0,Krator,,,[]
327702,94,0,10821002,1,1,0,Monster_Name_327702,Monster_Title_277000001,0,277000001,2,0,False,0,0,2,0,True,True,40,100,200,30000.0,"[7014401,7014402,7014403]",False,0,0,0,0,Guardião da Pedra Sagrada,Capanga do Krator,,[]
327703,94,0,10819000,1,1,0,Monster_Name_327703,Monster_Title_277000001,0,277000001,2,0,False,0,0,2,0,True,True,40,150,200,30000.0,[7013801],False,0,0,0,0,Purificador da Pedra Sagrada,Capanga do Krator,,[]
327704,94,0,10820001,1,1,0,Monster_Name_327704,Monster_Title_277000001,0,277000001,2,0,False,0,0,2,0,True,True,40,80,200,30000.0,"[7014201,7014202,7014203]",False,0,0,0,0,Buscador da Pedra Sagrada,Capanga do Krator,,[]
327705,94,0,10819000,1,1,0,Monster_Name_327705,Monster_Title_277000001,0,277000002,2,0,False,0,0,2,0,True,True,40,150,200,30000.0,[7013801],False,0,0,0,0,Purificador da Pedra Sagrada,Capanga do Krator,,[]
327706,94,0,10820001,1,1,0,Monster_Name_327706,Monster_Title_277000001,0,277000002,2,0,False,0,0,2,0,True,True,40,80,200,30000.0,"[7014201,7014202,7014203]",False,0,0,0,0,Buscador da Pedra Sagrada,Capanga do Krator,,[]
340001,25,0,40000111,340001,340001,0,Monster_Name_340001,,0,0,2,103,False,0,2,2,1,True,True,30,110,200,10000.0,"[7200101,7200102,7200103]",False,0,0,0,0,Treinamento Virtual Phantom de Grau 1,,,[]
340002,26,0,40000301,340002,340001,0,Monster_Name_340002,,0,0,2,103,False,0,2,2,1,True,True,30,110,200,10000.0,"[7201301,7201302,7201303,7201304]",False,0,0,0,0,Enforcer de Treinamento Virtual de Grau 2,,,[]
340003,27,0,40000211,340003,340001,0,Monster_Name_340003,,0,0,2,103,False,0,2,2,1,True,True,30,110,200,10000.0,[7200201],False,0,0,0,0,Treinamento Virtual de Grau 3 Punisher,,,[]
340004,28,0,40000401,340004,340001,0,Monster_Name_340004,,0,0,2,103,False,0,2,2,1,True,True,30,110,200,10000.0,"[7201401,7201402,7201403]",False,0,0,0,0,Treinamento Virtual de Grau 4 Psypher,,,[]
340005,29,0,40000611,340005,340001,0,Monster_Name_340005,,0,0,2,103,False,0,2,2,1,True,True,30,110,200,10000.0,"[7200601,7200602,7200603,7200604]",False,0,0,0,0,Technician de Treinamento Virtual de Grau 5,,,[]
340006,30,0,40000501,340006,340001,0,Monster_Name_340006,,0,0,2,103,False,0,2,2,1,True,True,30,110,200,10000.0,"[7201501,7201502,7201503,7201504]",False,0,0,0,0,Treinamento Virtual de Dreadnought do 6º Ano,,,[]
340007,31,0,40000101,340007,340001,0,Monster_Name_340007,,0,0,2,103,False,0,2,2,1,True,True,30,110,200,10000.0,"[7201101,7201102,7201103]",False,0,0,0,0,Treinamento Virtual Phantom de 7ª Série,,,[]
340008,32,0,40000311,340008,340001,0,Monster_Name_340008,,0,0,2,103,False,0,2,2,1,True,True,30,110,200,10000.0,"[7200301,7200302,7200303,7200304]",False,0,0,0,0,Enforcer de Treinamento Virtual de 8ª Série,,,[]
340009,33,0,40000201,340009,340001,0,Monster_Name_340009,,0,0,2,103,False,0,2,2,1,True,True,30,110,200,10000.0,[7201201],False,0,0,0,0,Treinamento Virtual de Grau 9 Punisher,,,[]
340010,34,0,40000411,340010,340001,0,Monster_Name_340010,,0,0,2,103,False,0,2,2,1,True,True,30,110,200,10000.0,"[7200401,7200402,7200403]",False,0,0,0,0,Treinamento Virtual de Psypher do 10º Ano,,,[]
340011,35,0,40000602,340011,340001,0,Monster_Name_340011,,0,0,2,103,False,0,2,2,1,True,True,30,110,200,10000.0,"[7201601,7201602,7201603,7201604]",False,0,0,0,0,Technician de Treinamento Virtual do 11º Ano,,,[]
340012,36,0,40000512,340012,340001,0,Monster_Name_340012,,0,0,2,103,False,0,2,2,1,True,True,30,110,200,10000.0,"[7200501,7200502,7200503,7200504]",False,0,0,0,0,Treinamento Virtual de Dreadnought do 12º Ano,,,[]
340013,37,0,40000112,340013,340001,0,Monster_Name_340013,,0,0,2,103,False,0,2,2,1,True,True,30,110,200,10000.0,"[7200101,7200102,7200103]",False,0,0,0,0,Treinamento Virtual Phantom de Grau 13,,,[]
340014,38,0,40000302,340014,340001,0,Monster_Name_340014,,0,0,2,103,False,0,2,2,1,True,True,30,110,200,10000.0,"[7201301,7201302,7201303,7201304]",False,0,0,0,0,Enforcer de Treinamento Virtual de Grau 14,,,[]
340015,39,0,40000213,340015,340001,0,Monster_Name_340015,,0,0,2,103,False,0,2,2,1,True,True,30,110,200,10000.0,[7200201],False,0,0,0,0,Treinamento Virtual de Grau 15 Punisher,,,[]
340016,40,0,40000403,340016,340001,0,Monster_Name_340016,,0,0,2,103,False,0,2,2,1,True,True,30,110,200,10000.0,"[7201401,7201402,7201403]",False,0,0,0,0,Treinamento Virtual Psypher de Grau 16,,,[]
340017,41,0,40000613,340017,340001,0,Monster_Name_340017,,0,0,2,103,False,0,2,2,1,True,True,30,110,200,10000.0,"[7200601,7200602,7200603,7200604]",False,0,0,0,0,Technician de Treinamento Virtual de Grau 17,,,[]
340018,42,0,40000503,340018,340001,0,Monster_Name_340018,,0,0,2,103,False,0,2,2,1,True,True,30,110,200,10000.0,"[7201501,7201502,7201503,7201504]",False,0,0,0,0,Treinamento Virtual de Dreadnought de Grau 18,,,[]
340019,43,0,40000102,340019,340001,0,Monster_Name_340019,,0,0,2,103,False,0,2,2,1,True,True,30,110,200,10000.0,"[7201101,7201102,7201103]",False,0,0,0,0,Phantom de Treinamento Virtual de Grau 19,,,[]
340020,44,0,40000312,340020,340001,0,Monster_Name_340020,,0,0,2,103,False,0,2,2,1,True,True,30,110,200,10000.0,"[7200301,7200302,7200303,7200304]",False,0,0,0,0,Enforcer de Treinamento Virtual de Grau 20,,,[]
340021,45,0,40000203,340021,340001,0,Monster_Name_340021,,0,0,2,103,False,0,2,2,1,True,True,30,110,200,10000.0,[7201201],False,0,0,0,0,Treinamento Virtual de Grau 21 Punisher,,,[]
340022,46,0,40000413,340022,340001,0,Monster_Name_340022,,0,0,2,103,False,0,2,2,1,True,True,30,110,200,10000.0,"[7200401,7200402,7200403]",False,0,0,0,0,Psypher de Treinamento Virtual Grau 22,,,[]
340023,47,0,40000603,340023,340001,0,Monster_Name_340023,,0,0,2,103,False,0,2,2,1,True,True,30,110,200,10000.0,"[7201601,7201602,7201603,7201604]",False,0,0,0,0,Technician de Treinamento Virtual de Grau 23,,,[]
340024,48,0,40000513,340024,340001,0,Monster_Name_340024,,0,0,2,103,False,0,2,2,1,True,True,30,110,200,10000.0,"[7200501,7200502,7200503,7200504]",False,0,0,0,0,Treinamento Virtual Dreadnought de Grau 24,,,[]
340025,49,0,40000113,340025,340001,0,Monster_Name_340025,,0,0,2,103,False,0,2,2,1,True,True,30,110,200,10000.0,"[7200101,7200102,7200103]",False,0,0,0,0,Treinamento Virtual Phantom de Grau 25,,,[]
340026,50,0,40000303,340026,340001,0,Monster_Name_340026,,0,0,2,103,False,0,2,2,1,True,True,30,110,200,10000.0,"[7201301,7201302,7201303,7201304]",False,0,0,0,0,Enforcer de Treinamento Virtual de Grau 26,,,[]
340027,51,0,40000213,340027,340001,0,Monster_Name_340027,,0,0,2,103,False,0,2,2,1,True,True,30,110,200,10000.0,[7200201],False,0,0,0,0,Treinamento Virtual de Grau 27 Punisher,,,[]
340028,52,0,40000403,340028,340001,0,Monster_Name_340028,,0,0,2,103,False,0,2,2,1,True,True,30,110,200,10000.0,"[7201401,7201402,7201403]",False,0,0,0,0,Treinamento Virtual Psypher de Grau 28,,,[]
340029,53,0,40000613,340029,340001,0,Monster_Name_340029,,0,0,2,103,False,0,2,2,1,True,True,30,110,200,10000.0,"[7200601,7200602,7200603,7200604]",False,0,0,0,0,Technician de Treinamento Virtual de Grau 29,,,[]
340030,54,0,40000503,340030,340001,0,Monster_Name_340030,,0,0,2,103,False,0,2,2,1,True,True,30,110,200,10000.0,"[7201501,7201502,7201503,7201504]",False,0,0,0,0,Treinamento Virtual Dreadnought de Grau 30,,,[]
340031,55,0,40000104,340031,340001,0,Monster_Name_340031,,0,0,2,103,False,0,2,2,1,True,True,30,110,200,10000.0,"[7201101,7201102,7201103]",False,0,0,0,0,Phantom de Treinamento Virtual de Grau 31,,,[]
340032,56,0,40000314,340032,340001,0,Monster_Name_340032,,0,0,2,103,False,0,2,2,1,True,True,30,110,200,10000.0,"[7200301,7200302,7200303,7200304]",False,0,0,0,0,Enforcer de Treinamento Virtual de Grau 32,,,[]
340033,57,0,40000204,340033,340001,0,Monster_Name_340033,,0,0,2,103,False,0,2,2,1,True,True,30,110,200,10000.0,[7201201],False,0,0,0,0,Treinamento Virtual de Grau 33 Punisher,,,[]
340034,58,0,40000414,340034,340001,0,Monster_Name_340034,,0,0,2,103,False,0,2,2,1,True,True,30,110,200,10000.0,"[7200401,7200402,7200403]",False,0,0,0,0,Psypher de Treinamento Virtual de Grau 34,,,[]
340035,59,0,40000604,340035,340001,0,Monster_Name_340035,,0,0,2,103,False,0,2,2,1,True,True,30,110,200,10000.0,"[7201601,7201602,7201603,7201604]",False,0,0,0,0,Technician de Treinamento Virtual de Grau 35,,,[]
340036,60,0,40000514,340036,340001,0,Monster_Name_340036,,0,0,2,103,False,0,2,2,1,True,True,30,110,200,10000.0,"[7200501,7200502,7200503,7200504]",False,0,0,0,0,Treinamento Virtual de Dreadnought de Grau 36,,,[]
340037,61,0,40000114,340037,340001,0,Monster_Name_340037,,0,0,2,103,False,0,2,2,1,True,True,30,110,200,10000.0,"[7200101,7200102,7200103]",False,0,0,0,0,Phantom de Treinamento Virtual de Grau 37,,,[]
340038,62,0,40000304,340038,340001,0,Monster_Name_340038,,0,0,2,103,False,0,2,2,1,True,True,30,110,200,10000.0,"[7201301,7201302,7201303,7201304]",False,0,0,0,0,Enforcer de Treinamento Virtual de Grau 38,,,[]
340039,63,0,40000214,340039,340001,0,Monster_Name_340039,,0,0,2,103,False,0,2,2,1,True,True,30,110,200,10000.0,[7200201],False,0,0,0,0,Punisher de Treinamento Virtual de Grau 39,,,[]
340040,64,0,40000404,340040,340001,0,Monster_Name_340040,,0,0,2,103,False,0,2,2,1,True,True,30,110,200,10000.0,"[7201401,7201402,7201403]",False,0,0,0,0,Psypher de Treinamento Virtual de Grau 40,,,[]
340041,65,0,40000615,340041,340001,0,Monster_Name_340041,,0,0,2,103,False,0,2,2,1,True,True,30,110,200,10000.0,"[7200601,7200602,7200603,7200604]",False,0,0,0,0,Technician de Treinamento Virtual de Grau 41,,,[]
340042,66,0,40000505,340042,340001,0,Monster_Name_340042,,0,0,2,103,False,0,2,2,1,True,True,30,110,200,10000.0,"[7201501,7201502,7201503,7201504]",False,0,0,0,0,Dreadnought de Treinamento Virtual de Grau 42,,,[]
340043,67,0,40000105,340043,340001,0,Monster_Name_340043,,0,0,2,103,False,0,2,2,1,True,True,30,110,200,10000.0,"[7201101,7201102,7201103]",False,0,0,0,0,Phantom de Treinamento Virtual de Grau 43,,,[]
340044,68,0,40000315,340044,340001,0,Monster_Name_340044,,0,0,2,103,False,0,2,2,1,True,True,30,110,200,10000.0,"[7200301,7200302,7200303,7200304]",False,0,0,0,0,Enforcer de Treinamento Virtual de Grau 44,,,[]
340045,69,0,40000205,340045,340001,0,Monster_Name_340045,,0,0,2,103,False,0,2,2,1,True,True,30,110,200,10000.0,[7201201],False,0,0,0,0,Treinamento Virtual Punisher de Grau 45,,,[]
340046,70,0,40000415,340046,340001,0,Monster_Name_340046,,0,0,2,103,False,0,2,2,1,True,True,30,110,200,10000.0,"[7200401,7200402,7200403]",False,0,0,0,0,Treinamento Virtual Psypher de Grau 46,,,[]
340047,71,0,40000605,340047,340001,0,Monster_Name_340047,,0,0,2,103,False,0,2,2,1,True,True,30,110,200,10000.0,"[7201601,7201602,7201603,7201604]",False,0,0,0,0,Technician de Treinamento Virtual de Grau 47,,,[]
340048,72,0,40000515,340048,340001,0,Monster_Name_340048,,0,0,2,103,False,0,2,2,1,True,True,30,110,200,10000.0,"[7200501,7200502,7200503,7200504]",False,0,0,0,0,Treinamento Virtual de Dreadnought de Grau 48,,,[]
340049,73,0,40000115,340049,340001,0,Monster_Name_340049,,0,0,2,103,False,0,2,2,1,True,True,30,110,200,10000.0,"[7200101,7200102,7200103]",False,0,0,0,0,Treinamento Virtual Phantom de Grau 49,,,[]
340050,74,0,40000305,340050,340001,0,Monster_Name_340050,,0,0,2,103,False,0,2,2,1,True,True,30,110,200,10000.0,"[7201301,7201302,7201303,7201304]",False,0,0,0,0,Enforcer de Treinamento Virtual de Grau 50,,,[]
340051,75,0,40000215,340051,340001,0,Monster_Name_340051,,0,0,2,103,False,0,2,2,1,True,True,30,110,200,10000.0,[7200201],False,0,0,0,0,Treinamento Virtual Punisher de Grau 51,,,[]
340052,76,0,40000405,340052,340001,0,Monster_Name_340052,,0,0,2,103,False,0,2,2,1,True,True,30,110,200,10000.0,"[7201401,7201402,7201403]",False,0,0,0,0,Psypher de Treinamento Virtual Grau 52,,,[]
340053,77,0,40000615,340053,340001,0,Monster_Name_340053,,0,0,2,103,False,0,2,2,1,True,True,30,110,200,10000.0,"[7200601,7200602,7200603,7200604]",False,0,0,0,0,Technician de Treinamento Virtual de Grau 53,,,[]
340054,78,0,40000505,340054,340001,0,Monster_Name_340054,,0,0,2,103,False,0,2,2,1,True,True,30,110,200,10000.0,"[7201501,7201502,7201503,7201504]",False,0,0,0,0,Treinamento Virtual Dreadnought de Grau 54,,,[]
340055,79,0,40000105,340055,340001,0,Monster_Name_340055,,0,0,2,103,False,0,2,2,1,True,True,30,110,200,10000.0,"[7201101,7201102,7201103]",False,0,0,0,0,Phantom de Treinamento Virtual de Grau 55,,,[]
340056,80,0,40000315,340056,340001,0,Monster_Name_340056,,0,0,2,103,False,0,2,2,1,True,True,30,110,200,10000.0,"[7200301,7200302,7200303,7200304]",False,0,0,0,0,Enforcer de Treinamento Virtual Grau 56,,,[]
340057,81,0,40000205,340057,340001,0,Monster_Name_340057,,0,0,2,103,False,0,2,2,1,True,True,30,110,200,10000.0,[7201201],False,0,0,0,0,Treinamento Virtual Punisher de Grau 57,,,[]
340058,82,0,40000415,340058,340001,0,Monster_Name_340058,,0,0,2,103,False,0,2,2,1,True,True,30,110,200,10000.0,"[7200401,7200402,7200403]",False,0,0,0,0,Psypher de Treinamento Virtual Grau 58,,,[]
340059,83,0,40000605,340059,340001,0,Monster_Name_340059,,0,0,2,103,False,0,2,2,1,True,True,30,110,200,10000.0,"[7201601,7201602,7201603,7201604]",False,0,0,0,0,Technician de Treinamento Virtual de Grau 59,,,[]
340060,84,0,40000515,340060,340001,0,Monster_Name_340060,,0,0,2,103,False,0,2,2,1,True,True,30,110,200,10000.0,"[7200501,7200502,7200503,7200504]",False,0,0,0,0,Dreadnought de Treinamento Virtual de Grau 60,,,[]
340061,85,0,40000106,340061,340001,0,Monster_Name_340061,,0,0,2,103,False,0,2,2,1,True,True,30,110,200,10000.0,"[7201101,7201102,7201103]",False,0,0,0,0,Treinamento Virtual Phantom de Grau 61,,,[]
340062,86,0,40000316,340062,340001,0,Monster_Name_340062,,0,0,2,103,False,0,2,2,1,True,True,30,110,200,10000.0,"[7200301,7200302,7200303,7200304]",False,0,0,0,0,Enforcer de Treinamento Virtual de Grau 62,,,[]
340063,87,0,40000206,340063,340001,0,Monster_Name_340063,,0,0,2,103,False,0,2,2,1,True,True,30,110,200,10000.0,[7201201],False,0,0,0,0,Punisher de Treinamento Virtual de Grau 63,,,[]
340064,88,0,40000416,340064,340001,0,Monster_Name_340064,,0,0,2,103,False,0,2,2,1,True,True,30,110,200,10000.0,"[7200401,7200402,7200403]",False,0,0,0,0,Treinamento Virtual Psypher de Grau 64,,,[]
340065,89,0,40000607,340065,340001,0,Monster_Name_340065,,0,0,2,103,False,0,2,2,1,True,True,30,110,200,10000.0,"[7201601,7201602,7201603,7201604]",False,0,0,0,0,Technician de Treinamento Virtual de Grau 65,,,[]
340066,90,0,40000517,340066,340001,0,Monster_Name_340066,,0,0,2,103,False,0,2,2,1,True,True,30,110,200,10000.0,"[7200501,7200502,7200503,7200504]",False,0,0,0,0,Treinamento Virtual de Dreadnought de Grau 66,,,[]
340067,91,0,40000106,340067,340001,0,Monster_Name_340067,,0,0,2,103,False,0,2,2,1,True,True,30,110,200,10000.0,"[7201101,7201102,7201103]",False,0,0,0,0,Phantom de Treinamento Virtual Grau 67,,,[]
340068,92,0,40000316,340068,340001,0,Monster_Name_340068,,0,0,2,103,False,0,2,2,1,True,True,30,110,200,10000.0,"[7200301,7200302,7200303,7200304]",False,0,0,0,0,Enforcer de Treinamento Virtual de Grau 68,,,[]
340069,93,0,40000206,340069,340001,0,Monster_Name_340069,,0,0,2,103,False,0,2,2,1,True,True,30,110,200,10000.0,[7201201],False,0,0,0,0,Punisher de Treinamento Virtual de Grau 69,,,[]
340070,94,0,40000416,340070,340001,0,Monster_Name_340070,,0,0,2,103,False,0,2,2,1,True,True,30,110,200,10000.0,"[7200401,7200402,7200403]",False,0,0,0,0,Psypher de Treinamento Virtual Grau 70,,,[]
340071,95,0,40000608,340071,340001,0,Monster_Name_340071,,0,0,2,103,False,0,2,2,1,True,True,30,110,200,10000.0,"[7201601,7201602,7201603,7201604]",False,0,0,0,0,Technician de Treinamento Virtual de Grau 71,,,[]
340072,96,0,40000518,340072,340001,0,Monster_Name_340072,,0,0,2,103,False,0,2,2,1,True,True,30,110,200,10000.0,"[7200501,7200502,7200503,7200504]",False,0,0,0,0,Treinamento Virtual de Dreadnought de Grau 72,,,[]
340073,97,0,40000701,340073,340001,0,Monster_Name_340073,,0,0,2,103,False,0,2,2,1,True,True,30,110,200,10000.0,"[7201701,7201702,7201703,7201704]",False,0,0,0,0,Arbiter de Treinamento Virtual de Grau 73,,,[]
340074,98,0,40000117,340074,340001,0,Monster_Name_340074,,0,0,2,103,False,0,2,2,1,True,True,30,110,200,10000.0,"[7200101,7200102,7200103]",False,0,0,0,0,Treinamento Virtual Phantom de Grau 74,,,[]
340075,99,0,40000307,340075,340001,0,Monster_Name_340075,,0,0,2,103,False,0,2,2,1,True,True,30,110,200,10000.0,"[7201301,7201302,7201303,7201304]",False,0,0,0,0,Enforcer de Treinamento Virtual Grau 75,,,[]
340076,100,0,40000218,340076,340001,0,Monster_Name_340076,,0,0,2,103,False,0,2,2,1,True,True,30,110,200,10000.0,[7200201],False,0,0,0,0,Treinamento Virtual de Grau 76 Punisher,,,[]
340077,101,0,40000407,340077,340001,0,Monster_Name_340077,,0,0,2,103,False,0,2,2,1,True,True,30,110,200,10000.0,"[7201401,7201402,7201403]",False,0,0,0,0,Psypher de Treinamento Virtual de Grau 77,,,[]
340078,102,0,40000617,340078,340001,0,Monster_Name_340078,,0,0,2,103,False,0,2,2,1,True,True,30,110,200,10000.0,"[7200601,7200602,7200603,7200604]",False,0,0,0,0,Technician de Treinamento Virtual de Grau 78,,,[]
340079,103,0,40000507,340079,340001,0,Monster_Name_340079,,0,0,2,103,False,0,2,2,1,True,True,30,110,200,10000.0,"[7201501,7201502,7201503,7201504]",False,0,0,0,0,Treinamento Virtual de Dreadnought de Grau 79,,,[]
340080,104,0,40000711,340080,340001,0,Monster_Name_340080,,0,0,2,103,False,0,2,2,1,True,True,30,110,200,10000.0,"[7200701,7200702,7200703,7200704]",False,0,0,0,0,Arbiter de Treinamento Virtual de Grau 80,,,[]
340081,105,0,40000108,340081,340001,0,Monster_Name_340081,,0,0,2,103,False,0,2,2,1,True,True,30,110,200,10000.0,"[7201101,7201102,7201103]",False,0,0,0,0,Treinamento Virtual Phantom de Grau 81,,,[]
340082,106,0,40000317,340082,340001,0,Monster_Name_340082,,0,0,2,103,False,0,2,2,1,True,True,30,110,200,10000.0,"[7200301,7200302,7200303,7200304]",False,0,0,0,0,Enforcer de Treinamento Virtual de Grau 82,,,[]
340083,107,0,40000208,340083,340001,0,Monster_Name_340083,,0,0,2,103,False,0,2,2,1,True,True,30,110,200,10000.0,[7201201],False,0,0,0,0,Treinamento Virtual Punisher de Grau 83,,,[]
340084,108,0,40000417,340084,340001,0,Monster_Name_340084,,0,0,2,103,False,0,2,2,1,True,True,30,110,200,10000.0,"[7200401,7200402,7200403]",False,0,0,0,0,Psypher de Treinamento Virtual de Grau 84,,,[]
340085,109,0,40000609,340085,340001,0,Monster_Name_340085,,0,0,2,103,False,0,2,2,1,True,True,30,110,200,10000.0,"[7201601,7201602,7201603,7201604]",False,0,0,0,0,Technician de Treinamento Virtual de Grau 85,,,[]
340086,110,0,40000519,340086,340001,0,Monster_Name_340086,,0,0,2,103,False,0,2,2,1,True,True,30,110,200,10000.0,"[7200501,7200502,7200503,7200504]",False,0,0,0,0,Treinamento Virtual de Dreadnought de Grau 86,,,[]
340087,111,0,40000702,340087,340001,0,Monster_Name_340087,,0,0,2,103,False,0,2,2,1,True,True,30,110,200,10000.0,"[7201701,7201702,7201703,7201704]",False,0,0,0,0,Arbiter de Treinamento Virtual de Grau 87,,,[]
340088,112,0,40000118,340088,340001,0,Monster_Name_340088,,0,0,2,103,False,0,2,2,1,True,True,30,110,200,10000.0,"[7200101,7200102,7200103]",False,0,0,0,0,Treinamento Virtual Phantom de Grau 88,,,[]
340089,113,0,40000308,340089,340001,0,Monster_Name_340089,,0,0,2,103,False,0,2,2,1,True,True,30,110,200,10000.0,"[7201301,7201302,7201303,7201304]",False,0,0,0,0,Enforcer de Treinamento Virtual de Grau 89,,,[]
340090,114,0,40000219,340090,340001,0,Monster_Name_340090,,0,0,2,103,False,0,2,2,1,True,True,30,110,200,10000.0,[7200201],False,0,0,0,0,Treinamento Virtual de Grau 90 Punisher,,,[]
340101,30,0,14000002,9016,340101,0,Monster_Name_340101,,0,0,2,103,False,0,2,2,1,True,True,95,190,360,10000.0,"[7210101,7210102,7210103]",False,0,0,0,0,Treinamento Virtual de Grau 1 Banshee,,,[]
340102,31,0,14010002,9017,340102,0,Monster_Name_340102,,0,0,2,103,False,0,2,2,1,True,True,95,190,360,10000.0,"[7210201,7210202,7210203]",False,0,0,0,0,Treinamento Virtual de Grau 2 Gryphon,,,[]
340103,32,0,14000002,9016,340103,0,Monster_Name_340103,,0,0,2,103,False,0,2,2,1,True,True,95,190,360,10000.0,"[7210101,7210102,7210103]",False,0,0,0,0,Treinamento Virtual de Grau 3 Banshee,,,[]
340104,33,0,14010002,340104,340104,0,Monster_Name_340104,,0,0,2,103,False,0,2,2,1,True,True,95,190,360,10000.0,"[7210201,7210202,7210203]",False,0,0,0,0,Treinamento Virtual de Grau 4 Gryphon,,,[]
340105,34,0,14020002,9018,340105,0,Monster_Name_340105,,0,0,2,103,False,0,2,2,1,True,True,110,190,360,10000.0,[7210301],False,0,0,0,0,Treinamento Virtual de Nível 5 Argos,,,[]
340106,35,0,14030002,9019,340106,0,Monster_Name_340106,,0,0,2,103,False,0,2,2,1,True,True,100,200,460,10000.0,"[7210401,7210402,7210403]",False,0,0,0,0,Treinamento Virtual de 6ª Série Centurion,,,[]
340107,36,0,14040002,9020,340107,0,Monster_Name_340107,,0,0,2,103,False,0,2,2,1,True,True,100,200,460,10000.0,"[7210501,7210502,7210503]",False,0,0,0,0,Treinamento Virtual de 7ª Série Kronos,,,[]
340108,37,0,14020002,340108,340108,0,Monster_Name_340108,,0,0,2,103,False,0,2,2,1,True,True,110,190,360,10000.0,[7210301],False,0,0,0,0,Treinamento Virtual de 8ª Série Argos,,,[]
340109,38,0,14050002,9021,340109,0,Monster_Name_340109,,0,0,2,103,False,0,2,2,1,True,True,130,200,460,10000.0,"[7210601,7210602]",False,0,0,0,0,Treinamento Virtual Hellfire do 9º Ano,,,[]
340110,39,0,14060002,9022,340110,0,Monster_Name_340110,,0,0,2,103,False,0,2,2,1,True,True,130,230,540,10000.0,"[7210701,7210702,7210703,7210704,7210705]",False,0,0,0,0,Treinamento Virtual Stinger de Grau 10,,,[]
340111,40,0,14070002,9023,340111,0,Monster_Name_340111,,0,0,2,103,False,0,2,2,1,True,True,130,230,540,10000.0,"[7210801,7210802,7210803,7210804]",False,0,0,0,0,Treinamento Virtual de Ares do 11º Ano,,,[]
340112,41,0,14050002,340112,340112,0,Monster_Name_340112,,0,0,2,103,False,0,2,2,1,True,True,130,200,460,10000.0,"[7210601,7210602]",False,0,0,0,0,Treinamento Virtual Hellfire do 12º Ano,,,[]
340113,42,0,14000003,9016,340113,0,Monster_Name_340113,,0,0,2,103,False,0,2,2,1,True,True,95,190,360,10000.0,"[7210101,7210102,7210103]",False,0,0,0,0,Treinamento Virtual de Banshee de Grau 13,,,[]
340114,43,0,14010003,9017,340114,0,Monster_Name_340114,,0,0,2,103,False,0,2,2,1,True,True,95,190,360,10000.0,"[7210201,7210202,7210203]",False,0,0,0,0,Treinamento Virtual de Gryphon de Grau 14,,,[]
340115,44,0,14000003,9016,340115,0,Monster_Name_340115,,0,0,2,103,False,0,2,2,1,True,True,95,190,360,10000.0,"[7210101,7210102,7210103]",False,0,0,0,0,Treinamento Virtual Banshee de Grau 15,,,[]
340116,45,0,14010003,340104,340116,0,Monster_Name_340116,,0,0,2,103,False,0,2,2,1,True,True,95,190,360,10000.0,"[7210201,7210202,7210203]",False,0,0,0,0,Treinamento Virtual de Gryphon de Grau 16,,,[]
340117,46,0,14020003,9018,340117,0,Monster_Name_340117,,0,0,2,103,False,0,2,2,1,True,True,110,190,360,10000.0,[7210301],False,0,0,0,0,Treinamento Virtual Argos de Grau 17,,,[]
340118,47,0,14030003,9019,340118,0,Monster_Name_340118,,0,0,2,103,False,0,2,2,1,True,True,100,200,460,10000.0,"[7210401,7210402,7210403]",False,0,0,0,0,Centurion de Treinamento Virtual de Grau 18,,,[]
340119,48,0,14040003,9020,340119,0,Monster_Name_340119,,0,0,2,103,False,0,2,2,1,True,True,100,200,460,10000.0,"[7210501,7210502,7210503]",False,0,0,0,0,Treinamento Virtual Kronos de Grau 19,,,[]
340120,49,0,14020003,340108,340120,0,Monster_Name_340120,,0,0,2,103,False,0,2,2,1,True,True,110,190,360,10000.0,[7210301],False,0,0,0,0,Treinamento Virtual Argos de Nível 20,,,[]
340121,50,0,14050003,9021,340121,0,Monster_Name_340121,,0,0,2,103,False,0,2,2,1,True,True,130,200,460,10000.0,"[7210601,7210602]",False,0,0,0,0,Treinamento Virtual Hellfire de Grau 21,,,[]
340122,51,0,14060003,9022,340122,0,Monster_Name_340122,,0,0,2,103,False,0,2,2,1,True,True,130,230,540,10000.0,"[7210701,7210702,7210703,7210704,7210705]",False,0,0,0,0,Treinamento Virtual Stinger de Grau 22,,,[]
340123,52,0,14070003,9023,340123,0,Monster_Name_340123,,0,0,2,103,False,0,2,2,1,True,True,130,230,540,10000.0,"[7210801,7210802,7210803,7210804]",False,0,0,0,0,Treinamento Virtual de Grau 23 Ares,,,[]
340124,53,0,14050003,340112,340124,0,Monster_Name_340124,,0,0,2,103,False,0,2,2,1,True,True,130,200,460,10000.0,"[7210601,7210602]",False,0,0,0,0,Treinamento Virtual Hellfire de Grau 24,,,[]
340125,54,0,14000004,9016,340125,0,Monster_Name_340125,,0,0,2,103,False,0,2,2,1,True,True,95,190,360,10000.0,"[7210101,7210102,7210103]",False,0,0,0,0,Treinamento Virtual Banshee de Grau 25,,,[]
340126,55,0,14010004,9017,340126,0,Monster_Name_340126,,0,0,2,103,False,0,2,2,1,True,True,95,190,360,10000.0,"[7210201,7210202,7210203]",False,0,0,0,0,Treinamento Virtual Gryphon de Nível 26,,,[]
340127,56,0,14000004,9016,340127,0,Monster_Name_340127,,0,0,2,103,False,0,2,2,1,True,True,95,190,360,10000.0,"[7210101,7210102,7210103]",False,0,0,0,0,Treinamento Virtual Banshee de Grau 27,,,[]
340128,57,0,14010004,340104,340128,0,Monster_Name_340128,,0,0,2,103,False,0,2,2,1,True,True,95,190,360,10000.0,"[7210201,7210202,7210203]",False,0,0,0,0,Treinamento Virtual de Gryphon de Grau 28,,,[]
340129,58,0,14020004,9018,340129,0,Monster_Name_340129,,0,0,2,103,False,0,2,2,1,True,True,110,190,360,10000.0,[7210301],False,0,0,0,0,Treinamento Virtual Argos de Grau 29,,,[]
340130,59,0,14030004,9019,340130,0,Monster_Name_340130,,0,0,2,103,False,0,2,2,1,True,True,100,200,460,10000.0,"[7210401,7210402,7210403]",False,0,0,0,0,Centurion de Treinamento Virtual de Grau 30,,,[]
340131,60,0,14040004,9020,340131,0,Monster_Name_340131,,0,0,2,103,False,0,2,2,1,True,True,100,200,460,10000.0,"[7210501,7210502,7210503]",False,0,0,0,0,Treinamento Virtual de Grau 31 Kronos,,,[]
340132,61,0,14020004,340108,340132,0,Monster_Name_340132,,0,0,2,103,False,0,2,2,1,True,True,110,190,360,10000.0,[7210301],False,0,0,0,0,Treinamento Virtual Argos de Grau 32,,,[]
340133,62,0,14050004,9021,340133,0,Monster_Name_340133,,0,0,2,103,False,0,2,2,1,True,True,130,200,460,10000.0,"[7210601,7210602]",False,0,0,0,0,Treinamento Virtual Hellfire de Grau 33,,,[]
340134,63,0,14060004,9022,340134,0,Monster_Name_340134,,0,0,2,103,False,0,2,2,1,True,True,130,230,540,10000.0,"[7210701,7210702,7210703,7210704,7210705]",False,0,0,0,0,Treinamento Virtual Stinger de Grau 34,,,[]
340135,64,0,14070004,9023,340135,0,Monster_Name_340135,,0,0,2,103,False,0,2,2,1,True,True,130,230,540,10000.0,"[7210801,7210802,7210803,7210804]",False,0,0,0,0,Treinamento Virtual de Grau 35 Ares,,,[]
340136,65,0,14050004,340112,340136,0,Monster_Name_340136,,0,0,2,103,False,0,2,2,1,True,True,130,200,460,10000.0,"[7210601,7210602]",False,0,0,0,0,Treinamento Virtual Hellfire de Grau 36,,,[]
340137,66,0,14000005,9016,340137,0,Monster_Name_340137,,0,0,2,103,False,0,2,2,1,True,True,95,190,360,10000.0,"[7210101,7210102,7210103]",False,0,0,0,0,Treinamento Virtual Banshee de Grau 37,,,[]
340138,67,0,14010005,9017,340138,0,Monster_Name_340138,,0,0,2,103,False,0,2,2,1,True,True,95,190,360,10000.0,"[7210201,7210202,7210203]",False,0,0,0,0,Treinamento Virtual de Gryphon de Grau 38,,,[]
340139,68,0,14000005,9016,340139,0,Monster_Name_340139,,0,0,2,103,False,0,2,2,1,True,True,95,190,360,10000.0,"[7210101,7210102,7210103]",False,0,0,0,0,Treinamento Virtual Banshee de Grau 39,,,[]
340140,69,0,14010005,340104,340140,0,Monster_Name_340140,,0,0,2,103,False,0,2,2,1,True,True,95,190,360,10000.0,"[7210201,7210202,7210203]",False,0,0,0,0,Gryphon de Treinamento Virtual de Grau 40,,,[]
340141,70,0,14020005,9018,340141,0,Monster_Name_340141,,0,0,2,103,False,0,2,2,1,True,True,110,190,360,10000.0,[7210301],False,0,0,0,0,Treinamento Virtual Argos de Grau 41,,,[]
340142,71,0,14030005,9019,340142,0,Monster_Name_340142,,0,0,2,103,False,0,2,2,1,True,True,100,200,460,10000.0,"[7210401,7210402,7210403]",False,0,0,0,0,Centurion de Treinamento Virtual de Grau 42,,,[]
340143,72,0,14040005,9020,340143,0,Monster_Name_340143,,0,0,2,103,False,0,2,2,1,True,True,100,200,460,10000.0,"[7210501,7210502,7210503]",False,0,0,0,0,Treinamento Virtual de Grau 43 Kronos,,,[]
340144,73,0,14020005,340108,340144,0,Monster_Name_340144,,0,0,2,103,False,0,2,2,1,True,True,110,190,360,10000.0,[7210301],False,0,0,0,0,Treinamento Virtual Argos de Grau 44,,,[]
340145,74,0,14050005,9021,340145,0,Monster_Name_340145,,0,0,2,103,False,0,2,2,1,True,True,130,200,460,10000.0,"[7210601,7210602]",False,0,0,0,0,Treinamento Virtual Hellfire de Grau 45,,,[]
340146,75,0,14060005,9022,340146,0,Monster_Name_340146,,0,0,2,103,False,0,2,2,1,True,True,130,230,540,10000.0,"[7210701,7210702,7210703,7210704,7210705]",False,0,0,0,0,Treinamento Virtual Stinger de Grau 46,,,[]
340147,76,0,14070005,9023,340147,0,Monster_Name_340147,,0,0,2,103,False,0,2,2,1,True,True,130,230,540,10000.0,"[7210801,7210802,7210803,7210804]",False,0,0,0,0,Treinamento Virtual de Grau 47 Ares,,,[]
340148,77,0,14050005,340112,340148,0,Monster_Name_340148,,0,0,2,103,False,0,2,2,1,True,True,130,200,460,10000.0,"[7210601,7210602]",False,0,0,0,0,Treinamento Virtual Hellfire de Grau 48,,,[]
340149,78,0,14000006,9016,340149,0,Monster_Name_340149,,0,0,2,103,False,0,2,2,1,True,True,95,190,360,10000.0,"[7210101,7210102,7210103]",False,0,0,0,0,Treinamento Virtual Banshee de Grau 49,,,[]
340150,79,0,14010006,9017,340150,0,Monster_Name_340150,,0,0,2,103,False,0,2,2,1,True,True,95,190,360,10000.0,"[7210201,7210202,7210203]",False,0,0,0,0,Treinamento Virtual de Grau 50 Gryphon,,,[]
340151,80,0,14000006,9016,340151,0,Monster_Name_340151,,0,0,2,103,False,0,2,2,1,True,True,95,190,360,10000.0,"[7210101,7210102,7210103]",False,0,0,0,0,Treinamento Virtual Banshee de Grau 51,,,[]
340152,81,0,14010006,340104,340152,0,Monster_Name_340152,,0,0,2,103,False,0,2,2,1,True,True,95,190,360,10000.0,"[7210201,7210202,7210203]",False,0,0,0,0,Treinamento Virtual Gryphon de Grau 52,,,[]
340153,82,0,14020006,9018,340153,0,Monster_Name_340153,,0,0,2,103,False,0,2,2,1,True,True,110,190,360,10000.0,[7210301],False,0,0,0,0,Treinamento Virtual Argos de Grau 53,,,[]
340154,83,0,14030006,9019,340154,0,Monster_Name_340154,,0,0,2,103,False,0,2,2,1,True,True,100,200,460,10000.0,"[7210401,7210402,7210403]",False,0,0,0,0,Centurion de Treinamento Virtual Grau 54,,,[]
340155,84,0,14040006,9020,340155,0,Monster_Name_340155,,0,0,2,103,False,0,2,2,1,True,True,100,200,460,10000.0,"[7210501,7210502,7210503]",False,0,0,0,0,Treinamento Virtual de Grau 55 Kronos,,,[]
340156,85,0,14020006,340108,340156,0,Monster_Name_340156,,0,0,2,103,False,0,2,2,1,True,True,110,190,360,10000.0,[7210301],False,0,0,0,0,Treinamento Virtual Argos de Grau 56,,,[]
340157,86,0,14050006,9021,340157,0,Monster_Name_340157,,0,0,2,103,False,0,2,2,1,True,True,130,200,460,10000.0,"[7210601,7210602]",False,0,0,0,0,Treinamento Virtual Hellfire de Grau 57,,,[]
340158,87,0,14060006,9022,340158,0,Monster_Name_340158,,0,0,2,103,False,0,2,2,1,True,True,130,230,540,10000.0,"[7210701,7210702,7210703,7210704,7210705]",False,0,0,0,0,Treinamento Virtual Stinger de Grau 58,,,[]
340159,88,0,14070006,9023,340159,0,Monster_Name_340159,,0,0,2,103,False,0,2,2,1,True,True,130,230,540,10000.0,"[7210801,7210802,7210803,7210804]",False,0,0,0,0,Treinamento Virtual de Grau 59 Ares,,,[]
340160,89,0,14050006,340112,340160,0,Monster_Name_340160,,0,0,2,103,False,0,2,2,1,True,True,130,200,460,10000.0,"[7210601,7210602]",False,0,0,0,0,Treinamento Virtual Hellfire de Grau 60,,,[]
340161,90,0,14000007,9016,340149,0,Monster_Name_340161,,0,0,2,103,False,0,2,2,1,True,True,95,190,360,10000.0,"[7210101,7210102,7210103]",False,0,0,0,0,Treinamento Virtual Banshee de Grau 61,,,[]
340162,91,0,14010007,9017,340150,0,Monster_Name_340162,,0,0,2,103,False,0,2,2,1,True,True,95,190,360,10000.0,"[7210201,7210202,7210203]",False,0,0,0,0,Gryphon de Treinamento Virtual de Grau 62,,,[]
340163,92,0,14000007,9016,340151,0,Monster_Name_340163,,0,0,2,103,False,0,2,2,1,True,True,95,190,360,10000.0,"[7210101,7210102,7210103]",False,0,0,0,0,Treinamento Virtual Banshee de Grau 63,,,[]
340164,93,0,14020007,9018,340153,0,Monster_Name_340164,,0,0,2,103,False,0,2,2,1,True,True,110,190,360,10000.0,[7210301],False,0,0,0,0,Treinamento Virtual Argos de Grau 64,,,[]
340165,94,0,14030007,9019,340154,0,Monster_Name_340165,,0,0,2,103,False,0,2,2,1,True,True,100,200,460,10000.0,"[7210401,7210402,7210403]",False,0,0,0,0,Centurion de Treinamento Virtual Grau 65,,,[]
340166,95,0,14040007,9020,340155,0,Monster_Name_340166,,0,0,2,103,False,0,2,2,1,True,True,100,200,460,10000.0,"[7210501,7210502,7210503]",False,0,0,0,0,Treinamento Virtual de Grau 66 Kronos,,,[]
340167,96,0,14050007,9021,340157,0,Monster_Name_340167,,0,0,2,103,False,0,2,2,1,True,True,130,200,460,10000.0,"[7210601,7210602]",False,0,0,0,0,Treinamento Virtual Hellfire de Grau 67,,,[]
340168,97,0,14060008,9022,340158,0,Monster_Name_340168,,0,0,2,103,False,0,2,2,1,True,True,130,230,540,10000.0,"[7210701,7210702,7210703,7210704,7210705]",False,0,0,0,0,Treinamento Virtual Stinger de Grau 68,,,[]
340169,98,0,14070007,9023,340159,0,Monster_Name_340169,,0,0,2,103,False,0,2,2,1,True,True,130,230,540,10000.0,"[7210801,7210802,7210803,7210804]",False,0,0,0,0,Treinamento Virtual de Grau 69 Ares,,,[]
340170,99,0,14090002,9025,340170,0,Monster_Name_340170,,0,0,2,103,False,0,2,2,1,True,True,180,180,540,10000.0,"[7210001,7210002,7210003]",False,0,0,0,0,Treinamento Virtual de Grau 70 Thor,,,[]
340171,100,0,14000008,9016,340149,0,Monster_Name_340171,,0,0,2,103,False,0,2,2,1,True,True,95,190,360,10000.0,"[7210101,7210102,7210103]",False,0,0,0,0,Treinamento Virtual de Banshee de Grau 71,,,[]
340172,101,0,14010009,9017,340150,0,Monster_Name_340172,,0,0,2,103,False,0,2,2,1,True,True,95,190,360,10000.0,"[7210201,7210202,7210203]",False,0,0,0,0,Gryphon de Treinamento Virtual Grau 72,,,[]
340173,102,0,14020008,9018,340153,0,Monster_Name_340173,,0,0,2,103,False,0,2,2,1,True,True,110,190,360,10000.0,[7210301],False,0,0,0,0,Treinamento Virtual Argos de Grau 73,,,[]
340174,103,0,14030008,9019,340154,0,Monster_Name_340174,,0,0,2,103,False,0,2,2,1,True,True,100,200,460,10000.0,"[7210401,7210402,7210403]",False,0,0,0,0,Centurion de Treinamento Virtual Grau 74,,,[]
340175,104,0,14040008,9020,340155,0,Monster_Name_340175,,0,0,2,103,False,0,2,2,1,True,True,100,200,460,10000.0,"[7210501,7210502,7210503]",False,0,0,0,0,Treinamento Virtual de Grau 75 Kronos,,,[]
340176,105,0,14050008,9021,340157,0,Monster_Name_340176,,0,0,2,103,False,0,2,2,1,True,True,130,200,460,10000.0,"[7210601,7210602]",False,0,0,0,0,Treinamento Virtual Hellfire de Grau 76,,,[]
340177,106,0,14060010,9022,340158,0,Monster_Name_340177,,0,0,2,103,False,0,2,2,1,True,True,130,230,540,10000.0,"[7210701,7210702,7210703,7210704,7210705]",False,0,0,0,0,Treinamento Virtual Stinger de Grau 77,,,[]
340178,107,0,14070008,9023,340159,0,Monster_Name_340178,,0,0,2,103,False,0,2,2,1,True,True,130,230,540,10000.0,"[7210801,7210802,7210803,7210804]",False,0,0,0,0,Treinamento Virtual de Grau 78 Ares,,,[]
340179,108,0,14080003,9024,340170,0,Monster_Name_340179,,0,0,2,103,False,0,2,2,1,True,True,180,180,540,10000.0,"[7210901,7210902,7210903,7210904,7210905]",False,0,0,0,0,Treinamento Virtual do Kraken Grau 79,,,[]
340180,109,0,14090003,9025,340170,0,Monster_Name_340180,,0,0,2,103,False,0,2,2,1,True,True,180,180,540,10000.0,"[7210001,7210002,7210003]",False,0,0,0,0,Treinamento Virtual de Grau 80 Thor,,,[]
340181,110,0,14010010,9017,340150,0,Monster_Name_340181,,0,0,2,103,False,0,2,2,1,True,True,95,190,360,10000.0,"[7210201,7210202,7210203]",False,0,0,0,0,Treinamento Virtual Gryphon de Grau 81,,,[]
340182,111,0,14020009,9018,340153,0,Monster_Name_340182,,0,0,2,103,False,0,2,2,1,True,True,110,190,360,10000.0,[7210301],False,0,0,0,0,Treinamento Virtual Argos de Grau 82,,,[]
340183,112,0,14030009,9019,340154,0,Monster_Name_340183,,0,0,2,103,False,0,2,2,1,True,True,100,200,460,10000.0,"[7210401,7210402,7210403]",False,0,0,0,0,Centurion de Treinamento Virtual de Grau 83,,,[]
340184,113,0,14040009,9020,340155,0,Monster_Name_340184,,0,0,2,103,False,0,2,2,1,True,True,100,200,460,10000.0,"[7210501,7210502,7210503]",False,0,0,0,0,Treinamento Virtual de Grau 84 Kronos,,,[]
340185,114,0,14050009,9021,340157,0,Monster_Name_340185,,0,0,2,103,False,0,2,2,1,True,True,130,200,460,10000.0,"[7210601,7210602]",False,0,0,0,0,Treinamento Virtual Hellfire de Grau 85,,,[]
340186,115,0,14140001,9046,340159,0,Monster_Name_340186,,0,0,2,103,False,0,2,2,1,True,True,130,230,540,10000.0,"[7212001,7212002,7212003]",False,0,0,0,0,Treinamento Virtual Pantera Grau 86,,,[]
340187,116,0,14060011,9022,340158,0,Monster_Name_340187,,0,0,2,103,False,0,2,2,1,True,True,130,230,540,10000.0,"[7210701,7210702,7210703,7210704,7210705]",False,0,0,0,0,Treinamento Virtual Stinger Grau 87,,,[]
340188,117,0,14070009,9023,340159,0,Monster_Name_340188,,0,0,2,103,False,0,2,2,1,True,True,130,230,540,10000.0,"[7210801,7210802,7210803,7210804]",False,0,0,0,0,Treinamento Virtual de Grau 88 Ares,,,[]
340189,118,0,14080004,9024,340170,0,Monster_Name_340189,,0,0,2,103,False,0,2,2,1,True,True,180,180,540,10000.0,"[7210901,7210902,7210903,7210904,7210905]",False,0,0,0,0,Treinamento Virtual de Grau 89 Kraken,,,[]
340190,119,0,14090004,9025,340170,0,Monster_Name_340190,,0,0,2,103,False,0,2,2,1,True,True,180,180,540,10000.0,"[7210001,7210002,7210003]",False,0,0,0,0,Treinamento Virtual de Grau 90 Thor,,,[]
340201,5,1000120,18510000,1,1,0,Monster_Name_340201,,0,101,2,0,False,0,0,2,0,True,True,40,100,200,3000.0,[7003001],False,0,0,0,0,Sentinela Android,,,[141]
340202,5,1000120,18520000,1,1,0,Monster_Name_340202,,0,101,2,0,False,0,0,2,0,True,True,40,100,200,3000.0,[7003101],False,0,0,0,0,Defensor Android,,,[141]
340203,5,1000120,17450000,1,1,0,Monster_Name_340203,,0,101,2,0,False,0,0,2,0,True,True,40,100,200,3000.0,[7003001],False,0,0,0,0,Fuzileiro Android,,,[141]
340204,5,1000120,17460000,1,1,0,Monster_Name_340204,,0,101,2,0,False,0,0,2,0,True,True,40,100,200,3000.0,[7003101],False,0,0,0,0,Choque de Android,,,[141]
340205,5,1000120,18550000,1,1,0,Monster_Name_340205,,0,101,2,0,False,0,0,2,0,True,True,40,100,200,3000.0,[7003001],False,0,0,0,0,Sniper Android,,,[141]
340206,5,1000120,18560000,1,1,0,Monster_Name_340206,,0,101,2,0,False,0,0,2,0,True,True,40,100,200,3000.0,[7003101],False,0,0,0,0,Escolta Android,,,[141]
340207,60,1000120,18400000,1,1,0,Monster_Name_340207,,0,101,2,0,False,0,0,2,0,True,True,40,50,200,3000.0,[7003001],False,0,0,0,0,Comandante Android,,,[141]
340301,45,1200500,17450050,1,1,0,Monster_Name_340301,,0,101,2,0,False,0,0,2,0,True,True,40,100,200,3000.0,[7003001],False,0,0,0,0,Guerreiro Mecânico,,,[689]
340302,45,1200501,17460000,1,1,0,Monster_Name_340302,,0,101,2,0,False,0,0,2,0,True,True,40,100,200,3000.0,[7003101],False,0,0,0,0,Artilheiro Mecânico,,,[689]
340303,45,1200502,18400000,1,1,0,Monster_Name_340303,,0,101,2,0,False,0,0,2,0,True,True,40,50,200,3000.0,[7003001],False,0,0,0,0,Espadachim Mecânico,,,[689]
340304,45,1200503,18410000,1,1,0,Monster_Name_340304,,0,101,2,0,False,0,0,2,0,True,True,40,50,200,3000.0,[7003101],False,0,0,0,0,Mech Ranger,,,[689]
340305,45,1200504,10522000,1,1,0,Monster_Name_340305,,0,101,2,0,False,0,0,2,0,True,True,40,50,200,3000.0,[7006401],False,0,0,0,0,Sentinela Big Magnum,,,[689]
340306,45,1200505,10511050,1,1,0,Monster_Name_340306,,0,101,2,0,False,0,0,2,0,True,True,40,50,200,3000.0,"[7004001,7004002]",False,0,0,0,0,Grande Guerreiro Magnum,,,[689]
340307,45,1200506,10480050,1,1,0,Monster_Name_340307,,0,101,2,0,False,0,0,2,0,True,True,40,50,200,3000.0,[7002901],False,0,0,0,0,Drone Peep,,,[689]
340308,45,1200507,10490050,1,1,0,Monster_Name_340308,,0,101,2,0,False,0,0,2,0,True,True,40,90,200,3000.0,[7003201],False,0,0,0,0,Drone Farejador,,,[689]
340309,45,1200508,10811000,1,1,0,Monster_Name_340309,,0,101,2,0,False,0,0,2,0,True,True,40,60,200,3000.0,"[7012501,7012502]",False,0,0,0,0,Bork Laser,,,[689]
340310,45,1200509,10810051,1,1,0,Monster_Name_340310,,0,101,2,0,False,0,0,2,0,True,True,40,60,200,3000.0,"[7012401,7012402]",False,0,0,0,0,Bork de Assalto,,,[689]
340311,45,1200510,10812050,1,1,0,Monster_Name_340311,,0,101,2,0,False,0,0,2,0,True,True,40,60,200,3000.0,[7013101],False,0,0,0,0,Controle Bork,,,[689]
340312,45,1200511,10460002,1,1,0,Monster_Name_340312,,0,101,2,0,False,0,0,2,1,True,True,40,80,200,1300.0,[7008401],False,0,0,0,0,Fantasma Enfurecido,,,[689]
340331,50,1200512,17450051,1,1,0,Monster_Name_340331,,0,101,2,0,False,0,0,2,0,True,True,40,100,200,3000.0,[7003001],False,0,0,0,0,Guerreiro Mecânico,,,[1169]
340332,50,1200513,17460000,1,1,0,Monster_Name_340332,,0,101,2,0,False,0,0,2,0,True,True,40,100,200,3000.0,[7003101],False,0,0,0,0,Artilheiro Mecânico,,,[1169]
340333,50,1200514,18400000,1,1,0,Monster_Name_340333,,0,101,2,0,False,0,0,2,0,True,True,40,50,200,3000.0,[7003001],False,0,0,0,0,Espadachim Mecânico,,,[1169]
340334,50,1200515,18410000,1,1,0,Monster_Name_340334,,0,101,2,0,False,0,0,2,0,True,True,40,50,200,3000.0,[7003101],False,0,0,0,0,Mech Ranger,,,[1169]
340335,50,1200516,10522000,1,1,0,Monster_Name_340335,,0,101,2,0,False,0,0,2,0,True,True,40,50,200,3000.0,[7006401],False,0,0,0,0,Grande Sentinela Magnum,,,[1169]
340336,50,1200517,10511051,1,1,0,Monster_Name_340336,,0,101,2,0,False,0,0,2,0,True,True,40,50,200,3000.0,"[7004001,7004002]",False,0,0,0,0,Grande Guerreiro Magnum,,,[1169]
340337,50,1200518,10480051,1,1,0,Monster_Name_340337,,0,101,2,0,False,0,0,2,0,True,True,40,50,200,3000.0,[7002901],False,0,0,0,0,Drone Peep,,,[1169]
340338,50,1200519,10490051,1,1,0,Monster_Name_340338,,0,101,2,0,False,0,0,2,0,True,True,40,90,200,3000.0,[7003201],False,0,0,0,0,Drone Farejador,,,[1169]
340339,50,1200520,10811000,1,1,0,Monster_Name_340339,,0,101,2,0,False,0,0,2,0,True,True,40,60,200,3000.0,"[7012501,7012502]",False,0,0,0,0,Bork Laser,,,[1169]
340340,50,1200521,10810052,1,1,0,Monster_Name_340340,,0,101,2,0,False,0,0,2,0,True,True,40,60,200,3000.0,"[7012401,7012402]",False,0,0,0,0,Bork de Assalto,,,[1169]
340341,50,1200522,10812051,1,1,0,Monster_Name_340341,,0,101,2,0,False,0,0,2,0,True,True,40,60,200,3000.0,[7013101],False,0,0,0,0,Controle Bork,,,[1169]
340342,50,1200523,10460002,1,1,0,Monster_Name_340342,,0,101,2,0,False,0,0,2,1,True,True,40,80,200,1300.0,[7008401],False,0,0,0,0,Fantasma Enfurecido,,,[1169]
340361,55,1200524,17450052,1,1,0,Monster_Name_340361,,0,101,2,0,False,0,0,2,0,True,True,40,100,200,3000.0,[7003001],False,0,0,0,0,Guerreiro Mech,,,[1669]
340362,55,1200525,17460000,1,1,0,Monster_Name_340362,,0,101,2,0,False,0,0,2,0,True,True,40,100,200,3000.0,[7003101],False,0,0,0,0,Atirador de Mecha,,,[1669]
340363,55,1200526,18400000,1,1,0,Monster_Name_340363,,0,101,2,0,False,0,0,2,0,True,True,40,50,200,3000.0,[7003001],False,0,0,0,0,Espadachim Mecânico,,,[1669]
340364,55,1200527,18410000,1,1,0,Monster_Name_340364,,0,101,2,0,False,0,0,2,0,True,True,40,50,200,3000.0,[7003101],False,0,0,0,0,Mech Ranger,,,[1669]
340365,55,1200528,10522000,1,1,0,Monster_Name_340365,,0,101,2,0,False,0,0,2,0,True,True,40,50,200,3000.0,[7006401],False,0,0,0,0,Sentinela Big Magnum,,,[1669]
340366,55,1200529,10511052,1,1,0,Monster_Name_340366,,0,101,2,0,False,0,0,2,0,True,True,40,50,200,3000.0,"[7004001,7004002]",False,0,0,0,0,Grande Guerreiro Magnum,,,[1669]
340367,55,1200530,10480052,1,1,0,Monster_Name_340367,,0,101,2,0,False,0,0,2,0,True,True,40,50,200,3000.0,[7002901],False,0,0,0,0,Drone Peep,,,[1669]
340368,55,1200531,10490052,1,1,0,Monster_Name_340368,,0,101,2,0,False,0,0,2,0,True,True,40,90,200,3000.0,[7003201],False,0,0,0,0,Drone Farejador,,,[1669]
340369,55,1200532,10811000,1,1,0,Monster_Name_340369,,0,101,2,0,False,0,0,2,0,True,True,40,60,200,3000.0,"[7012501,7012502]",False,0,0,0,0,Bork Laser,,,[1669]
340370,55,1200533,10810000,1,1,0,Monster_Name_340370,,0,101,2,0,False,0,0,2,0,True,True,40,60,200,3000.0,"[7012401,7012402]",False,0,0,0,0,Bork de Assalto,,,[1669]
340371,55,1200534,10812052,1,1,0,Monster_Name_340371,,0,101,2,0,False,0,0,2,0,True,True,40,60,200,3000.0,[7013101],False,0,0,0,0,Controle Bork,,,[1669]
340372,55,1200535,10460002,1,1,0,Monster_Name_340372,,0,101,2,0,False,0,0,2,1,True,True,40,80,200,1300.0,[7008401],False,0,0,0,0,Fantasma Enfurecido,,,[1669]
340401,60,1200536,17450050,1,1,0,Monster_Name_340401,,0,101,2,0,False,0,0,2,0,True,True,40,100,200,3000.0,[7003001],False,0,0,0,0,Guerreiro Mecânico,,,[2869]
340402,60,1200537,17460050,1,1,0,Monster_Name_340402,,0,101,2,0,False,0,0,2,0,True,True,40,100,200,3000.0,[7003101],False,0,0,0,0,Artilheiro Mecânico,,,[2869]
340403,60,1200538,18400050,1,1,0,Monster_Name_340403,,0,101,2,0,False,0,0,2,0,True,True,40,50,200,3000.0,[7003001],False,0,0,0,0,Espadachim Mecânico,,,[2869]
340404,60,1200539,18410050,1,1,0,Monster_Name_340404,,0,101,2,0,False,0,0,2,0,True,True,40,50,200,3000.0,[7003101],False,0,0,0,0,Mech Ranger,,,[2869]
340405,60,1200540,10522000,1,1,0,Monster_Name_340405,,0,101,2,0,False,0,0,2,0,True,True,40,50,200,3000.0,[7006401],False,0,0,0,0,Grande Sentinela Magnum,,,[2869]
340406,60,1200541,10511050,1,1,0,Monster_Name_340406,,0,101,2,0,False,0,0,2,0,True,True,40,50,200,3000.0,"[7004001,7004002]",False,0,0,0,0,Grande Guerreiro Magnum,,,[2869]
340407,60,1200542,17420000,1,1,0,Monster_Name_340407,,0,101,2,0,False,0,0,2,0,True,True,40,100,200,3000.0,"[7004501,7004502]",False,0,0,0,0,Comandante da Espada,,,[2869]
340408,60,1200543,17411000,1,1,0,Monster_Name_340408,,0,101,2,0,False,0,0,2,0,True,True,40,100,200,3000.0,"[7004801,7004802]",False,0,0,0,0,Comandante Artilheiro,,,[2869]
340409,60,1200544,10410000,1,1,0,Monster_Name_340409,,0,101,2,0,False,0,0,2,0,True,True,40,70,200,3000.0,[7008201],False,0,0,0,0,Passer Alpha,,,[2869]
340410,60,1200545,10843000,1,1,0,Monster_Name_340410,,0,101,2,0,False,0,0,2,0,True,True,40,80,80,3000.0,[7018201],False,0,0,0,0,Mula Armada,,,[2869]
340411,60,1200546,10410050,1,1,0,Monster_Name_340411,,0,101,2,0,False,0,0,2,0,True,True,40,70,200,3000.0,[7008201],False,0,0,0,0,Passador Delta,,,[2869]
340412,60,1200547,10460002,1,1,0,Monster_Name_340412,,0,101,2,0,False,0,0,2,1,True,True,40,80,200,1300.0,[7008401],False,0,0,0,0,Fantasma Enfurecido,,,[2869]
340431,64,1200548,17450051,1,1,0,Monster_Name_340431,,0,101,2,0,False,0,0,2,0,True,True,40,100,200,3000.0,[7003001],False,0,0,0,0,Guerreiro Mecânico,,,[5169]
340432,64,1200549,17460051,1,1,0,Monster_Name_340432,,0,101,2,0,False,0,0,2,0,True,True,40,100,200,3000.0,[7003101],False,0,0,0,0,Atirador Mecânico,,,[5169]
340433,64,1200550,18400051,1,1,0,Monster_Name_340433,,0,101,2,0,False,0,0,2,0,True,True,40,50,200,3000.0,[7003001],False,0,0,0,0,Espadachim Mecânico,,,[5169]
340434,64,1200551,18410051,1,1,0,Monster_Name_340434,,0,101,2,0,False,0,0,2,0,True,True,40,50,200,3000.0,[7003101],False,0,0,0,0,Mech Ranger,,,[5169]
340435,64,1200552,10522000,1,1,0,Monster_Name_340435,,0,101,2,0,False,0,0,2,0,True,True,40,50,200,3000.0,[7006401],False,0,0,0,0,Sentinela Big Magnum,,,[5169]
340436,64,1200553,10511051,1,1,0,Monster_Name_340436,,0,101,2,0,False,0,0,2,0,True,True,40,50,200,3000.0,"[7004001,7004002]",False,0,0,0,0,Grande Guerreiro Magnum,,,[5169]
340437,64,1200554,17420000,1,1,0,Monster_Name_340437,,0,101,2,0,False,0,0,2,0,True,True,40,100,200,3000.0,"[7004501,7004502]",False,0,0,0,0,Comandante da Espada,,,[5169]
340438,64,1200555,17411000,1,1,0,Monster_Name_340438,,0,101,2,0,False,0,0,2,0,True,True,40,100,200,3000.0,"[7004801,7004802]",False,0,0,0,0,Comandante Artilheiro,,,[5169]
340439,64,1200556,10410000,1,1,0,Monster_Name_340439,,0,101,2,0,False,0,0,2,0,True,True,40,70,200,3000.0,[7008201],False,0,0,0,0,Passer Alpha,,,[5169]
340440,64,1200557,10843000,1,1,0,Monster_Name_340440,,0,101,2,0,False,0,0,2,0,True,True,40,80,80,3000.0,[7018201],False,0,0,0,0,Mula Armada,,,[5169]
340441,64,1200558,10410051,1,1,0,Monster_Name_340441,,0,101,2,0,False,0,0,2,0,True,True,40,70,200,3000.0,[7008201],False,0,0,0,0,Passador Delta,,,[5169]
340442,64,1200559,10460002,1,1,0,Monster_Name_340442,,0,101,2,0,False,0,0,2,1,True,True,40,80,200,1300.0,[7008401],False,0,0,0,0,Fantasma Enfurecido,,,[5169]
340461,68,1200560,17450052,1,1,0,Monster_Name_340461,,0,101,2,0,False,0,0,2,0,True,True,40,100,200,3000.0,[7003001],False,0,0,0,0,Guerreiro Mecânico,,,[8069]
340462,68,1200561,17460052,1,1,0,Monster_Name_340462,,0,101,2,0,False,0,0,2,0,True,True,40,100,200,3000.0,[7003101],False,0,0,0,0,Atirador de Mechas,,,[8069]
340463,68,1200562,18400052,1,1,0,Monster_Name_340463,,0,101,2,0,False,0,0,2,0,True,True,40,50,200,3000.0,[7003001],False,0,0,0,0,Espadachim Mecânico,,,[8069]
340464,68,1200563,18410052,1,1,0,Monster_Name_340464,,0,101,2,0,False,0,0,2,0,True,True,40,50,200,3000.0,[7003101],False,0,0,0,0,Mech Ranger,,,[8069]
340465,68,1200564,10522000,1,1,0,Monster_Name_340465,,0,101,2,0,False,0,0,2,0,True,True,40,50,200,3000.0,[7006401],False,0,0,0,0,Grande Sentinela Magnum,,,[8069]
340466,68,1200565,10511052,1,1,0,Monster_Name_340466,,0,101,2,0,False,0,0,2,0,True,True,40,50,200,3000.0,"[7004001,7004002]",False,0,0,0,0,Grande Guerreiro Magnum,,,[8069]
340467,68,1200566,17420000,1,1,0,Monster_Name_340467,,0,101,2,0,False,0,0,2,0,True,True,40,100,200,3000.0,"[7004501,7004502]",False,0,0,0,0,Comandante de Espada,,,[8069]
340468,68,1200567,17411000,1,1,0,Monster_Name_340468,,0,101,2,0,False,0,0,2,0,True,True,40,100,200,3000.0,"[7004801,7004802]",False,0,0,0,0,Comandante Artilheiro,,,[8069]
340469,68,1200568,10410000,1,1,0,Monster_Name_340469,,0,101,2,0,False,0,0,2,0,True,True,40,70,200,3000.0,[7008201],False,0,0,0,0,Passer Alpha,,,[8069]
340470,68,1200569,10843000,1,1,0,Monster_Name_340470,,0,101,2,0,False,0,0,2,0,True,True,40,80,80,3000.0,[7018201],False,0,0,0,0,Mula Armada,,,[8069]
340471,68,1200570,10410052,1,1,0,Monster_Name_340471,,0,101,2,0,False,0,0,2,0,True,True,40,70,200,3000.0,[7008201],False,0,0,0,0,Passador Delta,,,[8069]
340472,68,1200571,10460002,1,1,0,Monster_Name_340472,,0,101,2,0,False,0,0,2,1,True,True,40,80,200,1300.0,[7008401],False,0,0,0,0,Fantasma Enfurecido,,,[8069]
340501,72,1200572,17450050,1,1,0,Monster_Name_340501,,0,101,2,0,False,0,0,2,0,True,True,40,100,200,3000.0,[7003001],False,0,0,0,0,Guerreiro Mecânico,,,[12169]
340502,72,1200573,17460050,1,1,0,Monster_Name_340502,,0,101,2,0,False,0,0,2,0,True,True,40,100,200,3000.0,[7003101],False,0,0,0,0,Artilheiro Mecânico,,,[12169]
340503,72,1200574,18400050,1,1,0,Monster_Name_340503,,0,101,2,0,False,0,0,2,0,True,True,40,50,200,3000.0,[7003001],False,0,0,0,0,Espadachim Mecânico,,,[12169]
340504,72,1200575,18410050,1,1,0,Monster_Name_340504,,0,101,2,0,False,0,0,2,0,True,True,40,50,200,3000.0,[7003101],False,0,0,0,0,Mech Ranger,,,[12169]
340505,72,1200576,10522000,1,1,0,Monster_Name_340505,,0,101,2,0,False,0,0,2,0,True,True,40,50,200,3000.0,[7006401],False,0,0,0,0,Grande Sentinela Magnum,,,[12169]
340506,72,1200577,10511050,1,1,0,Monster_Name_340506,,0,101,2,0,False,0,0,2,0,True,True,40,50,200,3000.0,"[7004001,7004002]",False,0,0,0,0,Grande Guerreiro Magnum,,,[12169]
340507,72,1200578,10550050,1,1,0,Monster_Name_340507,,0,101,2,0,False,0,0,2,0,True,True,40,60,200,3000.0,"[7006201,7006202]",False,0,0,0,0,Guerreiro Crawler,,,[12169]
340508,72,1200579,10551050,1,1,0,Monster_Name_340508,,0,101,2,0,False,0,0,2,0,True,True,40,60,200,3000.0,[7006301],False,0,0,0,0,Sentinela Crawler,,,[12169]
340509,72,1200580,18780000,1,1,0,Monster_Name_340509,,0,101,2,0,False,0,0,2,0,True,True,40,60,200,3000.0,"[7013501,7013502]",False,0,0,0,0,Recon,,,[12169]
340510,72,1200581,18790000,1,1,0,Monster_Name_340510,,0,101,2,0,False,0,0,2,0,True,True,40,60,200,3000.0,"[7013601,7013602]",False,0,0,0,0,Striker,,,[12169]
340511,72,1200582,18800000,1,1,0,Monster_Name_340511,,0,101,2,0,False,0,0,2,0,True,True,40,60,200,3000.0,"[7013701,7013702]",False,0,0,0,0,Vanguarda,,,[12169]
340512,84,0,16200000,206,3,0,Monster_Name_340512,,0,10,2,106,False,0,2,2,0,True,True,150,450,200,3000.0,[7101601],False,0,0,0,0,Executor,,,[]
340513,72,1200583,10460002,1,1,0,Monster_Name_340513,,0,101,2,0,False,0,0,2,1,True,True,40,80,200,1300.0,[7008401],False,0,0,0,0,Fantasma Enfurecido,,,[12169]
340531,75,1200584,17450051,1,1,0,Monster_Name_340531,,0,101,2,0,False,0,0,2,0,True,True,40,100,200,3000.0,[7003001],False,0,0,0,0,Guerreiro Mech,,,[16069]
340532,75,1200585,17460051,1,1,0,Monster_Name_340532,,0,101,2,0,False,0,0,2,0,True,True,40,100,200,3000.0,[7003101],False,0,0,0,0,Atirador Mecânico,,,[16069]
340533,75,1200586,18400051,1,1,0,Monster_Name_340533,,0,101,2,0,False,0,0,2,0,True,True,40,50,200,3000.0,[7003001],False,0,0,0,0,Espadachim Mecânico,,,[16069]
340534,75,1200587,18410051,1,1,0,Monster_Name_340534,,0,101,2,0,False,0,0,2,0,True,True,40,50,200,3000.0,[7003101],False,0,0,0,0,Ranger Mecânico,,,[16069]
340535,75,1200588,10522000,1,1,0,Monster_Name_340535,,0,101,2,0,False,0,0,2,0,True,True,40,50,200,3000.0,[7006401],False,0,0,0,0,Grande Sentinela Magnum,,,[16069]
340536,75,1200589,10511051,1,1,0,Monster_Name_340536,,0,101,2,0,False,0,0,2,0,True,True,40,50,200,3000.0,"[7004001,7004002]",False,0,0,0,0,Grande Guerreiro Magnum,,,[16069]
340537,75,1200590,10550051,1,1,0,Monster_Name_340537,,0,101,2,0,False,0,0,2,0,True,True,40,60,200,3000.0,"[7006201,7006202]",False,0,0,0,0,Guerreiro Crawler,,,[16069]
340538,75,1200591,10551051,1,1,0,Monster_Name_340538,,0,101,2,0,False,0,0,2,0,True,True,40,60,200,3000.0,[7006301],False,0,0,0,0,Sentinela Crawler,,,[16069]
340539,75,1200592,18780000,1,1,0,Monster_Name_340539,,0,101,2,0,False,0,0,2,0,True,True,40,60,200,3000.0,"[7013501,7013502]",False,0,0,0,0,Recon,,,[16069]
340540,75,1200593,18790000,1,1,0,Monster_Name_340540,,0,101,2,0,False,0,0,2,0,True,True,40,60,200,3000.0,"[7013601,7013602]",False,0,0,0,0,Striker,,,[16069]
340541,75,1200594,18800000,1,1,0,Monster_Name_340541,,0,101,2,0,False,0,0,2,0,True,True,40,60,200,3000.0,"[7013701,7013702]",False,0,0,0,0,Vanguarda,,,[16069]
340543,75,1200595,10460002,1,1,0,Monster_Name_340543,,0,101,2,0,False,0,0,2,1,True,True,40,80,200,1300.0,[7008401],False,0,0,0,0,Fantasma Enfurecido,,,[16069]
340561,78,1200596,17450052,1,1,0,Monster_Name_340561,,0,101,2,0,False,0,0,2,0,True,True,40,100,200,3000.0,[7003001],False,0,0,0,0,Guerreiro Mech,,,[20419]
340562,78,1200597,17460052,1,1,0,Monster_Name_340562,,0,101,2,0,False,0,0,2,0,True,True,40,100,200,3000.0,[7003101],False,0,0,0,0,Artilheiro Mecânico,,,[20419]
340563,78,1200598,18400052,1,1,0,Monster_Name_340563,,0,101,2,0,False,0,0,2,0,True,True,40,50,200,3000.0,[7003001],False,0,0,0,0,Espadachim Mecânico,,,[20419]
340564,78,1200599,18410052,1,1,0,Monster_Name_340564,,0,101,2,0,False,0,0,2,0,True,True,40,50,200,3000.0,[7003101],False,0,0,0,0,Mech Ranger,,,[20419]
340565,78,1200600,10522000,1,1,0,Monster_Name_340565,,0,101,2,0,False,0,0,2,0,True,True,40,50,200,3000.0,[7006401],False,0,0,0,0,Sentinela Big Magnum,,,[20419]
340566,78,1200601,10511052,1,1,0,Monster_Name_340566,,0,101,2,0,False,0,0,2,0,True,True,40,50,200,3000.0,"[7004001,7004002]",False,0,0,0,0,Grande Guerreiro Magnum,,,[20419]
340567,78,1200602,10550052,1,1,0,Monster_Name_340567,,0,101,2,0,False,0,0,2,0,True,True,40,60,200,3000.0,"[7006201,7006202]",False,0,0,0,0,Guerreiro Crawler,,,[20419]
340568,78,1200603,10551052,1,1,0,Monster_Name_340568,,0,101,2,0,False,0,0,2,0,True,True,40,60,200,3000.0,[7006301],False,0,0,0,0,Sentinela Crawler,,,[20419]
340569,78,1200604,18780000,1,1,0,Monster_Name_340569,,0,101,2,0,False,0,0,2,0,True,True,40,60,200,3000.0,"[7013501,7013502]",False,0,0,0,0,Recon,,,[20419]
340570,78,1200605,18790000,1,1,0,Monster_Name_340570,,0,101,2,0,False,0,0,2,0,True,True,40,60,200,3000.0,"[7013601,7013602]",False,0,0,0,0,Striker,,,[20419]
340571,78,1200606,18800000,1,1,0,Monster_Name_340571,,0,101,2,0,False,0,0,2,0,True,True,40,60,200,3000.0,"[7013701,7013702]",False,0,0,0,0,Vanguarda,,,[20419]
340572,78,1200607,10460002,1,1,0,Monster_Name_340572,,0,101,2,0,False,0,0,2,1,True,True,40,80,200,1300.0,[7008401],False,0,0,0,0,Fantasma Enfurecido,,,[20419]
340601,82,1200608,17450050,1,1,0,Monster_Name_340601,,0,101,2,0,False,0,0,2,0,True,True,40,100,200,3000.0,[7003001],False,0,0,0,0,Guerreiro Mech,,,[26919]
340602,82,1200609,17460050,1,1,0,Monster_Name_340602,,0,101,2,0,False,0,0,2,0,True,True,40,100,200,3000.0,[7003101],False,0,0,0,0,Atirador de Mecha,,,[26919]
340603,82,1200610,18400050,1,1,0,Monster_Name_340603,,0,101,2,0,False,0,0,2,0,True,True,40,50,200,3000.0,[7003001],False,0,0,0,0,Espadachim Mecânico,,,[26919]
340604,82,1200611,18410050,1,1,0,Monster_Name_340604,,0,101,2,0,False,0,0,2,0,True,True,40,50,200,3000.0,[7003101],False,0,0,0,0,Mech Ranger,,,[26919]
340605,82,1200612,10522000,1,1,0,Monster_Name_340605,,0,101,2,0,False,0,0,2,0,True,True,40,50,200,3000.0,[7006401],False,0,0,0,0,Sentinela Big Magnum,,,[26919]
340606,82,1200613,10511050,1,1,0,Monster_Name_340606,,0,101,2,0,False,0,0,2,0,True,True,40,50,200,3000.0,"[7004001,7004002]",False,0,0,0,0,Grande Guerreiro Magnum,,,[26919]
340607,82,1200614,10834000,1,1,0,Monster_Name_340607,,0,101,2,0,False,0,0,2,0,True,True,40,50,50,3000.0,"[7016301,7016302]",False,0,0,0,0,Médico Lydian,,,[26919]
340608,82,1200615,10832000,1,1,0,Monster_Name_340608,,0,101,2,0,False,0,0,2,0,True,True,40,110,200,3000.0,"[7016101,7016102,7016103]",False,0,0,0,0,Portuário Lydian,,,[26919]
340609,82,1200616,10825000,1,1,0,Monster_Name_340609,,0,101,2,0,False,0,0,2,0,True,True,40,50,200,3000.0,"[7014501,7014502,7014503]",False,0,0,0,0,Ranger Soma,,,[26919]
340610,82,1200617,10826000,1,1,0,Monster_Name_340610,,0,101,2,0,False,0,0,2,0,True,True,40,60,120,3000.0,"[7015901,7015902]",False,0,0,0,0,Guerreiro Soma,,,[26919]
340611,82,1200618,10827000,1,1,0,Monster_Name_340611,,0,101,2,0,False,0,0,2,0,True,True,40,60,120,3000.0,"[7016001,7016002]",False,0,0,0,0,Mago Soma,,,[26919]
340612,82,1200619,10460002,1,1,0,Monster_Name_340612,,0,101,2,0,False,0,0,2,1,True,True,40,80,200,1300.0,[7008401],False,0,0,0,0,Fantasma Enfurecido,,,[26919]
340631,86,1200620,17450051,1,1,0,Monster_Name_340631,,0,101,2,0,False,0,0,2,0,True,True,40,100,200,3000.0,[7003001],False,0,0,0,0,Guerreiro Mecânico,,,[34219]
340632,86,1200621,17460051,1,1,0,Monster_Name_340632,,0,101,2,0,False,0,0,2,0,True,True,40,100,200,3000.0,[7003101],False,0,0,0,0,Atirador Mecânico,,,[34219]
340633,86,1200622,18400051,1,1,0,Monster_Name_340633,,0,101,2,0,False,0,0,2,0,True,True,40,50,200,3000.0,[7003001],False,0,0,0,0,Espadachim Mecânico,,,[34219]
340634,86,1200623,18410051,1,1,0,Monster_Name_340634,,0,101,2,0,False,0,0,2,0,True,True,40,50,200,3000.0,[7003101],False,0,0,0,0,Mech Ranger,,,[34219]
340635,86,1200624,10522000,1,1,0,Monster_Name_340635,,0,101,2,0,False,0,0,2,0,True,True,40,50,200,3000.0,[7006401],False,0,0,0,0,Grande Sentinela Magnum,,,[34219]
340636,86,1200625,10511051,1,1,0,Monster_Name_340636,,0,101,2,0,False,0,0,2,0,True,True,40,50,200,3000.0,"[7004001,7004002]",False,0,0,0,0,Grande Guerreiro Magnum,,,[34219]
340637,86,1200626,10834000,1,1,0,Monster_Name_340637,,0,101,2,0,False,0,0,2,0,True,True,40,50,50,3000.0,"[7016301,7016302]",False,0,0,0,0,Médico Lydian,,,[34219]
340638,86,1200627,10832000,1,1,0,Monster_Name_340638,,0,101,2,0,False,0,0,2,0,True,True,40,110,200,3000.0,"[7016101,7016102,7016103]",False,0,0,0,0,Portuário Lydian,,,[34219]
340639,86,1200628,10825000,1,1,0,Monster_Name_340639,,0,101,2,0,False,0,0,2,0,True,True,40,50,200,3000.0,"[7014501,7014502,7014503]",False,0,0,0,0,Ranger Soma,,,[34219]
340640,86,1200629,10826000,1,1,0,Monster_Name_340640,,0,101,2,0,False,0,0,2,0,True,True,40,60,120,3000.0,"[7015901,7015902]",False,0,0,0,0,Guerreiro Soma,,,[34219]
340641,86,1200630,10827000,1,1,0,Monster_Name_340641,,0,101,2,0,False,0,0,2,0,True,True,40,60,120,3000.0,"[7016001,7016002]",False,0,0,0,0,Mago Soma,,,[34219]
340642,86,1200631,10460002,1,1,0,Monster_Name_340642,,0,101,2,0,False,0,0,2,1,True,True,40,80,200,1300.0,[7008401],False,0,0,0,0,Fantasma Enfurecido,,,[34219]
340661,90,1200632,17450052,1,1,0,Monster_Name_340661,,0,101,2,0,False,0,0,2,0,True,True,40,100,200,3000.0,[7003001],False,0,0,0,0,Guerreiro Mecânico,,,[42319]
340662,90,1200633,17460052,1,1,0,Monster_Name_340662,,0,101,2,0,False,0,0,2,0,True,True,40,100,200,3000.0,[7003101],False,0,0,0,0,Artilheiro Mecânico,,,[42319]
340663,90,1200634,18400052,1,1,0,Monster_Name_340663,,0,101,2,0,False,0,0,2,0,True,True,40,50,200,3000.0,[7003001],False,0,0,0,0,Espadachim Mecânico,,,[42319]
340664,90,1200635,18410052,1,1,0,Monster_Name_340664,,0,101,2,0,False,0,0,2,0,True,True,40,50,200,3000.0,[7003101],False,0,0,0,0,Mech Ranger,,,[42319]
340665,90,1200636,10522000,1,1,0,Monster_Name_340665,,0,101,2,0,False,0,0,2,0,True,True,40,50,200,3000.0,[7006401],False,0,0,0,0,Grande Sentinela Magnum,,,[42319]
340666,90,1200637,10511052,1,1,0,Monster_Name_340666,,0,101,2,0,False,0,0,2,0,True,True,40,50,200,3000.0,"[7004001,7004002]",False,0,0,0,0,Grande Guerreiro Magnum,,,[42319]
340667,90,1200638,10834000,1,1,0,Monster_Name_340667,,0,101,2,0,False,0,0,2,0,True,True,40,50,50,3000.0,"[7016301,7016302]",False,0,0,0,0,Médico Lydian,,,[42319]
340668,90,1200639,10832000,1,1,0,Monster_Name_340668,,0,101,2,0,False,0,0,2,0,True,True,40,110,200,3000.0,"[7016101,7016102,7016103]",False,0,0,0,0,Portuário Lydian,,,[42319]
340669,90,1200640,10825000,1,1,0,Monster_Name_340669,,0,101,2,0,False,0,0,2,0,True,True,40,50,200,3000.0,"[7014501,7014502,7014503]",False,0,0,0,0,Ranger Soma,,,[42319]
340670,90,1200641,10826000,1,1,0,Monster_Name_340670,,0,101,2,0,False,0,0,2,0,True,True,40,60,120,3000.0,"[7015901,7015902]",False,0,0,0,0,Guerreiro Soma,,,[42319]
340671,90,1200642,10827000,1,1,0,Monster_Name_340671,,0,101,2,0,False,0,0,2,0,True,True,40,60,120,3000.0,"[7016001,7016002]",False,0,0,0,0,Mago Soma,,,[42319]
340672,90,1200643,10460002,1,1,0,Monster_Name_340672,,0,101,2,0,False,0,0,2,1,True,True,40,80,200,1300.0,[7008401],False,0,0,0,0,Fantasma Enfurecido,,,[42319]
340673,96,0,16480000,556,3,0,Monster_Name_340673,,0,101,2,106,False,0,2,2,0,True,True,150,800,800,5000.0,"[7105001,7105002]",False,0,0,0,0,Grande Forja,,,[]
340701,95,1200644,17450050,1,1,0,Monster_Name_340701,,0,101,2,0,False,0,0,2,0,True,True,40,50,200,3000.0,[7003001],False,0,0,0,0,Guerreiro Mecânico,,,[58669]
340702,95,1200645,17460050,1,1,0,Monster_Name_340702,,0,101,2,0,False,0,0,2,0,True,True,40,50,200,3000.0,[7003101],False,0,0,0,0,Artilheiro Mecânico,,,[58669]
340703,95,1200646,18400052,1,1,0,Monster_Name_340703,,0,101,2,0,False,0,0,2,0,True,True,40,50,200,3000.0,[7003001],False,0,0,0,0,Espadachim Mecânico,,,[58669]
340704,95,1200647,18410052,1,1,0,Monster_Name_340704,,0,101,2,0,False,0,0,2,0,True,True,40,50,200,3000.0,[7003101],False,0,0,0,0,Mech Ranger,,,[58669]
340705,95,1200648,10812050,1,1,0,Monster_Name_340705,,0,101,2,0,False,0,0,2,0,True,True,40,50,200,3000.0,"[7013101,7013102]",False,0,0,0,0,Controle Bork,,,[58669]
340706,95,1200649,10810050,1,1,0,Monster_Name_340706,,0,101,2,0,False,0,0,2,0,True,True,40,60,200,1500.0,"[7012401,7012402]",False,0,0,0,0,Bork de Assalto,,,[58669]
340707,95,1200650,10834000,1,1,0,Monster_Name_340707,,0,101,2,0,False,0,0,2,0,True,True,30,40,50,3000.0,"[7016301,7016302]",False,0,0,0,0,Médico Lydian,,,[58669]
340708,95,1200651,10832000,1,1,0,Monster_Name_340708,,0,101,2,0,False,0,0,2,0,True,True,60,150,130,3000.0,"[7016101,7016102,7016103]",False,0,0,0,0,Portuário Lydian,,,[58669]
340709,95,1200652,10825000,1,1,0,Monster_Name_340709,,0,101,2,0,False,0,0,2,0,True,True,30,40,200,3000.0,"[7014501,7014502,7014503]",False,0,0,0,0,Ranger Soma,,,[58669]
340710,95,1200653,10826000,1,1,0,Monster_Name_340710,,0,101,2,0,False,0,0,2,0,True,True,40,60,120,3000.0,"[7015901,7015902]",False,0,0,0,0,Guerreiro Soma,,,[58669]
340711,95,1200654,10490050,1,1,0,Monster_Name_340711,,0,101,2,0,False,0,0,2,0,True,True,50,50,200,5000.0,[7003201],False,0,0,0,0,Sniffer,,,[58669]
340712,95,1200655,10460002,1,1,0,Monster_Name_340712,,0,101,2,0,False,0,0,2,1,True,True,40,80,200,1300.0,[7008401],False,0,0,0,0,Fantasma Enfurecido,,,[58669]
340731,100,1200656,17450051,1,1,0,Monster_Name_340731,,0,101,2,0,False,0,0,2,0,True,True,40,50,200,3000.0,[7003001],False,0,0,0,0,Guerreiro Mecânico,,,[80869]
340732,100,1200657,17460051,1,1,0,Monster_Name_340732,,0,101,2,0,False,0,0,2,0,True,True,40,50,200,3000.0,[7003101],False,0,0,0,0,Atirador de Mecha,,,[80869]
340733,100,1200658,18400052,1,1,0,Monster_Name_340733,,0,101,2,0,False,0,0,2,0,True,True,40,50,200,3000.0,[7003001],False,0,0,0,0,Espadachim Mecânico,,,[80869]
340734,100,1200659,18410052,1,1,0,Monster_Name_340734,,0,101,2,0,False,0,0,2,0,True,True,40,50,200,3000.0,[7003101],False,0,0,0,0,Mech Ranger,,,[80869]
340735,100,1200660,10812051,1,1,0,Monster_Name_340735,,0,101,2,0,False,0,0,2,0,True,True,40,50,200,3000.0,"[7013101,7013102]",False,0,0,0,0,Controle Bork,,,[80869]
340736,100,1200661,10810051,1,1,0,Monster_Name_340736,,0,101,2,0,False,0,0,2,0,True,True,40,60,200,1500.0,"[7012401,7012402]",False,0,0,0,0,Bork de Assalto,,,[80869]
340737,100,1200662,10810050,1,1,0,Monster_Name_340737,,0,101,2,0,False,0,0,2,0,True,True,40,60,200,1500.0,"[7012401,7012402]",False,0,0,0,0,Médico Lydian,,,[80869]
340738,100,1200663,10832000,1,1,0,Monster_Name_340738,,0,101,2,0,False,0,0,2,0,True,True,60,150,130,3000.0,"[7016101,7016102,7016103]",False,0,0,0,0,Portuário Lydian,,,[80869]
340739,100,1200664,10490051,1,1,0,Monster_Name_340739,,0,101,2,0,False,0,0,2,0,True,True,50,50,200,5000.0,[7003201],False,0,0,0,0,Sniffer,,,[80869]
340740,100,1200665,10826000,1,1,0,Monster_Name_340740,,0,101,2,0,False,0,0,2,0,True,True,40,60,120,3000.0,"[7015901,7015902]",False,0,0,0,0,Guerreiro Soma,,,[80869]
340741,100,1200666,10827000,1,1,0,Monster_Name_340741,,0,101,2,0,False,0,0,2,0,True,True,40,60,120,3000.0,"[7016001,7016002]",False,0,0,0,0,Mago Soma,,,[80869]
340742,100,1200667,10460002,1,1,0,Monster_Name_340742,,0,101,2,0,False,0,0,2,1,True,True,40,80,200,1300.0,[7008401],False,0,0,0,0,Fantasma Enfurecido,,,[80869]
340761,105,1200668,17450052,1,1,0,Monster_Name_340761,,0,101,2,0,False,0,0,2,0,True,True,40,50,200,3000.0,[7003001],False,0,0,0,0,Guerreiro Mecânico,,,[109669]
340762,105,1200669,17460052,1,1,0,Monster_Name_340762,,0,101,2,0,False,0,0,2,0,True,True,40,50,200,3000.0,[7003101],False,0,0,0,0,Atirador de Mecha,,,[109669]
340763,105,1200670,18400052,1,1,0,Monster_Name_340763,,0,101,2,0,False,0,0,2,0,True,True,40,50,200,3000.0,[7003001],False,0,0,0,0,Espadachim Mecânico,,,[109669]
340764,105,1200671,18410052,1,1,0,Monster_Name_340764,,0,101,2,0,False,0,0,2,0,True,True,40,50,200,3000.0,[7003101],False,0,0,0,0,Mech Ranger,,,[109669]
340765,105,1200672,10410052,1,1,0,Monster_Name_340765,,0,101,2,0,False,0,0,2,0,True,True,40,50,200,3000.0,[7008201],False,0,0,0,0,Passer Alpha,,,[109669]
340766,105,1200673,10831010,1,1,0,Monster_Name_340766,,0,101,2,0,False,0,0,2,0,True,True,40,80,140,3000.0,"[7015801,7015802,7015803,7015804]",False,0,0,0,0,Junker,,,[109669]
340767,105,1200674,10834000,1,1,0,Monster_Name_340767,,0,101,2,0,False,0,0,2,0,True,True,30,40,50,3000.0,"[7016301,7016302]",False,0,0,0,0,Médico Lydian,,,[109669]
340768,105,1200675,10832000,1,1,0,Monster_Name_340768,,0,101,2,0,False,0,0,2,0,True,True,60,150,130,3000.0,"[7016101,7016102,7016103]",False,0,0,0,0,Portuário Lydian,,,[109669]
340769,105,1200676,18780050,1,1,0,Monster_Name_340769,,0,101,2,0,False,0,0,2,0,True,True,40,60,200,3000.0,"[7013501,7013502,7013503]",False,0,0,0,0,Recon,,,[109669]
340770,105,1200677,18800050,1,1,0,Monster_Name_340770,,0,101,2,0,False,0,0,2,0,True,True,40,60,200,3000.0,"[7013701,7013702,7013703]",False,0,0,0,0,Vanguarda,,,[109669]
340771,105,1200678,18790050,1,1,0,Monster_Name_340771,,0,101,2,0,False,0,0,2,0,True,True,40,60,200,3000.0,"[7013601,7013602]",False,0,0,0,0,Striker,,,[109669]
340772,105,1200679,10460002,1,1,0,Monster_Name_340772,,0,101,2,0,False,0,0,2,1,True,True,40,80,200,1300.0,[7008401],False,0,0,0,0,Fantasma Enfurecido,,,[109669]
340773,109,0,16490000,819,3,0,Monster_Name_340773,,0,101,2,106,False,0,2,2,0,True,True,150,300,300,5000.0,"[7106801,7106802]",False,0,0,0,0,Rhamnousia,,,[]
341100,1,0,30450000,0,1,0,,,0,0,2,213,False,0,0,2,0,False,False,60,450,200,3000.0,[],False,0,1,0,0,,,,[]
341101,36,0,16170001,271,4,0,Monster_Name_341101,Monster_Title_341101,0,0,2,103,False,0,2,2,1,True,True,40,250,200,3000.0,[7101301],False,0,0,0,0,Larva Infernal Mecha,Fácil,,[]
341102,38,0,16250001,268,4,0,Monster_Name_341102,Monster_Title_341101,0,0,2,103,False,0,2,2,1,True,True,40,350,200,3000.0,[7102401],False,0,0,0,0,Lapis Mecha,Fácil,,[]
341103,40,0,16160001,274,4,0,Monster_Name_341103,Monster_Title_341101,0,0,2,103,False,0,2,2,1,True,True,40,300,200,3000.0,[7101201],False,0,0,0,0,Pinça Mecha,Fácil,,[]
341104,42,0,16070001,277,4,0,Monster_Name_341104,Monster_Title_341101,0,0,2,103,False,0,2,2,1,True,True,100,220,200,3000.0,[7100008],False,0,0,0,0,Vastus,Fácil,,[]
341105,44,0,16380000,341105,4,0,Monster_Name_341105,Monster_Title_341101,0,0,2,103,False,0,2,2,1,True,True,200,300,600,3000.0,[7104311],False,0,0,0,0,Urano,Fácil,,[]
341106,44,0,16370000,436,436,0,Monster_Name_341106,Monster_Title_341101,0,0,2,103,False,0,2,2,1,True,True,250,400,400,5000.0,"[7104601,7104602]",False,0,0,0,0,Titã,Fácil,,[]
341107,44,0,16390000,417,417,0,Monster_Name_341107,Monster_Title_341101,0,0,2,103,False,0,2,2,1,True,True,200,300,300,5000.0,"[7104401,7104402,7104403]",False,0,0,0,0,Paimon,Fácil,,[]
341108,44,0,16170001,271,4,0,Monster_Name_341108,Monster_Title_341101,0,0,2,103,False,0,2,2,1,True,True,40,250,200,3000.0,[7101301],False,0,0,0,0,Dagon,Fácil,,[]
341109,44,0,16170001,271,4,0,Monster_Name_341109,Monster_Title_341101,0,0,2,103,False,0,2,2,1,True,True,40,250,200,3000.0,[7101301],False,0,0,0,0,Brontes,Fácil,,[]
341121,50,0,16170001,272,4,0,Monster_Name_341121,Monster_Title_341121,0,0,2,103,False,0,2,2,1,True,True,40,250,200,3000.0,[7101301],False,0,0,0,0,Larva Infernal Mecha,Normal,,[]
341122,52,0,16250001,269,4,0,Monster_Name_341122,Monster_Title_341121,0,0,2,103,False,0,2,2,1,True,True,40,350,200,3000.0,[7102401],False,0,0,0,0,Lapis Mecha,Normal,,[]
341123,54,0,16160001,275,4,0,Monster_Name_341123,Monster_Title_341121,0,0,2,103,False,0,2,2,1,True,True,40,300,200,3000.0,[7101201],False,0,0,0,0,Pinça Mecha,Normal,,[]
341124,56,0,16070001,278,4,0,Monster_Name_341124,Monster_Title_341121,0,0,2,103,False,0,2,2,1,True,True,100,220,200,3000.0,[7100008],False,0,0,0,0,Vastus,Normal,,[]
341125,58,0,16380000,341125,4,0,Monster_Name_341125,Monster_Title_341121,0,0,2,103,False,0,2,2,1,True,True,200,300,600,3000.0,[7104321],False,0,0,0,0,Urano,Normal,,[]
341126,58,0,16370000,438,436,0,Monster_Name_341126,Monster_Title_341121,0,0,2,103,False,0,2,2,1,True,True,250,400,400,5000.0,"[7104614,7104615]",False,0,0,0,0,Titã,Normal,,[]
341127,58,0,16390000,418,417,0,Monster_Name_341127,Monster_Title_341121,0,0,2,103,False,0,2,2,1,True,True,200,300,300,5000.0,"[7104423,7104424,7104425]",False,0,0,0,0,Paimon,Normal,,[]
341128,58,0,16170001,272,4,0,Monster_Name_341128,Monster_Title_341121,0,0,2,103,False,0,2,2,1,True,True,40,250,200,3000.0,[7101301],False,0,0,0,0,Dagon,Normal,,[]
341129,58,0,16170001,272,4,0,Monster_Name_341129,Monster_Title_341121,0,0,2,103,False,0,2,2,1,True,True,40,250,200,3000.0,[7101301],False,0,0,0,0,Brontes,Normal,,[]
341141,60,0,16170001,273,4,0,Monster_Name_341141,Monster_Title_341141,0,0,2,103,False,0,2,2,1,True,True,40,250,200,3000.0,[7101301],False,0,0,0,0,Larva Infernal Mecha,Difícil,,[]
341142,62,0,16250001,270,4,0,Monster_Name_341142,Monster_Title_341141,0,0,2,103,False,0,2,2,1,True,True,40,350,200,3000.0,[7102401],False,0,0,0,0,Lapis Mecha,Difícil,,[]
341143,64,0,16160001,276,4,0,Monster_Name_341143,Monster_Title_341141,0,0,2,103,False,0,2,2,1,True,True,40,300,200,3000.0,[7101201],False,0,0,0,0,Pinça Mecha,Difícil,,[]
341144,66,0,16070001,279,4,0,Monster_Name_341144,Monster_Title_341141,0,0,2,103,False,0,2,2,1,True,True,100,220,200,3000.0,[7100008],False,0,0,0,0,Vastus,Difícil,,[]
341145,68,0,16380000,341145,4,0,Monster_Name_341145,Monster_Title_341141,0,0,2,103,False,0,2,2,1,True,True,200,300,600,3000.0,[7104301],False,0,0,0,0,Urano,Difícil,,[]
341146,68,0,16370000,440,436,0,Monster_Name_341146,Monster_Title_341141,0,0,2,103,False,0,2,2,1,True,True,250,400,400,5000.0,"[7104627,7104628]",False,0,0,0,0,Titã,Difícil,,[]
341147,68,0,16390000,419,417,0,Monster_Name_341147,Monster_Title_341141,0,0,2,103,False,0,2,2,1,True,True,200,300,300,5000.0,"[7104445,7104446,7104447]",False,0,0,0,0,Paimon,Difícil,,[]
341148,68,0,16170001,273,4,0,Monster_Name_341148,Monster_Title_341141,0,0,2,103,False,0,2,2,1,True,True,40,250,200,3000.0,[7101301],False,0,0,0,0,Dagon,Difícil,,[]
341149,68,0,16170001,273,4,0,Monster_Name_341149,Monster_Title_341141,0,0,2,103,False,0,2,2,1,True,True,40,250,200,3000.0,[7101301],False,0,0,0,0,Brontes,Difícil,,[]
341201,5,0,19040001,1,1,0,Monster_Name_341201,,0,0,2,0,False,0,0,2,1,True,True,40,50,200,3000.0,[7003001],False,0,0,0,0,Android Corpo a Corpo A,,,[]
341202,5,0,19041001,1,1,0,Monster_Name_341202,,0,0,2,0,False,0,0,2,1,True,True,40,50,200,3000.0,[7003101],False,0,0,0,0,Android de Longo Alcance A,,,[]
341203,5,0,19040002,1,1,0,Monster_Name_341201,,0,0,2,0,False,0,0,2,1,True,True,40,50,200,3000.0,[7003001],False,0,0,0,0,Android Corpo a Corpo A,,,[]
341204,5,0,19041002,1,1,0,Monster_Name_341202,,0,0,2,0,False,0,0,2,1,True,True,40,50,200,3000.0,[7003101],False,0,0,0,0,Android de Longo Alcance A,,,[]
341205,5,0,19040003,1,1,0,Monster_Name_341201,,0,0,2,0,False,0,0,2,1,True,True,40,50,200,3000.0,[7003001],False,0,0,0,0,Android Corpo a Corpo A,,,[]
341206,5,0,19041003,1,1,0,Monster_Name_341202,,0,0,2,0,False,0,0,2,1,True,True,40,50,200,3000.0,[7003101],False,0,0,0,0,Android de Longo Alcance A,,,[]
341207,5,0,19040004,1,1,0,Monster_Name_341201,,0,0,2,0,False,0,0,2,1,True,True,40,50,200,3000.0,[7003001],False,0,0,0,0,Android Corpo a Corpo A,,,[]
341208,5,0,19041004,1,1,0,Monster_Name_341202,,0,0,2,0,False,0,0,2,1,True,True,40,50,200,3000.0,[7003101],False,0,0,0,0,Android de Longo Alcance A,,,[]
341211,5,0,30920001,0,341211,0,Monster_Name_341211,,0,0,2,216,False,0,0,2,0,True,True,40,100,300,0.0,[],False,0,0,0,0,Torre de Pontos da Equipe A,,,[]
341212,5,0,30920002,0,341212,0,Monster_Name_341212,,0,0,2,217,False,0,0,2,0,True,True,40,100,300,0.0,[],False,0,0,0,0,Torre de Pontos da Equipe B,,,[]
341213,5,0,30920003,0,341213,0,Monster_Name_341213,,0,0,2,218,False,0,0,2,0,True,True,40,100,300,0.0,[],False,0,0,0,0,Torre de Pontos da Equipe C,,,[]
341214,5,0,30920004,0,341214,0,Monster_Name_341214,,0,0,2,219,False,0,0,2,0,True,True,40,100,300,0.0,[],False,0,0,0,0,Torre de Pontos da Equipe D,,,[]
341215,2,0,19034001,1,341215,0,Monster_Name_341215,,0,0,2,0,False,0,0,2,1,False,False,50,100,120,5000.0,[9999006],False,0,0,0,0,Torre de Defesa da Equipe A,,,[]
341216,2,0,19034002,1,341216,0,Monster_Name_341216,,0,0,2,0,False,0,0,2,1,False,False,50,100,120,5000.0,[9999006],False,0,0,0,0,Torre de Defesa da Equipe B,,,[]
341217,2,0,19034003,1,341217,0,Monster_Name_341217,,0,0,2,0,False,0,0,2,1,False,False,50,100,120,5000.0,[9999006],False,0,0,0,0,Torre de Defesa da Equipe C,,,[]
341218,2,0,19034004,1,341218,0,Monster_Name_341218,,0,0,2,0,False,0,0,2,1,False,False,50,100,120,5000.0,[9999006],False,0,0,0,0,Torre de Defesa da Equipe D,,,[]
343101,35,1200000,18410000,1,1,0,Monster_Name_340201,,0,101,2,0,False,0,0,2,0,True,True,40,50,200,3000.0,[7003101],False,0,0,0,0,Sentinela Android,,,[351]
343102,35,1200001,18400000,1,1,0,Monster_Name_340202,,0,101,2,0,False,0,0,2,0,True,True,40,50,200,3000.0,[7003001],False,0,0,0,0,Defensor Android,,,[351]
343103,35,1200002,17460000,1,1,0,Monster_Name_340203,,0,101,2,0,False,0,0,2,0,True,True,40,100,200,3000.0,[7003101],False,0,0,0,0,Fuzileiro Android,,,[351]
343104,35,1200003,17450000,1,1,0,Monster_Name_340204,,0,101,2,0,False,0,0,2,0,True,True,40,100,200,3000.0,[7003001],False,0,0,0,0,Choque de Android,,,[351]
343105,35,1200004,18410000,1,1,0,Monster_Name_340205,,0,101,2,0,False,0,0,2,0,True,True,40,50,200,3000.0,[7003101],False,0,0,0,0,Sniper Android,,,[351]
343106,35,1200005,18400000,1,1,0,Monster_Name_340206,,0,101,2,0,False,0,0,2,0,True,True,40,50,200,3000.0,[7003001],False,0,0,0,0,Escolta Android,,,[351]
343107,35,1200006,17430003,1,1,0,Monster_Name_340207,,0,101,2,0,False,0,0,2,0,True,True,40,100,200,3000.0,"[7013901,7013902]",False,0,0,0,0,Comandante Android,,,[351]
343201,40,1200007,18410000,1,1,0,Monster_Name_340201,,0,101,2,0,False,0,0,2,0,True,True,40,50,200,3000.0,[7003101],False,0,0,0,0,Sentinela Android,,,[477]
343202,40,1200008,18400000,1,1,0,Monster_Name_340202,,0,101,2,0,False,0,0,2,0,True,True,40,50,200,3000.0,[7003001],False,0,0,0,0,Defensor Android,,,[477]
343203,40,1200009,17460000,1,1,0,Monster_Name_340203,,0,101,2,0,False,0,0,2,0,True,True,40,100,200,3000.0,[7003101],False,0,0,0,0,Fuzileiro Android,,,[477]
343204,40,1200010,17450000,1,1,0,Monster_Name_340204,,0,101,2,0,False,0,0,2,0,True,True,40,100,200,3000.0,[7003001],False,0,0,0,0,Choque de Android,,,[477]
343205,40,1200011,18410000,1,1,0,Monster_Name_340205,,0,101,2,0,False,0,0,2,0,True,True,40,50,200,3000.0,[7003101],False,0,0,0,0,Sniper Android,,,[477]
343206,40,1200012,18400000,1,1,0,Monster_Name_340206,,0,101,2,0,False,0,0,2,0,True,True,40,50,200,3000.0,[7003001],False,0,0,0,0,Escolta Android,,,[477]
343207,40,1200013,17430003,1,1,0,Monster_Name_340207,,0,101,2,0,False,0,0,2,0,True,True,40,100,200,3000.0,"[7013901,7013902]",False,0,0,0,0,Comandante Android,,,[477]
343301,45,1200014,18410000,1,1,0,Monster_Name_340201,,0,101,2,0,False,0,0,2,0,True,True,40,50,200,3000.0,[7003101],False,0,0,0,0,Sentinela Android,,,[1077]
343302,45,1200015,18400000,1,1,0,Monster_Name_340202,,0,101,2,0,False,0,0,2,0,True,True,40,50,200,3000.0,[7003001],False,0,0,0,0,Defensor Android,,,[1077]
343303,45,1200016,17460000,1,1,0,Monster_Name_340203,,0,101,2,0,False,0,0,2,0,True,True,40,100,200,3000.0,[7003101],False,0,0,0,0,Fuzileiro Android,,,[1077]
343304,45,1200017,17450000,1,1,0,Monster_Name_340204,,0,101,2,0,False,0,0,2,0,True,True,40,100,200,3000.0,[7003001],False,0,0,0,0,Choque de Android,,,[1077]
343305,45,1200018,18410000,1,1,0,Monster_Name_340205,,0,101,2,0,False,0,0,2,0,True,True,40,50,200,3000.0,[7003101],False,0,0,0,0,Sniper Android,,,[1077]
343306,45,1200019,18400000,1,1,0,Monster_Name_340206,,0,101,2,0,False,0,0,2,0,True,True,40,50,200,3000.0,[7003001],False,0,0,0,0,Escolta Android,,,[1077]
343307,45,1200020,17430003,1,1,0,Monster_Name_340207,,0,101,2,0,False,0,0,2,0,True,True,40,100,200,3000.0,"[7013901,7013902]",False,0,0,0,0,Comandante Android,,,[1077]
343401,50,1200021,18410000,1,1,0,Monster_Name_340201,,0,101,2,0,False,0,0,2,0,True,True,40,50,200,3000.0,[7003101],False,0,0,0,0,Sentinela Android,,,[2337]
343402,50,1200022,18400000,1,1,0,Monster_Name_340202,,0,101,2,0,False,0,0,2,0,True,True,40,50,200,3000.0,[7003001],False,0,0,0,0,Defensor Android,,,[2337]
343403,50,1200023,17460000,1,1,0,Monster_Name_340203,,0,101,2,0,False,0,0,2,0,True,True,40,100,200,3000.0,[7003101],False,0,0,0,0,Fuzileiro Android,,,[2337]
343404,50,1200024,17450000,1,1,0,Monster_Name_340204,,0,101,2,0,False,0,0,2,0,True,True,40,100,200,3000.0,[7003001],False,0,0,0,0,Choque de Android,,,[2337]
343405,50,1200025,18410000,1,1,0,Monster_Name_340205,,0,101,2,0,False,0,0,2,0,True,True,40,50,200,3000.0,[7003101],False,0,0,0,0,Sniper Android,,,[2337]
343406,50,1200026,18400000,1,1,0,Monster_Name_340206,,0,101,2,0,False,0,0,2,0,True,True,40,50,200,3000.0,[7003001],False,0,0,0,0,Escolta Android,,,[2337]
343407,50,1200027,17430003,1,1,0,Monster_Name_340207,,0,101,2,0,False,0,0,2,0,True,True,40,100,200,3000.0,"[7013901,7013902]",False,0,0,0,0,Comandante Android,,,[2337]
343501,55,1200028,18410000,1,1,0,Monster_Name_340201,,0,101,2,0,False,0,0,2,0,True,True,40,50,200,3000.0,[7003101],False,0,0,0,0,Sentinela Android,,,[3807]
343502,55,1200029,18400000,1,1,0,Monster_Name_340202,,0,101,2,0,False,0,0,2,0,True,True,40,50,200,3000.0,[7003001],False,0,0,0,0,Defensor Android,,,[3807]
343503,55,1200030,17460000,1,1,0,Monster_Name_340203,,0,101,2,0,False,0,0,2,0,True,True,40,100,200,3000.0,[7003101],False,0,0,0,0,Fuzileiro Android,,,[3807]
343504,55,1200031,17450000,1,1,0,Monster_Name_340204,,0,101,2,0,False,0,0,2,0,True,True,40,100,200,3000.0,[7003001],False,0,0,0,0,Choque de Android,,,[3807]
343505,55,1200032,18410000,1,1,0,Monster_Name_340205,,0,101,2,0,False,0,0,2,0,True,True,40,50,200,3000.0,[7003101],False,0,0,0,0,Sniper Android,,,[3807]
343506,55,1200033,18400000,1,1,0,Monster_Name_340206,,0,101,2,0,False,0,0,2,0,True,True,40,50,200,3000.0,[7003001],False,0,0,0,0,Escolta Android,,,[3807]
343507,55,1200034,17430003,1,1,0,Monster_Name_340207,,0,101,2,0,False,0,0,2,0,True,True,40,100,200,3000.0,"[7013901,7013902]",False,0,0,0,0,Comandante Android,,,[3807]
343601,60,1200035,18410000,1,1,0,Monster_Name_340201,,0,101,2,0,False,0,0,2,0,True,True,40,50,200,3000.0,[7003101],False,0,0,0,0,Sentinela Android,,,[5307]
343602,60,1200036,18400000,1,1,0,Monster_Name_340202,,0,101,2,0,False,0,0,2,0,True,True,40,50,200,3000.0,[7003001],False,0,0,0,0,Defensor Android,,,[5307]
343603,60,1200037,17460000,1,1,0,Monster_Name_340203,,0,101,2,0,False,0,0,2,0,True,True,40,100,200,3000.0,[7003101],False,0,0,0,0,Fuzileiro Android,,,[5307]
343604,60,1200038,17450000,1,1,0,Monster_Name_340204,,0,101,2,0,False,0,0,2,0,True,True,40,100,200,3000.0,[7003001],False,0,0,0,0,Choque de Android,,,[5307]
343605,60,1200039,18410000,1,1,0,Monster_Name_340205,,0,101,2,0,False,0,0,2,0,True,True,40,50,200,3000.0,[7003101],False,0,0,0,0,Sniper Android,,,[5307]
343606,60,1200040,18400000,1,1,0,Monster_Name_340206,,0,101,2,0,False,0,0,2,0,True,True,40,50,200,3000.0,[7003001],False,0,0,0,0,Escolta Android,,,[5307]
343607,60,1200041,17430003,1,1,0,Monster_Name_340207,,0,101,2,0,False,0,0,2,0,True,True,40,100,200,3000.0,"[7013901,7013902]",False,0,0,0,0,Comandante Android,,,[5307]
343701,65,1200042,18410000,1,1,0,Monster_Name_340201,,0,101,2,0,False,0,0,2,0,True,True,40,50,200,3000.0,[7003101],False,0,0,0,0,Sentinela Android,,,[10107]
343702,65,1200043,18400000,1,1,0,Monster_Name_340202,,0,101,2,0,False,0,0,2,0,True,True,40,50,200,3000.0,[7003001],False,0,0,0,0,Defensor Android,,,[10107]
343703,65,1200044,17460000,1,1,0,Monster_Name_340203,,0,101,2,0,False,0,0,2,0,True,True,40,100,200,3000.0,[7003101],False,0,0,0,0,Fuzileiro Android,,,[10107]
343704,65,1200045,17450000,1,1,0,Monster_Name_340204,,0,101,2,0,False,0,0,2,0,True,True,40,100,200,3000.0,[7003001],False,0,0,0,0,Choque de Android,,,[10107]
343705,65,1200046,18410000,1,1,0,Monster_Name_340205,,0,101,2,0,False,0,0,2,0,True,True,40,50,200,3000.0,[7003101],False,0,0,0,0,Sniper Android,,,[10107]
343706,65,1200047,18400000,1,1,0,Monster_Name_340206,,0,101,2,0,False,0,0,2,0,True,True,40,50,200,3000.0,[7003001],False,0,0,0,0,Escolta Android,,,[10107]
343707,65,1200048,17430003,1,1,0,Monster_Name_340207,,0,101,2,0,False,0,0,2,0,True,True,40,100,200,3000.0,"[7013901,7013902]",False,0,0,0,0,Comandante Android,,,[10107]
343801,70,1200049,18410000,1,1,0,Monster_Name_340201,,0,101,2,0,False,0,0,2,0,True,True,40,50,200,3000.0,[7003101],False,0,0,0,0,Sentinela Android,,,[19707]
343802,70,1200050,18400000,1,1,0,Monster_Name_340202,,0,101,2,0,False,0,0,2,0,True,True,40,50,200,3000.0,[7003001],False,0,0,0,0,Defensor Android,,,[19707]
343803,70,1200051,17460000,1,1,0,Monster_Name_340203,,0,101,2,0,False,0,0,2,0,True,True,40,100,200,3000.0,[7003101],False,0,0,0,0,Fuzileiro Android,,,[19707]
343804,70,1200052,17450000,1,1,0,Monster_Name_340204,,0,101,2,0,False,0,0,2,0,True,True,40,100,200,3000.0,[7003001],False,0,0,0,0,Choque de Android,,,[19707]
343805,70,1200053,18410000,1,1,0,Monster_Name_340205,,0,101,2,0,False,0,0,2,0,True,True,40,50,200,3000.0,[7003101],False,0,0,0,0,Sniper Android,,,[19707]
343806,70,1200054,18400000,1,1,0,Monster_Name_340206,,0,101,2,0,False,0,0,2,0,True,True,40,50,200,3000.0,[7003001],False,0,0,0,0,Escolta Android,,,[19707]
343807,70,1200055,17430003,1,1,0,Monster_Name_340207,,0,101,2,0,False,0,0,2,0,True,True,40,100,200,3000.0,"[7013901,7013902]",False,0,0,0,0,Comandante Android,,,[19707]
343901,75,1200056,18410000,1,1,0,Monster_Name_340201,,0,101,2,0,False,0,0,2,0,True,True,40,50,200,3000.0,[7003101],False,0,0,0,0,Sentinela Android,,,[32607]
343902,75,1200057,18400000,1,1,0,Monster_Name_340202,,0,101,2,0,False,0,0,2,0,True,True,40,50,200,3000.0,[7003001],False,0,0,0,0,Defensor Android,,,[32607]
343903,75,1200058,17460000,1,1,0,Monster_Name_340203,,0,101,2,0,False,0,0,2,0,True,True,40,100,200,3000.0,[7003101],False,0,0,0,0,Fuzileiro Android,,,[32607]
343904,75,1200059,17450000,1,1,0,Monster_Name_340204,,0,101,2,0,False,0,0,2,0,True,True,40,100,200,3000.0,[7003001],False,0,0,0,0,Choque de Android,,,[32607]
343905,75,1200060,18410000,1,1,0,Monster_Name_340205,,0,101,2,0,False,0,0,2,0,True,True,40,50,200,3000.0,[7003101],False,0,0,0,0,Sniper Android,,,[32607]
343906,75,1200061,18400000,1,1,0,Monster_Name_340206,,0,101,2,0,False,0,0,2,0,True,True,40,50,200,3000.0,[7003001],False,0,0,0,0,Escolta Android,,,[32607]
343907,75,1200062,17430003,1,1,0,Monster_Name_340207,,0,101,2,0,False,0,0,2,0,True,True,40,100,200,3000.0,"[7013901,7013902]",False,0,0,0,0,Comandante Android,,,[32607]
344001,80,1200063,18410000,1,1,0,Monster_Name_340201,,0,101,2,0,False,0,0,2,0,True,True,40,50,200,3000.0,[7003101],False,0,0,0,0,Sentinela Android,,,[52407]
344002,80,1200064,18400000,1,1,0,Monster_Name_340202,,0,101,2,0,False,0,0,2,0,True,True,40,50,200,3000.0,[7003001],False,0,0,0,0,Defensor Android,,,[52407]
344003,80,1200065,17460000,1,1,0,Monster_Name_340203,,0,101,2,0,False,0,0,2,0,True,True,40,100,200,3000.0,[7003101],False,0,0,0,0,Fuzileiro Android,,,[52407]
344004,80,1200066,17450000,1,1,0,Monster_Name_340204,,0,101,2,0,False,0,0,2,0,True,True,40,100,200,3000.0,[7003001],False,0,0,0,0,Choque de Android,,,[52407]
344005,80,1200067,18410000,1,1,0,Monster_Name_340205,,0,101,2,0,False,0,0,2,0,True,True,40,50,200,3000.0,[7003101],False,0,0,0,0,Sniper Android,,,[52407]
344006,80,1200068,18400000,1,1,0,Monster_Name_340206,,0,101,2,0,False,0,0,2,0,True,True,40,50,200,3000.0,[7003001],False,0,0,0,0,Escolta Android,,,[52407]
344007,80,1200069,17430003,1,1,0,Monster_Name_340207,,0,101,2,0,False,0,0,2,0,True,True,40,100,200,3000.0,"[7013901,7013902]",False,0,0,0,0,Comandante Android,,,[52407]
350201,45,1202000,10010000,1,1,0,Monster_Name_350201,,0,100,2,0,False,0,0,2,0,True,True,40,100,200,3000.0,[7000101],False,0,0,0,0,Estilhaçador Titan,,,[509]
350202,45,1202001,10130000,1,1,0,Monster_Name_350202,,0,100,2,0,False,0,0,2,0,True,True,40,80,200,3000.0,[7008801],False,0,0,0,0,Simbionte Titã,,,[509]
350203,45,1202002,10120000,1,1,0,Monster_Name_350203,,0,100,2,0,False,0,0,2,0,True,True,40,90,200,3000.0,"[7007701,7007702]",False,0,0,0,0,Devorador de Titãs,,,[509]
350204,45,1202003,10360000,1,1,0,Monster_Name_350204,,0,100,2,0,False,0,0,2,0,True,True,40,100,200,3000.0,[7004201],False,0,0,0,0,Larva Óptica Titan,,,[509]
350205,45,1202004,10430000,1,1,0,Monster_Name_350205,,0,100,2,0,False,0,0,2,0,True,True,40,100,200,3000.0,[7008601],False,0,0,0,0,Draco Infernal Titânico,,,[509]
350206,45,1202005,10310003,1,1,0,Monster_Name_350206,,0,100,2,0,False,0,0,2,1,True,True,40,130,200,3000.0,"[7005801,7005802]",False,0,0,0,0,Brutal Selvagem,,,[509]
350301,50,1202006,10540000,1,1,0,Monster_Name_350301,,0,100,2,0,False,0,0,2,0,True,True,40,50,200,3000.0,[7002701],False,0,0,0,0,Saqueador Equesian Titã,,,[969]
350302,50,1202007,10541000,1,1,0,Monster_Name_350302,,0,100,2,0,False,0,0,2,0,True,True,40,50,200,3000.0,[7002801],False,0,0,0,0,Atirador Equesian Titã,,,[969]
350303,50,1202008,10838000,1,1,0,Monster_Name_350303,,0,100,2,0,False,0,0,2,0,True,True,40,40,40,3000.0,[7017601],False,0,0,0,0,Catador de Titã,,,[969]
350304,50,1202009,10831002,1,1,0,Monster_Name_350304,,0,100,2,0,False,0,0,2,1,True,True,40,80,140,1300.0,"[7015801,7015802]",False,0,0,0,0,Junker Desenfreado,,,[969]
350305,50,1202010,10530000,1,1,0,Monster_Name_350305,,0,100,2,0,False,0,0,2,0,True,True,40,50,200,3000.0,"[7003601,7003602]",False,0,0,0,0,Saqueador Predo Titã,,,[969]
350306,50,1202011,10531001,1,1,0,Monster_Name_350306,,0,100,2,0,False,0,0,2,0,True,True,40,50,200,3000.0,[7003501],False,0,0,0,0,Atirador Predo Titã,,,[969]
350307,50,1202012,10460002,1,1,0,Monster_Name_350307,,0,100,2,0,False,0,0,2,1,True,True,40,80,200,1300.0,[7008401],False,0,0,0,0,Fantasma Enfurecido,,,[969]
350308,50,1202013,10810003,1,1,0,Monster_Name_350308,,0,100,2,0,False,0,0,2,1,True,True,40,60,200,1300.0,"[7012401,7012402]",False,0,0,0,0,Bork de Assalto Desenfreado,,,[969]
350309,50,1202014,10842001,1,1,0,Monster_Name_350309,,0,100,2,0,False,0,0,2,1,True,True,40,50,200,1300.0,[7018302],False,0,0,0,0,Pathfinder Desenfreado,,,[969]
350401,55,1202015,10050000,1,1,0,Monster_Name_350401,,0,100,2,0,False,0,0,2,0,True,True,40,90,200,3000.0,"[7003701,7003702,7003703]",False,0,0,0,0,Kilika Arghol,,,[1469]
350402,55,1202016,10280003,1,1,0,Monster_Name_350402,,0,100,2,0,False,0,0,2,0,True,True,40,110,200,3000.0,"[7008501,7008502]",False,0,0,0,0,Kilika Gafftail,,,[1469]
350403,57,0,16250000,201,3,0,Monster_Name_350403,Monster_Title_350403,0,100,2,126,False,0,2,2,0,True,True,40,250,200,3000.0,[7102401],False,0,0,0,0,Lapis Mecha,Proprietário dos Penhascos de Kilika,,[]
350404,55,1202017,10530000,1,1,0,Monster_Name_350404,,0,100,2,0,False,0,0,2,0,True,True,40,50,200,3000.0,"[7003601,7003602]",False,0,0,0,0,Saqueador Predo Kilika,,,[1469]
350405,55,1202018,10531000,1,1,0,Monster_Name_350405,,0,100,2,0,False,0,0,2,0,True,True,40,50,200,3000.0,[7003501],False,0,0,0,0,Atirador Predo Kilika,,,[1469]
350406,55,1202019,10810003,1,1,0,Monster_Name_350406,,0,100,2,0,False,0,0,2,1,True,True,40,60,200,1300.0,"[7012401,7012402]",False,0,0,0,0,Bork de Assalto Desenfreado,,,[1469]
350407,55,1202020,10842001,1,1,0,Monster_Name_350407,,0,100,2,0,False,0,0,2,1,True,True,40,50,200,1300.0,[7018302],False,0,0,0,0,Pathfinder Desenfreado,,,[1469]
350501,50,1202021,10540000,1,1,0,Monster_Name_350501,,0,100,2,0,False,0,0,2,0,True,True,40,50,200,3000.0,[7002701],False,0,0,0,0,Talos Saqueador Equesian,,,[969]
350502,50,1202022,10541000,1,1,0,Monster_Name_350502,,0,100,2,0,False,0,0,2,0,True,True,40,50,200,3000.0,[7002801],False,0,0,0,0,Atirador Equesian Talos,,,[969]
350503,50,1202023,10838000,1,1,0,Monster_Name_350503,,0,100,2,0,False,0,0,2,0,True,True,40,40,40,3000.0,[7017601],False,0,0,0,0,Catador de Talos,,,[969]
350504,50,1202024,10831002,1,1,0,Monster_Name_350504,,0,100,2,0,False,0,0,2,1,True,True,40,80,140,1300.0,"[7015801,7015802]",False,0,0,0,0,Junker Enfurecido,,,[969]
350505,50,1202025,10530000,1,1,0,Monster_Name_350505,,0,100,2,0,False,0,0,2,0,True,True,40,50,200,3000.0,"[7003601,7003602]",False,0,0,0,0,Talos Saqueador Predo,,,[969]
350506,50,1202026,10531001,1,1,0,Monster_Name_350506,,0,100,2,0,False,0,0,2,0,True,True,40,50,200,3000.0,[7003501],False,0,0,0,0,Talos Atirador Predo,,,[969]
350507,50,1202027,10460002,1,1,0,Monster_Name_350507,,0,100,2,0,False,0,0,2,1,True,True,40,80,200,1300.0,[7008401],False,0,0,0,0,Fantasma Enfurecido,,,[969]
350508,50,1202028,10810003,1,1,0,Monster_Name_350508,,0,100,2,0,False,0,0,2,1,True,True,40,60,200,1300.0,"[7012401,7012402]",False,0,0,0,0,Bork de Assalto Desenfreado,,,[969]
350509,50,1202029,10842001,1,1,0,Monster_Name_350509,,0,100,2,0,False,0,0,2,1,True,True,40,50,200,1300.0,[7018302],False,0,0,0,0,Pathfinder Desenfreado,,,[969]
350601,45,1202030,10010000,1,1,0,Monster_Name_350601,,0,100,2,0,False,0,0,2,0,True,True,40,100,200,3000.0,[7000101],False,0,0,0,0,Estilhaçador Talos,,,[509]
350602,45,1202031,10130000,1,1,0,Monster_Name_350602,,0,100,2,0,False,0,0,2,0,True,True,40,80,200,3000.0,[7008801],False,0,0,0,0,Talos Símio,,,[509]
350603,45,1202032,10120001,1,1,0,Monster_Name_350603,,0,100,2,0,False,0,0,2,0,True,True,40,90,200,3000.0,"[7007701,7007702]",False,0,0,0,0,Devorador Talos,,,[509]
350604,45,1202033,10360000,1,1,0,Monster_Name_350604,,0,100,2,0,False,0,0,2,0,True,True,40,100,200,3000.0,[7004201],False,0,0,0,0,Larva Óptica de Talos,,,[509]
350605,45,1202034,10430000,1,1,0,Monster_Name_350605,,0,100,2,0,False,0,0,2,0,True,True,40,100,200,3000.0,[7008601],False,0,0,0,0,Talos Draco Infernal,,,[509]
350606,45,1202035,10310003,1,1,0,Monster_Name_350606,,0,100,2,0,False,0,0,2,1,True,True,40,130,200,3000.0,"[7005801,7005802]",False,0,0,0,0,Brutal Selvagem,,,[509]
350801,45,1202036,10010000,1,1,0,Monster_Name_350801,,0,100,2,0,False,0,0,2,0,True,True,40,100,200,3000.0,[7000101],False,0,0,0,0,Estilhaçador Argo,,,[509]
350802,45,1202037,10130000,1,1,0,Monster_Name_350802,,0,100,2,0,False,0,0,2,0,True,True,40,80,200,3000.0,[7008801],False,0,0,0,0,Argo Simbi,,,[509]
350803,45,1202038,10120001,1,1,0,Monster_Name_350803,,0,100,2,0,False,0,0,2,0,True,True,40,90,200,3000.0,"[7007701,7007702]",False,0,0,0,0,Devorador Argo,,,[509]
350804,45,1202039,10360000,1,1,0,Monster_Name_350804,,0,100,2,0,False,0,0,2,0,True,True,40,100,200,3000.0,[7004201],False,0,0,0,0,Larva Óptica Argo,,,[509]
350805,45,1202040,10430000,1,1,0,Monster_Name_350805,,0,100,2,0,False,0,0,2,0,True,True,40,100,200,3000.0,[7008601],False,0,0,0,0,Draco Infernal Argo,,,[509]
350806,45,1202041,10310003,1,1,0,Monster_Name_350806,,0,100,2,0,False,0,0,2,1,True,True,40,130,200,3000.0,"[7005801,7005802]",False,0,0,0,0,Brutal Selvagem,,,[509]
350901,50,1202042,10540000,1,1,0,Monster_Name_350901,,0,100,2,0,False,0,0,2,0,True,True,40,50,200,3000.0,[7002701],False,0,0,0,0,Saqueador Equesian Argo,,,[969]
350902,50,1202043,10541000,1,1,0,Monster_Name_350902,,0,100,2,0,False,0,0,2,0,True,True,40,50,200,3000.0,[7002801],False,0,0,0,0,Atirador Equesian Argo,,,[969]
350903,50,1202044,10838000,1,1,0,Monster_Name_350903,,0,100,2,0,False,0,0,2,0,True,True,40,40,40,3000.0,[7017601],False,0,0,0,0,Argo Catador,,,[969]
350904,50,1202045,10831002,1,1,0,Monster_Name_350904,,0,100,2,0,False,0,0,2,1,True,True,40,80,140,1300.0,"[7015801,7015802]",False,0,0,0,0,Junker Desenfreado,,,[969]
350905,50,1202046,10530000,1,1,0,Monster_Name_350905,,0,100,2,0,False,0,0,2,0,True,True,40,50,200,3000.0,"[7003601,7003602]",False,0,0,0,0,Argo Saqueador Predo,,,[969]
350906,50,1202047,10531001,1,1,0,Monster_Name_350906,,0,100,2,0,False,0,0,2,0,True,True,40,50,200,3000.0,[7003501],False,0,0,0,0,Argo Atirador Predo,,,[969]
350907,50,1202048,10460002,1,1,0,Monster_Name_350907,,0,100,2,0,False,0,0,2,1,True,True,40,80,200,1300.0,[7008401],False,0,0,0,0,Fantasma Enfurecido,,,[969]
350908,50,1202049,10810003,1,1,0,Monster_Name_350908,,0,100,2,0,False,0,0,2,1,True,True,40,60,200,1300.0,"[7012401,7012402]",False,0,0,0,0,Bork de Assalto Desenfreado,,,[969]
350909,50,1202050,10842001,1,1,0,Monster_Name_350909,,0,100,2,0,False,0,0,2,1,True,True,40,50,200,1300.0,[7018302],False,0,0,0,0,Pathfinder Desenfreado,,,[969]
351001,55,1202051,10050000,1,1,0,Monster_Name_351001,,0,100,2,0,False,0,0,2,0,True,True,40,90,200,3000.0,"[7003701,7003702,7003703]",False,0,0,0,0,Minos Arghol,,,[1469]
351002,55,1202052,10280003,1,1,0,Monster_Name_351002,,0,100,2,0,False,0,0,2,0,True,True,40,110,200,3000.0,"[7008501,7008502]",False,0,0,0,0,Minos Gafftail,,,[1469]
351003,59,0,16280000,204,3,0,Monster_Name_351003,Monster_Title_351003,0,100,2,126,False,0,2,2,0,True,True,40,300,200,3000.0,[7102701],False,0,0,0,0,Silex Mecha,Proprietário do Mt. Minos,,[]
351004,55,1202053,10530000,1,1,0,Monster_Name_351004,,0,100,2,0,False,0,0,2,0,True,True,40,50,200,3000.0,"[7003601,7003602]",False,0,0,0,0,Minos Saqueador Predo,,,[1469]
351005,55,1202054,10531001,1,1,0,Monster_Name_351005,,0,100,2,0,False,0,0,2,0,True,True,40,50,200,3000.0,[7003501],False,0,0,0,0,Minos Atirador Predo,,,[1469]
351006,55,1202055,10810003,1,1,0,Monster_Name_351006,,0,100,2,0,False,0,0,2,1,True,True,40,60,200,1300.0,"[7012401,7012402]",False,0,0,0,0,Bork de Assalto Desenfreado,,,[1469]
351007,55,1202056,10842001,1,1,0,Monster_Name_351007,,0,100,2,0,False,0,0,2,1,True,True,40,50,200,1300.0,[7018302],False,0,0,0,0,Pathfinder Desenfreado,,,[1469]
351101,50,1202057,10540000,1,1,0,Monster_Name_351101,,0,100,2,0,False,0,0,2,0,True,True,40,50,200,3000.0,[7002701],False,0,0,0,0,Saqueador Equesian de Ottos,,,[969]
351102,50,1202058,10541000,1,1,0,Monster_Name_351102,,0,100,2,0,False,0,0,2,0,True,True,40,50,200,3000.0,[7002801],False,0,0,0,0,Atirador Equesian de Ottos,,,[969]
351103,50,1202059,10838000,1,1,0,Monster_Name_351103,,0,100,2,0,False,0,0,2,0,True,True,40,40,40,3000.0,[7017601],False,0,0,0,0,Ottos Catador,,,[969]
351104,50,1202060,10831002,1,1,0,Monster_Name_351104,,0,100,2,0,False,0,0,2,1,True,True,40,80,140,1300.0,"[7015801,7015802]",False,0,0,0,0,Junker Desenfreado,,,[969]
351105,50,1202061,10530000,1,1,0,Monster_Name_351105,,0,100,2,0,False,0,0,2,0,True,True,40,50,200,3000.0,"[7003601,7003602]",False,0,0,0,0,Saqueador Predo Ottos,,,[969]
351106,50,1202062,10531001,1,1,0,Monster_Name_351106,,0,100,2,0,False,0,0,2,0,True,True,40,50,200,3000.0,[7003501],False,0,0,0,0,Atirador Predo de Ottos,,,[969]
351107,50,1202063,10460002,1,1,0,Monster_Name_351107,,0,100,2,0,False,0,0,2,1,True,True,40,80,200,1300.0,[7008401],False,0,0,0,0,Fantasma Enfurecido,,,[969]
351108,50,1202064,10810003,1,1,0,Monster_Name_351108,,0,100,2,0,False,0,0,2,1,True,True,40,60,200,1300.0,"[7012401,7012402]",False,0,0,0,0,Bork de Assalto Desenfreado,,,[969]
351109,50,1202065,10842001,1,1,0,Monster_Name_351109,,0,100,2,0,False,0,0,2,1,True,True,40,50,200,1300.0,[7018302],False,0,0,0,0,Pathfinder Desenfreado,,,[969]
351201,45,1202066,10010000,1,1,0,Monster_Name_351201,,0,100,2,0,False,0,0,2,0,True,True,40,100,200,3000.0,[7000101],False,0,0,0,0,Estilhaçador de Ottos,,,[509]
351202,45,1202067,10130000,1,1,0,Monster_Name_351202,,0,100,2,0,False,0,0,2,0,True,True,40,80,200,3000.0,[7008801],False,0,0,0,0,Ottos Symbi,,,[509]
351203,45,1202068,10120002,1,1,0,Monster_Name_351203,,0,100,2,0,False,0,0,2,0,True,True,40,90,200,3000.0,"[7007701,7007702]",False,0,0,0,0,Devourer de Ottos,,,[509]
351204,45,1202069,10360000,1,1,0,Monster_Name_351204,,0,100,2,0,False,0,0,2,0,True,True,40,100,200,3000.0,[7004201],False,0,0,0,0,Larva Óptica de Ottos,,,[509]
351205,45,1202070,10430000,1,1,0,Monster_Name_351205,,0,100,2,0,False,0,0,2,0,True,True,40,100,200,3000.0,[7008601],False,0,0,0,0,Draco Infernal de Otto,,,[509]
351206,45,1202071,10310003,1,1,0,Monster_Name_351206,,0,100,2,0,False,0,0,2,1,True,True,40,130,200,3000.0,"[7005801,7005802]",False,0,0,0,0,Brutal Selvagem,,,[509]
351401,45,1202072,10010000,1,1,0,Monster_Name_351401,,0,100,2,0,False,0,0,2,0,True,True,40,100,200,3000.0,[7000101],False,0,0,0,0,Estilhaçador Gerryon,,,[509]
351402,45,1202073,10130000,1,1,0,Monster_Name_351402,,0,100,2,0,False,0,0,2,0,True,True,40,80,200,3000.0,[7008801],False,0,0,0,0,Gerryon Symbi,,,[509]
351403,45,1202074,10120002,1,1,0,Monster_Name_351403,,0,100,2,0,False,0,0,2,0,True,True,40,90,200,3000.0,"[7007701,7007702]",False,0,0,0,0,Devorador Gerryon,,,[509]
351404,45,1202075,10360000,1,1,0,Monster_Name_351404,,0,100,2,0,False,0,0,2,0,True,True,40,100,200,3000.0,[7004201],False,0,0,0,0,Larva Óptica Gerryon,,,[509]
351405,45,1202076,10430000,1,1,0,Monster_Name_351405,,0,100,2,0,False,0,0,2,0,True,True,40,100,200,3000.0,[7008601],False,0,0,0,0,Draco Infernal de Gerryon,,,[509]
351406,45,1202077,10310003,1,1,0,Monster_Name_351406,,0,100,2,0,False,0,0,2,1,True,True,40,130,200,3000.0,"[7005801,7005802]",False,0,0,0,0,Brutal Selvagem,,,[509]
351501,50,1202078,10540000,1,1,0,Monster_Name_351501,,0,100,2,0,False,0,0,2,0,True,True,40,50,200,3000.0,[7002701],False,0,0,0,0,Saqueador Equesian Gerryon,,,[969]
351502,50,1202079,10541000,1,1,0,Monster_Name_351502,,0,100,2,0,False,0,0,2,0,True,True,40,50,200,3000.0,[7002801],False,0,0,0,0,Atirador Equesian Gerryon,,,[969]
351503,50,1202080,10838000,1,1,0,Monster_Name_351503,,0,100,2,0,False,0,0,2,0,True,True,40,40,40,3000.0,[7017601],False,0,0,0,0,Gerryon Catador,,,[969]
351504,50,1202081,10831002,1,1,0,Monster_Name_351504,,0,100,2,0,False,0,0,2,1,True,True,40,80,140,1300.0,"[7015801,7015802]",False,0,0,0,0,Junker Desenfreado,,,[969]
351505,50,1202082,10530000,1,1,0,Monster_Name_351505,,0,100,2,0,False,0,0,2,0,True,True,40,50,200,3000.0,"[7003601,7003602]",False,0,0,0,0,Saqueador Predo Gerryon,,,[969]
351506,50,1202083,10531001,1,1,0,Monster_Name_351506,,0,100,2,0,False,0,0,2,0,True,True,40,50,200,3000.0,[7003501],False,0,0,0,0,Gerryon Atirador Predo,,,[969]
351507,50,1202084,10460002,1,1,0,Monster_Name_351507,,0,100,2,0,False,0,0,2,1,True,True,40,80,200,1300.0,[7008401],False,0,0,0,0,Fantasma Enfurecido,,,[969]
351508,50,1202085,10810003,1,1,0,Monster_Name_351508,,0,100,2,0,False,0,0,2,1,True,True,40,60,200,1300.0,"[7012401,7012402]",False,0,0,0,0,Bork de Assalto Desenfreado,,,[969]
351509,50,1202086,10842001,1,1,0,Monster_Name_351509,,0,100,2,0,False,0,0,2,1,True,True,40,50,200,1300.0,[7018302],False,0,0,0,0,Pathfinder Desenfreado,,,[969]
351601,55,1202087,10050000,1,1,0,Monster_Name_351601,,0,100,2,0,False,0,0,2,0,True,True,40,90,200,3000.0,"[7003701,7003702,7003703]",False,0,0,0,0,Lerneh Arghol,,,[1469]
351602,55,1202088,10280003,1,1,0,Monster_Name_351602,,0,100,2,0,False,0,0,2,0,True,True,40,110,200,3000.0,"[7008501,7008502]",False,0,0,0,0,Lerneh Gafftail,,,[1469]
351603,61,0,16260000,202,3,0,Monster_Name_351603,Monster_Title_351603,0,100,2,126,False,0,2,2,0,True,True,40,300,200,3000.0,[7102501],False,0,0,0,0,Nyoka Mecha,Proprietário de Lerneh Hill,,[]
351604,55,1202089,10530000,1,1,0,Monster_Name_351604,,0,100,2,0,False,0,0,2,0,True,True,40,50,200,3000.0,"[7003601,7003602]",False,0,0,0,0,Lerneh Saqueador Predo,,,[1469]
351605,55,1202090,10531001,1,1,0,Monster_Name_351605,,0,100,2,0,False,0,0,2,0,True,True,40,50,200,3000.0,[7003501],False,0,0,0,0,Lerneh Atirador Predo,,,[1469]
351606,55,1202091,10810003,1,1,0,Monster_Name_351606,,0,100,2,0,False,0,0,2,1,True,True,40,60,200,1300.0,"[7012401,7012402]",False,0,0,0,0,Bork de Assalto Desenfreado,,,[1469]
351607,55,1202092,10842001,1,1,0,Monster_Name_351607,,0,100,2,0,False,0,0,2,1,True,True,40,50,200,1300.0,[7018302],False,0,0,0,0,Pathfinder Desenfreado,,,[1469]
351701,50,1202093,10540000,1,1,0,Monster_Name_351701,,0,100,2,0,False,0,0,2,0,True,True,40,50,200,3000.0,[7002701],False,0,0,0,0,Ouros Saqueador Equesian,,,[969]
351702,50,1202094,10541000,1,1,0,Monster_Name_351702,,0,100,2,0,False,0,0,2,0,True,True,40,50,200,3000.0,[7002801],False,0,0,0,0,Ouros Atirador Equesian,,,[969]
351703,50,1202095,10838000,1,1,0,Monster_Name_351703,,0,100,2,0,False,0,0,2,0,True,True,40,40,40,3000.0,[7017601],False,0,0,0,0,Scavenger de Ouros,,,[969]
351704,50,1202096,10831002,1,1,0,Monster_Name_351704,,0,100,2,0,False,0,0,2,1,True,True,40,80,140,1300.0,"[7015801,7015802]",False,0,0,0,0,Junker Desenfreado,,,[969]
351705,50,1202097,10530000,1,1,0,Monster_Name_351705,,0,100,2,0,False,0,0,2,0,True,True,40,50,200,3000.0,"[7003601,7003602]",False,0,0,0,0,Ouros Saqueador Predo,,,[969]
351706,50,1202098,10531001,1,1,0,Monster_Name_351706,,0,100,2,0,False,0,0,2,0,True,True,40,50,200,3000.0,[7003501],False,0,0,0,0,Ouros Atirador Predo,,,[969]
351707,50,1202099,10460002,1,1,0,Monster_Name_351707,,0,100,2,0,False,0,0,2,1,True,True,40,80,200,1300.0,[7008401],False,0,0,0,0,Fantasma Enfurecido,,,[969]
351708,50,1202100,10810003,1,1,0,Monster_Name_351708,,0,100,2,0,False,0,0,2,1,True,True,40,60,200,1300.0,"[7012401,7012402]",False,0,0,0,0,Bork de Assalto Desenfreado,,,[969]
351709,50,1202101,10842001,1,1,0,Monster_Name_351709,,0,100,2,0,False,0,0,2,1,True,True,40,50,200,1300.0,[7006301],False,0,0,0,0,Pathfinder Desenfreado,,,[969]
351801,45,1202102,10010000,1,1,0,Monster_Name_351801,,0,100,2,0,False,0,0,2,0,True,True,40,100,200,3000.0,[7000101],False,0,0,0,0,Ouros Estilhaçador,,,[509]
351802,45,1202103,10130000,1,1,0,Monster_Name_351802,,0,100,2,0,False,0,0,2,0,True,True,40,80,200,3000.0,[7008801],False,0,0,0,0,Ouros Symbi,,,[509]
351803,45,1202104,10120000,1,1,0,Monster_Name_351803,,0,100,2,0,False,0,0,2,0,True,True,40,90,200,3000.0,"[7007701,7007702]",False,0,0,0,0,Devorador de Ouros,,,[509]
351804,45,1202105,10360000,1,1,0,Monster_Name_351804,,0,100,2,0,False,0,0,2,0,True,True,40,100,200,3000.0,[7004201],False,0,0,0,0,Larva Óptica de Ouros,,,[509]
351805,45,1202106,10430000,1,1,0,Monster_Name_351805,,0,100,2,0,False,0,0,2,0,True,True,40,100,200,3000.0,[7008601],False,0,0,0,0,Draco Infernal de Ouros,,,[509]
351806,45,1202107,10310003,1,1,0,Monster_Name_351806,,0,100,2,0,False,0,0,2,1,True,True,40,130,200,3000.0,"[7005801,7005802]",False,0,0,0,0,Brutal Selvagem,,,[509]
355101,60,1202108,10816000,1,1,0,Monster_Name_355101,,0,100,2,0,False,0,0,2,0,True,True,40,50,110,3000.0,"[7015101,7015102]",False,0,0,0,0,Rastreador A00 Clops,,,[2169]
355102,60,1202109,10842000,1,1,0,Monster_Name_355102,,0,100,2,0,False,0,0,2,0,True,True,40,50,50,3000.0,[7018301],False,0,0,0,0,A00 Explorador,,,[2169]
355103,60,1202110,10843000,1,1,0,Monster_Name_355103,,0,100,2,0,False,0,0,2,0,True,True,40,80,80,3000.0,[7018201],False,0,0,0,0,Mula Armada A00,,,[2169]
355104,60,1202111,10810003,1,1,0,Monster_Name_355104,,0,100,2,0,False,0,0,2,1,True,True,40,60,80,3000.0,"[7012401,7012402]",False,0,0,0,0,Bork de Assalto Desenfreado,,,[2169]
355201,60,1202112,10818000,1,1,0,Monster_Name_355201,,0,100,2,0,False,0,0,2,0,True,True,40,50,110,3000.0,[7015001],False,0,0,0,0,C00 Clops Sniper,,,[2169]
355202,60,1202113,10842000,1,1,0,Monster_Name_355202,,0,100,2,0,False,0,0,2,0,True,True,40,50,50,3000.0,[7018301],False,0,0,0,0,C00 Explorador,,,[2169]
355203,60,1202114,10843000,1,1,0,Monster_Name_355203,,0,100,2,0,False,0,0,2,0,True,True,40,80,80,3000.0,[7018201],False,0,0,0,0,Mula Armada C00,,,[2169]
355204,60,1202115,10810003,1,1,0,Monster_Name_355204,,0,100,2,0,False,0,0,2,1,True,True,40,60,80,3000.0,"[7012401,7012402]",False,0,0,0,0,Bork de Assalto Enfurecido,,,[2169]
355301,60,1202116,10817000,1,1,0,Monster_Name_355301,,0,100,2,0,False,0,0,2,0,True,True,40,60,130,3000.0,"[7015201,7015202]",False,0,0,0,0,Destruidor B00 Clops,,,[2169]
355302,60,1202117,10842000,1,1,0,Monster_Name_355302,,0,100,2,0,False,0,0,2,0,True,True,40,50,50,3000.0,[7018301],False,0,0,0,0,B00 Explorador,,,[2169]
355303,60,1202118,10843000,1,1,0,Monster_Name_355303,,0,100,2,0,False,0,0,2,0,True,True,40,80,80,3000.0,[7018201],False,0,0,0,0,Mula Armada B00,,,[2169]
355304,60,1202119,10810003,1,1,0,Monster_Name_355304,,0,100,2,0,False,0,0,2,1,True,True,40,60,80,3000.0,"[7012401,7012402]",False,0,0,0,0,Bork de Assalto Desenfreado,,,[2169]
355401,70,1202120,10826000,1,1,0,Monster_Name_355401,,0,100,2,0,False,0,0,2,0,True,True,40,60,120,3000.0,"[7015901,7015902]",False,0,0,0,0,Destruidores Soma Guerreiro Pesado,,,[8069]
355402,70,1202121,10816000,1,1,0,Monster_Name_355402,,0,100,2,0,False,0,0,2,0,True,True,40,50,110,3000.0,"[7015101,7015102]",False,0,0,0,0,Rastreador de Destroyers Clops,,,[8069]
355403,70,1202122,10818000,1,1,0,Monster_Name_355403,,0,100,2,0,False,0,0,2,0,True,True,40,50,110,3000.0,[7015001],False,0,0,0,0,Destruidores Clops Sniper,,,[8069]
355404,70,1202123,10831002,1,1,0,Monster_Name_355404,,0,100,2,0,False,0,0,2,1,True,True,40,80,140,3000.0,"[7015801,7015802]",False,0,0,0,0,Junker Desenfreado,,,[8069]
355405,72,0,16330000,382,3,0,Monster_Name_355405,,0,100,2,126,False,0,2,2,0,True,True,250,600,600,3000.0,"[7103701,7103702,7103703]",False,0,0,0,0,Esmagador de Estrada,,,[]
355501,60,1202124,10816000,1,1,0,Monster_Name_355501,,0,100,2,0,False,0,0,2,0,True,True,40,50,110,3000.0,"[7015101,7015102]",False,0,0,0,0,Rastreador A01 Clops,,,[2169]
355502,60,1202125,10842000,1,1,0,Monster_Name_355502,,0,100,2,0,False,0,0,2,0,True,True,40,50,50,3000.0,[7018301],False,0,0,0,0,A01 Explorador,,,[2169]
355503,60,1202126,10843000,1,1,0,Monster_Name_355503,,0,100,2,0,False,0,0,2,0,True,True,40,80,80,3000.0,[7018201],False,0,0,0,0,Mula Armada A01,,,[2169]
355504,60,1202127,10810003,1,1,0,Monster_Name_355504,,0,100,2,0,False,0,0,2,1,True,True,40,60,80,3000.0,"[7012401,7012402]",False,0,0,0,0,Bork de Assalto Desenfreado,,,[2169]
355601,65,1202128,10816000,1,1,0,Monster_Name_355601,,0,100,2,0,False,0,0,2,0,True,True,40,50,110,3000.0,"[7015101,7015102]",False,0,0,0,0,Rastreador C01 Clops,,,[4569]
355602,65,1202129,10818000,1,1,0,Monster_Name_355602,,0,100,2,0,False,0,0,2,0,True,True,40,50,110,3000.0,[7015001],False,0,0,0,0,C01 Sniper Clops,,,[4569]
355603,65,1202130,10817000,1,1,0,Monster_Name_355603,,0,100,2,0,False,0,0,2,0,True,True,40,60,130,3000.0,"[7015201,7015202]",False,0,0,0,0,Destruidor C01 Clops,,,[4569]
355604,65,1202131,10843000,1,1,0,Monster_Name_355604,,0,100,2,0,False,0,0,2,0,True,True,40,80,80,3000.0,[7018201],False,0,0,0,0,Mula Armada C01,,,[4569]
355605,65,1202132,10842000,1,1,0,Monster_Name_355605,,0,100,2,0,False,0,0,2,0,True,True,40,50,50,3000.0,[7018301],False,0,0,0,0,C01 Explorador,,,[4569]
355606,65,1202133,10810003,1,1,0,Monster_Name_355606,,0,100,2,0,False,0,0,2,1,True,True,40,60,80,3000.0,"[7012401,7012402]",False,0,0,0,0,Bork de Assalto Desenfreado,,,[4569]
355607,65,1202134,10831002,1,1,0,Monster_Name_355607,,0,100,2,0,False,0,0,2,1,True,True,40,80,200,3000.0,"[7015801,7015802]",False,0,0,0,0,Junker Desenfreado,,,[4569]
355608,65,1202135,10460002,1,1,0,Monster_Name_355608,,0,100,2,0,False,0,0,2,1,True,True,40,80,200,3000.0,[7008401],False,0,0,0,0,Fantasma Enfurecido,,,[4569]
355701,70,1202136,10826000,1,1,0,Monster_Name_355701,,0,100,2,0,False,0,0,2,0,True,True,40,60,120,3000.0,"[7015901,7015902]",False,0,0,0,0,C11 Soma Guerreiro Pesado,,,[8069]
355702,70,1202137,10825000,1,1,0,Monster_Name_355702,,0,100,2,0,False,0,0,2,0,True,True,40,50,200,3000.0,"[7014501,7014502,7014503]",False,0,0,0,0,Sentinela Soma C11,,,[8069]
355703,70,1202138,10827000,1,1,0,Monster_Name_355703,,0,100,2,0,False,0,0,2,0,True,True,40,60,120,3000.0,"[7016001,7016002]",False,0,0,0,0,C11 Soma Shockmancer,,,[8069]
355704,70,1202139,10816000,1,1,0,Monster_Name_355704,,0,100,2,0,False,0,0,2,0,True,True,40,50,110,3000.0,"[7015101,7015102]",False,0,0,0,0,Rastreador C11 Clops,,,[8069]
355705,70,1202140,10818000,1,1,0,Monster_Name_355705,,0,100,2,0,False,0,0,2,0,True,True,40,50,110,3000.0,[7015001],False,0,0,0,0,C11 Clops Sniper,,,[8069]
355706,70,1202141,10817000,1,1,0,Monster_Name_355706,,0,100,2,0,False,0,0,2,0,True,True,40,60,130,3000.0,"[7015201,7015202]",False,0,0,0,0,Destruidor C11 Clops,,,[8069]
355707,70,1202142,10831002,1,1,0,Monster_Name_355707,,0,100,2,0,False,0,0,2,1,True,True,40,80,140,3000.0,"[7015801,7015802]",False,0,0,0,0,Junker Enfurecido,,,[8069]
355708,70,1202143,10842001,1,1,0,Monster_Name_355708,,0,100,2,0,False,0,0,2,1,True,True,40,50,200,3000.0,[7018302],False,0,0,0,0,Pathfinder Desenfreado,,,[8069]
355801,65,1202144,10816000,1,1,0,Monster_Name_355801,,0,100,2,0,False,0,0,2,0,True,True,40,50,110,3000.0,"[7015101,7015102]",False,0,0,0,0,Rastreador B01 Clops,,,[4569]
355802,65,1202145,10817000,1,1,0,Monster_Name_355802,,0,100,2,0,False,0,0,2,0,True,True,40,60,130,3000.0,"[7015201,7015202]",False,0,0,0,0,Destruidor Clops B01,,,[4569]
355803,65,1202146,10833000,1,1,0,Monster_Name_355803,,0,100,2,0,False,0,0,2,0,True,True,40,60,60,3000.0,[7017701],False,0,0,0,0,B01 Cirurgião Lydian,,,[4569]
355804,65,1202147,10810003,1,1,0,Monster_Name_355804,,0,100,2,0,False,0,0,2,1,True,True,40,60,80,3000.0,"[7012401,7012402]",False,0,0,0,0,Bork de Assalto Desenfreado,,,[4569]
355901,60,1202148,10818000,1,1,0,Monster_Name_355901,,0,100,2,0,False,0,0,2,0,True,True,40,50,110,3000.0,[7015001],False,0,0,0,0,Sniper Clops A02,,,[2169]
355902,60,1202149,10842000,1,1,0,Monster_Name_355902,,0,100,2,0,False,0,0,2,0,True,True,40,50,50,3000.0,[7018301],False,0,0,0,0,A02 Explorador,,,[2169]
355903,60,1202150,10843000,1,1,0,Monster_Name_355903,,0,100,2,0,False,0,0,2,0,True,True,40,80,80,3000.0,[7018201],False,0,0,0,0,Mula Armada A02,,,[2169]
355904,60,1202151,10810003,1,1,0,Monster_Name_355904,,0,100,2,0,False,0,0,2,1,True,True,40,60,80,3000.0,"[7012401,7012402]",False,0,0,0,0,Bork de Assalto Desenfreado,,,[2169]
356001,70,1202152,10826000,1,1,0,Monster_Name_356001,,0,100,2,0,False,0,0,2,0,True,True,40,60,120,3000.0,"[7015901,7015902]",False,0,0,0,0,Guerreiro Pesado Soma dos Incendiários,,,[8069]
356002,70,1202153,10825000,1,1,0,Monster_Name_356002,,0,100,2,0,False,0,0,2,0,True,True,40,50,200,3000.0,"[7014501,7014502,7014503]",False,0,0,0,0,Sentinela Soma de Incendiários,,,[8069]
356003,70,1202154,10817000,1,1,0,Monster_Name_356003,,0,100,2,0,False,0,0,2,0,True,True,40,60,130,3000.0,"[7015201,7015202]",False,0,0,0,0,Destruidor Clops Incendiários,,,[8069]
356004,70,1202155,10831002,1,1,0,Monster_Name_356004,,0,100,2,0,False,0,0,2,1,True,True,40,80,140,3000.0,"[7015801,7015802]",False,0,0,0,0,Junker Desenfreado,,,[8069]
356005,74,0,16340000,383,3,0,Monster_Name_356005,,0,100,2,126,False,0,2,2,0,True,True,250,400,400,3000.0,"[7103801,7103802,7103803]",False,0,0,0,0,Incinerador,,,[]
356101,60,1202156,10818000,1,1,0,Monster_Name_356101,,0,100,2,0,False,0,0,2,0,True,True,40,50,110,3000.0,[7015001],False,0,0,0,0,A03 Clops Sniper,,,[2169]
356102,60,1202157,10842000,1,1,0,Monster_Name_356102,,0,100,2,0,False,0,0,2,0,True,True,40,50,50,3000.0,[7018301],False,0,0,0,0,A03 Explorador,,,[2169]
356103,60,1202158,10843000,1,1,0,Monster_Name_356103,,0,100,2,0,False,0,0,2,0,True,True,40,80,80,3000.0,[7018201],False,0,0,0,0,Mula Armada A03,,,[2169]
356104,60,1202159,10810003,1,1,0,Monster_Name_356104,,0,100,2,0,False,0,0,2,1,True,True,40,60,80,3000.0,"[7012401,7012402]",False,0,0,0,0,Bork de Assalto Desenfreado,,,[2169]
356201,65,1202160,10816000,1,1,0,Monster_Name_356201,,0,100,2,0,False,0,0,2,0,True,True,40,50,110,3000.0,"[7015101,7015102]",False,0,0,0,0,Rastreador C02 Clops,,,[4569]
356202,65,1202161,10818000,1,1,0,Monster_Name_356202,,0,100,2,0,False,0,0,2,0,True,True,40,50,110,3000.0,[7015001],False,0,0,0,0,C02 Clops Sniper,,,[4569]
356203,65,1202162,10817000,1,1,0,Monster_Name_356203,,0,100,2,0,False,0,0,2,0,True,True,40,60,130,3000.0,"[7015201,7015202]",False,0,0,0,0,Destruidor C02 Clops,,,[4569]
356204,65,1202163,10843000,1,1,0,Monster_Name_356204,,0,100,2,0,False,0,0,2,0,True,True,40,80,80,3000.0,[7018201],False,0,0,0,0,Mula Armada C02,,,[4569]
356205,65,1202164,10842000,1,1,0,Monster_Name_356205,,0,100,2,0,False,0,0,2,0,True,True,40,50,50,3000.0,[7018301],False,0,0,0,0,C02 Explorador,,,[4569]
356206,65,1202165,10810003,1,1,0,Monster_Name_356206,,0,100,2,0,False,0,0,2,1,True,True,40,60,80,3000.0,"[7012401,7012402]",False,0,0,0,0,Bork de Assalto Enfurecido,,,[4569]
356207,65,1202166,10831002,1,1,0,Monster_Name_356207,,0,100,2,0,False,0,0,2,1,True,True,40,80,200,3000.0,"[7015801,7015802]",False,0,0,0,0,Junker Enfurecido,,,[4569]
356208,65,1202167,10460002,1,1,0,Monster_Name_356208,,0,100,2,0,False,0,0,2,1,True,True,40,80,200,3000.0,[7008401],False,0,0,0,0,Fantasma Enfurecido,,,[4569]
356301,70,1202168,10826000,1,1,0,Monster_Name_356301,,0,100,2,0,False,0,0,2,0,True,True,40,60,120,3000.0,"[7015901,7015902]",False,0,0,0,0,C12 Soma Guerreiro Pesado,,,[8069]
356302,70,1202169,10825000,1,1,0,Monster_Name_356302,,0,100,2,0,False,0,0,2,0,True,True,40,50,200,3000.0,"[7014501,7014502,7014503]",False,0,0,0,0,Sentinela Soma C12,,,[8069]
356303,70,1202170,10827000,1,1,0,Monster_Name_356303,,0,100,2,0,False,0,0,2,0,True,True,40,60,120,3000.0,"[7016001,7016002]",False,0,0,0,0,C12 Soma Shockmancer,,,[8069]
356304,70,1202171,10816000,1,1,0,Monster_Name_356304,,0,100,2,0,False,0,0,2,0,True,True,40,50,110,3000.0,"[7015101,7015102]",False,0,0,0,0,Rastreador C12 Clops,,,[8069]
356305,70,1202172,10818000,1,1,0,Monster_Name_356305,,0,100,2,0,False,0,0,2,0,True,True,40,50,110,3000.0,[7015001],False,0,0,0,0,C12 Clops Sniper,,,[8069]
356306,70,1202173,10817000,1,1,0,Monster_Name_356306,,0,100,2,0,False,0,0,2,0,True,True,40,60,130,3000.0,"[7015201,7015202]",False,0,0,0,0,Destruidor C12 Clops,,,[8069]
356307,70,1202174,10831002,1,1,0,Monster_Name_356307,,0,100,2,0,False,0,0,2,1,True,True,40,80,140,3000.0,"[7015801,7015802]",False,0,0,0,0,Junker Desenfreado,,,[8069]
356308,70,1202175,10842001,1,1,0,Monster_Name_356308,,0,100,2,0,False,0,0,2,1,True,True,40,50,200,3000.0,[7018302],False,0,0,0,0,Pathfinder Desenfreado,,,[8069]
356401,65,1202176,10816000,1,1,0,Monster_Name_356401,,0,100,2,0,False,0,0,2,0,True,True,40,50,110,3000.0,"[7015101,7015102]",False,0,0,0,0,Rastreador B02 Clops,,,[4569]
356402,65,1202177,10818000,1,1,0,Monster_Name_356402,,0,100,2,0,False,0,0,2,0,True,True,40,50,110,3000.0,[7015001],False,0,0,0,0,B02 Sniper Clops,,,[4569]
356403,65,1202178,10817000,1,1,0,Monster_Name_356403,,0,100,2,0,False,0,0,2,0,True,True,40,60,130,3000.0,"[7015201,7015202]",False,0,0,0,0,Destruidor B02 Clops,,,[4569]
356404,65,1202179,10831002,1,1,0,Monster_Name_356404,,0,100,2,0,False,0,0,2,1,True,True,40,80,200,3000.0,"[7015801,7015802]",False,0,0,0,0,Junker Desenfreado,,,[4569]
356501,60,1202180,10817000,1,1,0,Monster_Name_356501,,0,100,2,0,False,0,0,2,0,True,True,40,60,130,3000.0,"[7015201,7015202]",False,0,0,0,0,Destruidor Clops A04,,,[2169]
356502,60,1202181,10842000,1,1,0,Monster_Name_356502,,0,100,2,0,False,0,0,2,0,True,True,40,50,50,3000.0,[7018301],False,0,0,0,0,A04 Explorador,,,[2169]
356503,60,1202182,10843000,1,1,0,Monster_Name_356503,,0,100,2,0,False,0,0,2,0,True,True,40,80,80,3000.0,[7018201],False,0,0,0,0,Mula Armada A04,,,[2169]
356504,60,1202183,10810003,1,1,0,Monster_Name_356504,,0,100,2,0,False,0,0,2,1,True,True,40,60,80,3000.0,"[7012401,7012402]",False,0,0,0,0,Bork de Assalto Desenfreado,,,[2169]
356601,60,1202184,10817000,1,1,0,Monster_Name_356601,,0,100,2,0,False,0,0,2,0,True,True,40,60,130,3000.0,"[7015201,7015202]",False,0,0,0,0,Destruidor Clops A05,,,[2169]
356602,60,1202185,10842000,1,1,0,Monster_Name_356602,,0,100,2,0,False,0,0,2,0,True,True,40,50,50,3000.0,[7018301],False,0,0,0,0,A05 Explorador,,,[2169]
356603,60,1202186,10843000,1,1,0,Monster_Name_356603,,0,100,2,0,False,0,0,2,0,True,True,40,80,80,3000.0,[7018201],False,0,0,0,0,Mula Armada A05,,,[2169]
356604,60,1202187,10810003,1,1,0,Monster_Name_356604,,0,100,2,0,False,0,0,2,1,True,True,40,60,80,3000.0,"[7012401,7012402]",False,0,0,0,0,Bork de Assalto Desenfreado,,,[2169]
356701,70,1202188,10827000,1,1,0,Monster_Name_356701,,0,100,2,0,False,0,0,2,0,True,True,40,60,120,3000.0,"[7016001,7016002]",False,0,0,0,0,Rushers Soma Shockmancer,,,[8069]
356702,70,1202189,10826000,1,1,0,Monster_Name_356702,,0,100,2,0,False,0,0,2,0,True,True,40,60,120,3000.0,"[7015901,7015902]",False,0,0,0,0,Guerreiro Pesado Soma Rushers,,,[8069]
356703,70,1202190,10816000,1,1,0,Monster_Name_356703,,0,100,2,0,False,0,0,2,0,True,True,40,50,110,3000.0,"[7015101,7015102]",False,0,0,0,0,Rastreadores Clops Rushers,,,[8069]
356704,70,1202191,10842001,1,1,0,Monster_Name_356704,,0,100,2,0,False,0,0,2,1,True,True,40,50,200,3000.0,[7018302],False,0,0,0,0,Pathfinder Desenfreado,,,[8069]
356705,76,0,16350000,386,3,0,Monster_Name_356705,,0,100,2,126,False,0,2,2,0,True,True,250,400,400,3000.0,"[7103901,7103903,7103905]",False,0,0,0,0,Pisoteio Insano,,,[]
356801,65,1202192,10816000,1,1,0,Monster_Name_356801,,0,100,2,0,False,0,0,2,0,True,True,40,50,110,3000.0,"[7015101,7015102]",False,0,0,0,0,Rastreador C03 Clops,,,[4569]
356802,65,1202193,10818000,1,1,0,Monster_Name_356802,,0,100,2,0,False,0,0,2,0,True,True,40,50,110,3000.0,[7015001],False,0,0,0,0,Sniper C03 Clops,,,[4569]
356803,65,1202194,10817000,1,1,0,Monster_Name_356803,,0,100,2,0,False,0,0,2,0,True,True,40,60,130,3000.0,"[7015201,7015202]",False,0,0,0,0,Destruidor C03 Clops,,,[4569]
356804,65,1202195,10843000,1,1,0,Monster_Name_356804,,0,100,2,0,False,0,0,2,0,True,True,40,80,80,3000.0,[7018201],False,0,0,0,0,Mula Armada C03,,,[4569]
356805,65,1202196,10842000,1,1,0,Monster_Name_356805,,0,100,2,0,False,0,0,2,0,True,True,40,50,50,3000.0,[7018301],False,0,0,0,0,Caminho C03,,,[4569]
356806,65,1202197,10810003,1,1,0,Monster_Name_356806,,0,100,2,0,False,0,0,2,1,True,True,40,60,80,3000.0,"[7012401,7012402]",False,0,0,0,0,Bork de Assalto Desenfreado,,,[4569]
356807,65,1202198,10831002,1,1,0,Monster_Name_356807,,0,100,2,0,False,0,0,2,1,True,True,40,80,200,3000.0,"[7015801,7015802]",False,0,0,0,0,Junker Desenfreado,,,[4569]
356808,65,1202199,10460002,1,1,0,Monster_Name_356808,,0,100,2,0,False,0,0,2,1,True,True,40,80,200,3000.0,[7008401],False,0,0,0,0,Fantasma Enfurecido,,,[4569]
356901,70,1202200,10826000,1,1,0,Monster_Name_356901,,0,100,2,0,False,0,0,2,0,True,True,40,60,120,3000.0,"[7015901,7015902]",False,0,0,0,0,C13 Guerreiro Pesado Soma,,,[8069]
356902,70,1202201,10825000,1,1,0,Monster_Name_356902,,0,100,2,0,False,0,0,2,0,True,True,40,50,200,3000.0,"[7014501,7014502,7014503]",False,0,0,0,0,Sentinela Soma C13,,,[8069]
356903,70,1202202,10827000,1,1,0,Monster_Name_356903,,0,100,2,0,False,0,0,2,0,True,True,40,60,120,3000.0,"[7016001,7016002]",False,0,0,0,0,C13 Soma Shockmancer,,,[8069]
356904,70,1202203,10816000,1,1,0,Monster_Name_356904,,0,100,2,0,False,0,0,2,0,True,True,40,50,110,3000.0,"[7015101,7015102]",False,0,0,0,0,Rastreador C13 Clops,,,[8069]
356905,70,1202204,10818000,1,1,0,Monster_Name_356905,,0,100,2,0,False,0,0,2,0,True,True,40,50,110,3000.0,[7015001],False,0,0,0,0,Sniper C13 Clops,,,[8069]
356906,70,1202205,10817000,1,1,0,Monster_Name_356906,,0,100,2,0,False,0,0,2,0,True,True,40,60,130,3000.0,"[7015201,7015202]",False,0,0,0,0,Destruidor C13 Clops,,,[8069]
356907,70,1202206,10831002,1,1,0,Monster_Name_356907,,0,100,2,0,False,0,0,2,1,True,True,40,80,140,3000.0,"[7015801,7015802]",False,0,0,0,0,Junker Desenfreado,,,[8069]
356908,70,1202207,10842001,1,1,0,Monster_Name_356908,,0,100,2,0,False,0,0,2,1,True,True,40,50,200,3000.0,[7018302],False,0,0,0,0,Pathfinder Desenfreado,,,[8069]
357001,65,1202208,10816000,1,1,0,Monster_Name_357001,,0,100,2,0,False,0,0,2,0,True,True,40,50,110,3000.0,"[7015101,7015102]",False,0,0,0,0,Rastreador B03 Clops,,,[4569]
357002,65,1202209,10818000,1,1,0,Monster_Name_357002,,0,100,2,0,False,0,0,2,0,True,True,40,50,110,3000.0,[7015001],False,0,0,0,0,Sniper B03 Clops,,,[4569]
357003,65,1202210,10842000,1,1,0,Monster_Name_357003,,0,100,2,0,False,0,0,2,0,True,True,40,50,50,3000.0,[7018301],False,0,0,0,0,B03 Explorador,,,[4569]
357004,65,1202211,10460002,1,1,0,Monster_Name_357004,,0,100,2,0,False,0,0,2,1,True,True,40,80,200,3000.0,[7008401],False,0,0,0,0,Fantasma Enfurecido,,,[4569]
357101,60,1202212,10817000,1,1,0,Monster_Name_357101,,0,100,2,0,False,0,0,2,0,True,True,40,60,130,3000.0,"[7015201,7015202]",False,0,0,0,0,Destruidor Clops A06,,,[2169]
357102,60,1202213,10842000,1,1,0,Monster_Name_357102,,0,100,2,0,False,0,0,2,0,True,True,40,50,50,3000.0,[7018301],False,0,0,0,0,A06 Explorador,,,[2169]
357103,60,1202214,10843000,1,1,0,Monster_Name_357103,,0,100,2,0,False,0,0,2,0,True,True,40,80,80,3000.0,[7018201],False,0,0,0,0,Mula Armada A06,,,[2169]
357104,60,1202215,10810003,1,1,0,Monster_Name_357104,,0,100,2,0,False,0,0,2,1,True,True,40,60,80,3000.0,"[7012401,7012402]",False,0,0,0,0,Bork de Assalto Desenfreado,,,[2169]
357201,70,1202216,10460000,1,1,0,Monster_Name_357201,,0,100,2,0,False,0,0,2,0,True,True,40,80,200,3000.0,[7008401],False,0,0,0,0,Fantasma da Torre de Guarda,,,[8069]
357202,70,1202217,10822000,1,1,0,Monster_Name_357202,,0,100,2,0,False,0,0,2,0,True,True,40,70,200,3000.0,[7014101],False,0,0,0,0,Fantasma de Picada do Guardião da Torre,,,[8069]
357203,70,1202218,10823000,1,1,0,Monster_Name_357203,,0,100,2,0,False,0,0,2,0,True,True,40,80,80,3000.0,"[7016401,7016402]",False,0,0,0,0,Fantasma Blindado de Towerguard,,,[8069]
357204,70,1202219,10823002,1,1,0,Monster_Name_357204,,0,100,2,0,False,0,0,2,1,True,True,40,80,130,3000.0,"[7016401,7016402]",False,0,0,0,0,Fantasma Blindado Enfurecido,,,[8069]
357205,78,0,16360000,394,3,0,Monster_Name_357205,,0,100,2,126,False,0,2,2,0,True,True,200,300,600,2500.0,[7104001],False,0,0,0,0,Guardião da Torre,,,[]
357701,75,1202220,10920000,1,1,0,Monster_Name_357701,,0,100,2,0,False,0,0,2,0,True,True,40,40,80,3000.0,[7020301],False,0,0,0,0,Sniper A00 Snatcher,,,[13469]
357702,75,1202221,10910000,1,1,0,Monster_Name_357702,,0,100,2,0,False,0,0,2,0,True,True,40,40,80,3000.0,"[7020201,7020202]",False,0,0,0,0,A00 Saqueador Snatcher,,,[13469]
357703,75,1202222,10833000,1,1,0,Monster_Name_357703,,0,100,2,0,False,0,0,2,0,True,True,40,40,60,3000.0,[7017701],False,0,0,0,0,A00 Cirurgião Lydian,,,[13469]
357790,75,1202223,10810003,1,1,0,Monster_Name_357790,,0,100,2,0,False,0,0,2,1,True,True,40,60,80,3000.0,"[7012401,7012402]",False,0,0,0,0,Bork de Assalto Desenfreado,,,[13469]
357801,75,1202224,10920000,1,1,0,Monster_Name_357801,,0,100,2,0,False,0,0,2,0,True,True,40,40,80,3000.0,[7020301],False,0,0,0,0,Sniper B00 Snatcher,,,[13469]
357802,75,1202225,10910000,1,1,0,Monster_Name_357802,,0,100,2,0,False,0,0,2,0,True,True,40,40,80,3000.0,"[7020201,7020202]",False,0,0,0,0,Assaltante B00 Snatcher,,,[13469]
357803,75,1202226,10833000,1,1,0,Monster_Name_357803,,0,100,2,0,False,0,0,2,0,True,True,40,40,60,3000.0,[7017701],False,0,0,0,0,B00 Cirurgião Lydian,,,[13469]
357890,75,1202227,10810003,1,1,0,Monster_Name_357890,,0,100,2,0,False,0,0,2,1,True,True,40,60,80,3000.0,"[7012401,7012402]",False,0,0,0,0,Bork de Assalto Desenfreado,,,[13469]
357901,75,1202228,10920000,1,1,0,Monster_Name_357901,,0,100,2,0,False,0,0,2,0,True,True,40,40,80,3000.0,[7020301],False,0,0,0,0,C00 Snatcher Sniper,,,[13469]
357902,75,1202229,10910000,1,1,0,Monster_Name_357902,,0,100,2,0,False,0,0,2,0,True,True,40,40,80,3000.0,"[7020201,7020202]",False,0,0,0,0,C00 Saqueador Raider,,,[13469]
357903,75,1202230,10833000,1,1,0,Monster_Name_357903,,0,100,2,0,False,0,0,2,0,True,True,40,40,60,3000.0,[7017701],False,0,0,0,0,C00 Cirurgião Lydian,,,[13469]
357990,75,1202231,10810003,1,1,0,Monster_Name_357990,,0,100,2,0,False,0,0,2,1,True,True,40,60,80,3000.0,"[7012401,7012402]",False,0,0,0,0,Bork de Assalto Desenfreado,,,[13469]
358001,85,1202283,18780000,1,1,0,Monster_Name_358001,,0,100,2,0,False,0,0,2,0,True,True,40,60,200,3000.0,"[7013501,7013502,7013503]",False,0,0,0,0,Recon de Vanguarda,,,[28669]
358002,85,1202284,18790000,1,1,0,Monster_Name_358002,,0,100,2,0,False,0,0,2,0,True,True,40,60,200,3000.0,"[7013601,7013602]",False,0,0,0,0,Striker de Ponta,,,[28669]
358003,85,1202285,18800050,1,1,0,Monster_Name_358003,,0,100,2,0,False,0,0,2,0,True,True,40,60,200,3000.0,"[7013701,7013702,7013703]",False,0,0,0,0,Vanguarda de Ponta,,,[28669]
358090,85,1202286,10842001,1,1,0,Monster_Name_358090,,0,100,2,0,False,0,0,2,1,True,True,40,50,200,3000.0,[7018302],False,0,0,0,0,Pathfinder Desenfreado,,,[28669]
358098,92,0,16370000,438,3,0,Monster_Name_358099,,0,100,2,126,False,0,2,2,0,True,True,250,400,400,3000.0,"[7104614,7104615]",False,0,0,0,0,Titã,,,[]
358099,92,0,16370000,438,3,0,Monster_Name_358099,,0,100,2,126,False,0,2,2,0,True,True,250,400,400,3000.0,"[7104614,7104615]",False,0,0,0,0,Titã,,,[]
358101,75,1202232,10920000,1,1,0,Monster_Name_358101,,0,100,2,0,False,0,0,2,0,True,True,40,40,80,3000.0,[7020301],False,0,0,0,0,Sniper A01 Snatcher,,,[13469]
358102,75,1202233,10910000,1,1,0,Monster_Name_358102,,0,100,2,0,False,0,0,2,0,True,True,40,40,80,3000.0,"[7020201,7020202]",False,0,0,0,0,A01 Saqueador Snatcher,,,[13469]
358103,75,1202234,10833000,1,1,0,Monster_Name_358103,,0,100,2,0,False,0,0,2,0,True,True,40,40,60,3000.0,[7017701],False,0,0,0,0,A01 Cirurgião Lydian,,,[13469]
358190,75,1202235,10810003,1,1,0,Monster_Name_358190,,0,100,2,0,False,0,0,2,1,True,True,40,60,80,3000.0,"[7012401,7012402]",False,0,0,0,0,Bork de Assalto Desenfreado,,,[13469]
358201,80,1202256,10890000,1,1,0,Monster_Name_358201,,0,100,2,0,False,0,0,2,0,True,True,40,70,150,3000.0,"[7020001,7020002,7020003]",False,0,0,0,0,C01 Vafer Soldado Pesado,,,[20419]
358202,80,1202257,10900000,1,1,0,Monster_Name_358202,,0,100,2,0,False,0,0,2,0,True,True,40,50,150,3000.0,"[7020101,7020102]",False,0,0,0,0,C01 Soldado de Cerco Vafer,,,[20419]
358203,80,1202258,10811001,1,1,0,Monster_Name_358203,,0,100,2,0,False,0,0,2,0,True,True,40,60,200,3000.0,"[7012501,7012502]",False,0,0,0,0,C01 Bork Laser,,,[20419]
358204,80,1202259,10834000,1,1,0,Monster_Name_358204,,0,100,2,0,False,0,0,2,0,True,True,30,40,50,3000.0,"[7016301,7016302]",False,0,0,0,0,C01 Médico Lydian,,,[20419]
358205,80,1202260,10510000,1,1,0,Monster_Name_358205,,0,100,2,0,False,0,0,2,0,True,True,40,50,200,3000.0,[7001401],False,0,0,0,0,C01 Guerreiro Saura,,,[20419]
358206,80,1202261,10511053,1,1,0,Monster_Name_358206,,0,100,2,0,False,0,0,2,0,True,True,40,50,200,3000.0,"[7004001,7004002]",False,0,0,0,0,C01 Saura Shocktrooper,,,[20419]
358207,80,1202262,10521053,1,1,0,Monster_Name_358207,,0,100,2,0,False,0,0,2,0,True,True,40,50,200,3000.0,[7006401],False,0,0,0,0,C01 Saura Sniper,,,[20419]
358290,80,1202263,10831002,1,1,0,Monster_Name_358290,,0,100,2,0,False,0,0,2,1,True,True,40,80,140,3000.0,"[7015801,7015802]",False,0,0,0,0,Junker Desenfreado,,,[20419]
358291,80,1202263,10831002,1,1,0,Monster_Name_358291,,0,100,2,0,False,0,0,2,1,True,True,40,80,140,3000.0,"[7015801,7015802]",False,0,0,0,0,Junker Desenfreado,,,[20419]
358301,85,1202287,18780000,1,1,0,Monster_Name_358301,,0,100,2,0,False,0,0,2,0,True,True,40,60,200,3000.0,"[7013501,7013502,7013503]",False,0,0,0,0,Recon C11,,,[28669]
358302,85,1202288,18790000,1,1,0,Monster_Name_358302,,0,100,2,0,False,0,0,2,0,True,True,40,60,200,3000.0,"[7013601,7013602]",False,0,0,0,0,Striker C11,,,[28669]
358303,85,1202289,18800050,1,1,0,Monster_Name_358303,,0,100,2,0,False,0,0,2,0,True,True,40,60,200,3000.0,"[7013701,7013702,7013703]",False,0,0,0,0,C11 Vanguarda,,,[28669]
358304,85,1202290,10480000,1,1,0,Monster_Name_358304,,0,100,2,0,False,0,0,2,0,True,True,40,50,200,3000.0,[7002901],False,0,0,0,0,Drone Peep C11,,,[28669]
358390,85,1202291,10842001,1,1,0,Monster_Name_358390,,0,100,2,0,False,0,0,2,1,True,True,40,50,200,3000.0,[7018302],False,0,0,0,0,Pathfinder Desenfreado,,,[28669]
358401,85,1202292,18780000,1,1,0,Monster_Name_358401,,0,100,2,0,False,0,0,2,0,True,True,40,60,200,3000.0,"[7013501,7013502,7013503]",False,0,0,0,0,B01 Recon,,,[28669]
358402,85,1202293,18790000,1,1,0,Monster_Name_358402,,0,100,2,0,False,0,0,2,0,True,True,40,60,200,3000.0,"[7013601,7013602]",False,0,0,0,0,Striker B01,,,[28669]
358403,85,1202294,18800050,1,1,0,Monster_Name_358403,,0,100,2,0,False,0,0,2,0,True,True,40,60,200,3000.0,"[7013701,7013702,7013703]",False,0,0,0,0,B01 Vanguarda,,,[28669]
358490,85,1202295,10842001,1,1,0,Monster_Name_358490,,0,100,2,0,False,0,0,2,1,True,True,40,50,200,3000.0,[7018302],False,0,0,0,0,Pathfinder Desenfreado,,,[28669]
358501,75,1202236,10920000,1,1,0,Monster_Name_358501,,0,100,2,0,False,0,0,2,0,True,True,40,40,80,3000.0,[7020301],False,0,0,0,0,Sniper A02 Snatcher,,,[13469]
358502,75,1202237,10910000,1,1,0,Monster_Name_358502,,0,100,2,0,False,0,0,2,0,True,True,40,40,80,3000.0,"[7020201,7020202]",False,0,0,0,0,Assaltante A02 Snatcher,,,[13469]
358503,75,1202238,10833000,1,1,0,Monster_Name_358503,,0,100,2,0,False,0,0,2,0,True,True,40,40,60,3000.0,[7017701],False,0,0,0,0,Cirurgião Lydian A02,,,[13469]
358590,75,1202239,10810003,1,1,0,Monster_Name_358590,,0,100,2,0,False,0,0,2,1,True,True,40,60,80,3000.0,"[7012401,7012402]",False,0,0,0,0,Bork de Assalto Desenfreado,,,[13469]
358601,85,1202296,18780000,1,1,0,Monster_Name_358601,,0,100,2,0,False,0,0,2,0,True,True,40,60,200,3000.0,"[7013501,7013502,7013503]",False,0,0,0,0,Recon de Firewatch,,,[28669]
358602,85,1202297,18790000,1,1,0,Monster_Name_358602,,0,100,2,0,False,0,0,2,0,True,True,40,60,200,3000.0,"[7013601,7013602]",False,0,0,0,0,Striker de Vigilância de Incêndios,,,[28669]
358603,85,1202298,18800050,1,1,0,Monster_Name_358603,,0,100,2,0,False,0,0,2,0,True,True,40,60,200,3000.0,"[7013701,7013702,7013703]",False,0,0,0,0,Vanguarda de Firewatch,,,[28669]
358690,85,1202299,10842001,1,1,0,Monster_Name_358690,,0,100,2,0,False,0,0,2,1,True,True,40,50,200,3000.0,[7018302],False,0,0,0,0,Pathfinder Desenfreado,,,[28669]
358698,94,0,16410000,534,3,0,Monster_Name_358699,,0,100,2,126,False,0,2,2,0,True,True,150,250,400,3000.0,"[7105001,7105002]",False,0,0,0,0,Dagon,,,[]
358699,94,0,16410000,534,3,0,Monster_Name_358699,,0,100,2,126,False,0,2,2,0,True,True,150,250,400,3000.0,"[7105001,7105002]",False,0,0,0,0,Dagon,,,[]
358701,75,1202240,10920000,1,1,0,Monster_Name_358701,,0,100,2,0,False,0,0,2,0,True,True,40,40,80,3000.0,[7020301],False,0,0,0,0,Sniper A03 Snatcher,,,[13469]
358702,75,1202241,10910000,1,1,0,Monster_Name_358702,,0,100,2,0,False,0,0,2,0,True,True,40,40,80,3000.0,"[7020201,7020202]",False,0,0,0,0,A03 Saqueador Snatcher,,,[13469]
358703,75,1202242,10833000,1,1,0,Monster_Name_358703,,0,100,2,0,False,0,0,2,0,True,True,40,40,60,3000.0,[7017701],False,0,0,0,0,A03 Cirurgião Lydian,,,[13469]
358790,75,1202243,10810003,1,1,0,Monster_Name_358790,,0,100,2,0,False,0,0,2,1,True,True,40,60,80,3000.0,"[7012401,7012402]",False,0,0,0,0,Bork de Assalto Enfurecido,,,[13469]
358801,80,1202265,10890000,1,1,0,Monster_Name_358801,,0,100,2,0,False,0,0,2,0,True,True,40,70,150,3000.0,"[7020001,7020002,7020003]",False,0,0,0,0,C02 Vafer Soldado Pesado,,,[20419]
358802,80,1202266,10900000,1,1,0,Monster_Name_358802,,0,100,2,0,False,0,0,2,0,True,True,40,50,150,3000.0,"[7020101,7020102]",False,0,0,0,0,C02 Vafer Soldado de Cerco,,,[20419]
358803,80,1202267,10811001,1,1,0,Monster_Name_358803,,0,100,2,0,False,0,0,2,0,True,True,40,60,200,3000.0,"[7012501,7012502]",False,0,0,0,0,Bork Laser C02,,,[20419]
358804,80,1202268,10834000,1,1,0,Monster_Name_358804,,0,100,2,0,False,0,0,2,0,True,True,30,40,50,3000.0,"[7016301,7016302]",False,0,0,0,0,C02 Médico Lydian,,,[20419]
358805,80,1202269,10510000,1,1,0,Monster_Name_358805,,0,100,2,0,False,0,0,2,0,True,True,40,50,200,3000.0,[7001401],False,0,0,0,0,Guerreiro Saura C02,,,[20419]
358806,80,1202270,10511053,1,1,0,Monster_Name_358806,,0,100,2,0,False,0,0,2,0,True,True,40,50,200,3000.0,"[7004001,7004002]",False,0,0,0,0,C02 Saura Shocktrooper,,,[20419]
358807,80,1202271,10521053,1,1,0,Monster_Name_358807,,0,100,2,0,False,0,0,2,0,True,True,40,50,200,3000.0,[7006401],False,0,0,0,0,C02 Saura Sniper,,,[20419]
358890,80,1202272,10831002,1,1,0,Monster_Name_358890,,0,100,2,0,False,0,0,2,1,True,True,40,80,140,3000.0,"[7015801,7015802]",False,0,0,0,0,Junker Desenfreado,,,[20419]
358891,80,1202272,10831002,1,1,0,Monster_Name_358891,,0,100,2,0,False,0,0,2,1,True,True,40,80,140,3000.0,"[7015801,7015802]",False,0,0,0,0,Junker Desenfreado,,,[20419]
358901,85,1202300,18780000,1,1,0,Monster_Name_358901,,0,100,2,0,False,0,0,2,0,True,True,40,60,200,3000.0,"[7013501,7013502,7013503]",False,0,0,0,0,Recon C12,,,[28669]
358902,85,1202301,18790000,1,1,0,Monster_Name_358902,,0,100,2,0,False,0,0,2,0,True,True,40,60,200,3000.0,"[7013601,7013602]",False,0,0,0,0,Striker C12,,,[28669]
358903,85,1202302,18800050,1,1,0,Monster_Name_358903,,0,100,2,0,False,0,0,2,0,True,True,40,60,200,3000.0,"[7013701,7013702,7013703]",False,0,0,0,0,C12 Vanguarda,,,[28669]
358904,85,1202303,10480000,1,1,0,Monster_Name_358904,,0,100,2,0,False,0,0,2,0,True,True,40,50,200,3000.0,[7002901],False,0,0,0,0,Drone Peep C12,,,[28669]
358990,85,1202304,10842001,1,1,0,Monster_Name_358990,,0,100,2,0,False,0,0,2,1,True,True,40,50,200,3000.0,[7018302],False,0,0,0,0,Pathfinder Desenfreado,,,[28669]
359001,85,1202305,18780000,1,1,0,Monster_Name_359001,,0,100,2,0,False,0,0,2,0,True,True,40,60,200,3000.0,"[7013501,7013502,7013503]",False,0,0,0,0,Recon B02,,,[28669]
359002,85,1202306,18790000,1,1,0,Monster_Name_359002,,0,100,2,0,False,0,0,2,0,True,True,40,60,200,3000.0,"[7013601,7013602]",False,0,0,0,0,Striker B02,,,[28669]
359003,85,1202307,18800050,1,1,0,Monster_Name_359003,,0,100,2,0,False,0,0,2,0,True,True,40,60,200,3000.0,"[7013701,7013702,7013703]",False,0,0,0,0,Vanguarda B02,,,[28669]
359090,85,1202308,10842001,1,1,0,Monster_Name_359090,,0,100,2,0,False,0,0,2,1,True,True,40,50,200,3000.0,[7018302],False,0,0,0,0,Pathfinder Desenfreado,,,[28669]
359101,75,1202244,10920000,1,1,0,Monster_Name_359101,,0,100,2,0,False,0,0,2,0,True,True,40,40,80,3000.0,[7020301],False,0,0,0,0,Sniper A04 Snatcher,,,[13469]
359102,75,1202245,10910000,1,1,0,Monster_Name_359102,,0,100,2,0,False,0,0,2,0,True,True,40,40,80,3000.0,"[7020201,7020202]",False,0,0,0,0,Assaltante A04 Snatcher,,,[13469]
359103,75,1202246,10833000,1,1,0,Monster_Name_359103,,0,100,2,0,False,0,0,2,0,True,True,40,40,60,3000.0,[7017701],False,0,0,0,0,Cirurgião Lydian A04,,,[13469]
359190,75,1202247,10810003,1,1,0,Monster_Name_359190,,0,100,2,0,False,0,0,2,1,True,True,40,60,80,3000.0,"[7012401,7012402]",False,0,0,0,0,Bork de Assalto Desenfreado,,,[13469]
359201,75,1202248,10920000,1,1,0,Monster_Name_359201,,0,100,2,0,False,0,0,2,0,True,True,40,40,80,3000.0,[7020301],False,0,0,0,0,Sniper A05 Snatcher,,,[13469]
359202,75,1202249,10910000,1,1,0,Monster_Name_359202,,0,100,2,0,False,0,0,2,0,True,True,40,40,80,3000.0,"[7020201,7020202]",False,0,0,0,0,A05 Saqueador Snatcher,,,[13469]
359203,75,1202250,10833000,1,1,0,Monster_Name_359203,,0,100,2,0,False,0,0,2,0,True,True,40,40,60,3000.0,[7017701],False,0,0,0,0,A05 Cirurgião Lydian,,,[13469]
359290,75,1202251,10810003,1,1,0,Monster_Name_359290,,0,100,2,0,False,0,0,2,1,True,True,40,60,80,3000.0,"[7012401,7012402]",False,0,0,0,0,Bork de Assalto Desenfreado,,,[13469]
359301,85,1202309,18780000,1,1,0,Monster_Name_359301,,0,100,2,0,False,0,0,2,0,True,True,40,60,200,3000.0,"[7013501,7013502,7013503]",False,0,0,0,0,Defensor Recon,,,[28669]
359302,85,1202310,18790000,1,1,0,Monster_Name_359302,,0,100,2,0,False,0,0,2,0,True,True,40,60,200,3000.0,"[7013601,7013602]",False,0,0,0,0,Defensor Striker,,,[28669]
359303,85,1202311,18800050,1,1,0,Monster_Name_359303,,0,100,2,0,False,0,0,2,0,True,True,40,60,200,3000.0,"[7013701,7013702,7013703]",False,0,0,0,0,Defensor Vanguarda,,,[28669]
359390,85,1202312,10842001,1,1,0,Monster_Name_359390,,0,100,2,0,False,0,0,2,1,True,True,40,50,200,3000.0,[7018302],False,0,0,0,0,Pathfinder Desenfreado,,,[28669]
359398,96,0,16440000,548,3,0,Monster_Name_359399,,0,100,2,126,False,0,2,2,0,True,True,150,300,480,3000.0,"[7105301,7105302]",False,0,0,0,0,Brontes,,,[]
359399,96,0,16440000,548,3,0,Monster_Name_359399,,0,100,2,126,False,0,2,2,0,True,True,150,300,480,3000.0,"[7105301,7105302]",False,0,0,0,0,Brontes,,,[]
359401,80,1202274,10890000,1,1,0,Monster_Name_359401,,0,100,2,0,False,0,0,2,0,True,True,40,70,150,3000.0,"[7020001,7020002,7020003]",False,0,0,0,0,C03 Vafer Tropa Pesada,,,[20419]
359402,80,1202275,10900000,1,1,0,Monster_Name_359402,,0,100,2,0,False,0,0,2,0,True,True,40,50,150,3000.0,"[7020101,7020102]",False,0,0,0,0,C03 Vafer Soldado de Cerco,,,[20419]
359403,80,1202276,10811001,1,1,0,Monster_Name_359403,,0,100,2,0,False,0,0,2,0,True,True,40,60,200,3000.0,"[7012501,7012502]",False,0,0,0,0,Bork Laser C03,,,[20419]
359404,80,1202277,10834000,1,1,0,Monster_Name_359404,,0,100,2,0,False,0,0,2,0,True,True,30,40,50,3000.0,"[7016301,7016302]",False,0,0,0,0,C03 Médico Lydian,,,[20419]
359405,80,1202278,10510000,1,1,0,Monster_Name_359405,,0,100,2,0,False,0,0,2,0,True,True,40,50,200,3000.0,[7001401],False,0,0,0,0,Guerreiro Saura C03,,,[20419]
359406,80,1202279,10511053,1,1,0,Monster_Name_359406,,0,100,2,0,False,0,0,2,0,True,True,40,50,200,3000.0,"[7004001,7004002]",False,0,0,0,0,C03 Saura Shocktrooper,,,[20419]
359407,80,1202280,10521053,1,1,0,Monster_Name_359407,,0,100,2,0,False,0,0,2,0,True,True,40,50,200,3000.0,[7006401],False,0,0,0,0,C03 Saura Sniper,,,[20419]
359490,80,1202281,10831002,1,1,0,Monster_Name_359490,,0,100,2,0,False,0,0,2,1,True,True,40,80,140,3000.0,"[7015801,7015802]",False,0,0,0,0,Junker Desenfreado,,,[20419]
359491,80,1202281,10831002,1,1,0,Monster_Name_359491,,0,100,2,0,False,0,0,2,1,True,True,40,80,140,3000.0,"[7015801,7015802]",False,0,0,0,0,Junker Desenfreado,,,[20419]
359501,85,1202313,18780000,1,1,0,Monster_Name_359501,,0,100,2,0,False,0,0,2,0,True,True,40,60,200,3000.0,"[7013501,7013502,7013503]",False,0,0,0,0,Recon C13,,,[28669]
359502,85,1202314,18790000,1,1,0,Monster_Name_359502,,0,100,2,0,False,0,0,2,0,True,True,40,60,200,3000.0,"[7013601,7013602]",False,0,0,0,0,Striker C13,,,[28669]
359503,85,1202315,18800050,1,1,0,Monster_Name_359503,,0,100,2,0,False,0,0,2,0,True,True,40,60,200,3000.0,"[7013701,7013702,7013703]",False,0,0,0,0,C13 Vanguarda,,,[28669]
359504,85,1202316,10480000,1,1,0,Monster_Name_359504,,0,100,2,0,False,0,0,2,0,True,True,40,50,200,3000.0,[7002901],False,0,0,0,0,Drone Peep C13,,,[28669]
359590,85,1202317,10842001,1,1,0,Monster_Name_359590,,0,100,2,0,False,0,0,2,1,True,True,40,50,200,3000.0,[7018302],False,0,0,0,0,Pathfinder Desenfreado,,,[28669]
359601,85,1202318,18780000,1,1,0,Monster_Name_359601,,0,100,2,0,False,0,0,2,0,True,True,40,60,200,3000.0,"[7013501,7013502,7013503]",False,0,0,0,0,B03 Recon,,,[28669]
359602,85,1202319,18790000,1,1,0,Monster_Name_359602,,0,100,2,0,False,0,0,2,0,True,True,40,60,200,3000.0,"[7013601,7013602]",False,0,0,0,0,Striker B03,,,[28669]
359603,85,1202320,18800050,1,1,0,Monster_Name_359603,,0,100,2,0,False,0,0,2,0,True,True,40,60,200,3000.0,"[7013701,7013702,7013703]",False,0,0,0,0,B03 Vanguarda,,,[28669]
359690,85,1202321,10842001,1,1,0,Monster_Name_359690,,0,100,2,0,False,0,0,2,1,True,True,40,50,200,3000.0,[7018302],False,0,0,0,0,Pathfinder Desenfreado,,,[28669]
359701,75,1202252,10920000,1,1,0,Monster_Name_359701,,0,100,2,0,False,0,0,2,0,True,True,40,40,80,3000.0,[7020301],False,0,0,0,0,Sniper A06 Snatcher,,,[13469]
359702,75,1202253,10910000,1,1,0,Monster_Name_359702,,0,100,2,0,False,0,0,2,0,True,True,40,40,80,3000.0,"[7020201,7020202]",False,0,0,0,0,A06 Saqueador Snatcher,,,[13469]
359703,75,1202254,10833000,1,1,0,Monster_Name_359703,,0,100,2,0,False,0,0,2,0,True,True,40,40,60,3000.0,[7017701],False,0,0,0,0,A06 Cirurgião Lydian,,,[13469]
359790,75,1202255,10810003,1,1,0,Monster_Name_359790,,0,100,2,0,False,0,0,2,1,True,True,40,60,80,3000.0,"[7012401,7012402]",False,0,0,0,0,Bork de Assalto Desenfreado,,,[13469]
359801,90,1202322,10870000,1,1,0,Monster_Name_359801,,0,100,2,0,False,0,0,2,0,True,True,40,40,100,3000.0,"[7019801,7019802]",False,0,0,0,0,Guerreiro Calliana,,,[38169]
359802,90,1202323,10860000,1,1,0,Monster_Name_359802,,0,100,2,0,False,0,0,2,0,True,True,40,40,100,3000.0,"[7019701,7019702,7019703]",False,0,0,0,0,Atirador Calliana,,,[38169]
359803,90,1202324,10880000,1,1,0,Monster_Name_359803,,0,100,2,0,False,0,0,2,0,True,True,40,180,180,3000.0,"[7019901,7019902]",False,0,0,0,0,Tanque Calliana,,,[38169]
359804,90,1202325,10832000,1,1,0,Monster_Name_359804,,0,100,2,0,False,0,0,2,0,True,True,40,50,110,3000.0,"[7016101,7016102,7016103]",False,0,0,0,0,Portuário Lydian,,,[38169]
359890,90,1202326,10460002,1,1,0,Monster_Name_359890,,0,100,2,0,False,0,0,2,1,True,True,40,80,200,3000.0,[7008401],False,0,0,0,0,Fantasma Enfurecido,,,[38169]
361001,60,1201000,10080002,1,1,0,Monster_Name_361001,,0,101,2,0,False,0,0,2,0,True,True,40,100,200,3000.0,[7005601],False,0,0,0,0,Minar Silex,,,[2869]
361002,60,1201001,10280003,1,1,0,Monster_Name_361002,,0,101,2,0,False,0,0,2,0,True,True,40,110,200,3000.0,"[7008501,7008502]",False,0,0,0,0,Gafftail de Mina,,,[2869]
361003,60,1201002,10420001,1,1,0,Monster_Name_361003,,0,101,2,0,False,0,0,2,0,True,True,40,100,200,3000.0,"[7005201,7005202]",False,0,0,0,0,Minar Scud Pesado,,,[2869]
361004,60,1201003,10032001,1,1,0,Monster_Name_361004,,0,101,2,0,False,0,0,2,0,True,True,40,80,200,3000.0,[7000701],False,0,0,0,0,Minar Grumble Oul,,,[2869]
361005,70,1201005,10030001,1,1,0,Monster_Name_361005,,0,101,2,0,False,0,0,2,0,True,True,40,80,200,3000.0,[7000701],False,0,0,0,0,Minar Grumble,,,[9669]
361006,70,1201006,10050003,1,1,0,Monster_Name_361006,,0,101,2,0,False,0,0,2,0,True,True,40,90,200,3000.0,"[7003701,7003702,7003703]",False,0,0,0,0,Minha Arghol,,,[9669]
361007,70,1201007,10200002,1,1,0,Monster_Name_361007,,0,101,2,0,False,0,0,2,0,True,True,50,120,200,3000.0,[7000801],False,0,0,0,0,Mina Clod,,,[9669]
361008,70,1201008,10821002,1,1,0,Monster_Name_361008,,0,101,2,0,False,0,0,2,0,True,True,40,100,200,3000.0,"[7014401,7014402,7014403]",False,0,0,0,0,Guardião da Pedra Sagrada,,,[9669]
361009,70,1201009,10820001,1,1,0,Monster_Name_361009,,0,101,2,0,False,0,0,2,0,True,True,40,80,200,3000.0,"[7014201,7014202,7014203]",False,0,0,0,0,Buscador da Pedra Sagrada,,,[9669]
361010,70,1201010,10819000,1,1,0,Monster_Name_361010,,0,101,2,0,False,0,0,2,0,True,True,40,150,200,3000.0,[7013801],False,0,0,0,0,Purificador da Pedra Sagrada,,,[9669]
361011,70,0,16220002,288,3,0,Monster_Name_361011,,0,101,2,106,False,0,2,2,0,True,True,150,180,600,5000.0,[7100920],False,0,0,0,0,Protetor da Pedra Sagrada do Abismo,,,[]
361012,70,1201011,10823002,1,1,0,Monster_Name_361012,,0,101,2,0,False,0,0,2,1,True,True,40,40,80,1300.0,"[7016401,7016402]",False,0,0,0,0,Fantasma Blindado de Pesadelo,,,[9669]
361013,60,1201004,10460002,1,1,0,Monster_Name_361013,,0,101,2,0,False,0,0,2,1,True,True,40,80,200,1300.0,[7008401],False,0,0,0,0,Fantasma do Pesadelo,,,[2869]
361101,50,1201100,10080002,1,1,0,Monster_Name_361101,,0,101,2,0,False,0,0,2,0,True,True,40,100,200,3000.0,[7005601],False,0,0,0,0,Estação de Classificação Silex,,,[1169]
361102,50,1201101,10280003,1,1,0,Monster_Name_361102,,0,101,2,0,False,0,0,2,0,True,True,40,110,200,3000.0,"[7008501,7008502]",False,0,0,0,0,Estação de Classificação Gafftail,,,[1169]
361103,50,1201102,10420001,1,1,0,Monster_Name_361103,,0,101,2,0,False,0,0,2,0,True,True,40,100,200,3000.0,"[7005201,7005202]",False,0,0,0,0,Estação de Triagem Scud Pesado,,,[1169]
361104,50,1201103,10030001,1,1,0,Monster_Name_361104,,0,101,2,0,False,0,0,2,0,True,True,40,80,200,3000.0,[7000701],False,0,0,0,0,Estação de Classificação Grumble,,,[1169]
361105,50,1201104,10032001,1,1,0,Monster_Name_361105,,0,101,2,0,False,0,0,2,0,True,True,40,80,200,3000.0,[7000701],False,0,0,0,0,Estação de Classificação Grumble Oul,,,[1169]
361106,50,1201105,10050003,1,1,0,Monster_Name_361106,,0,101,2,0,False,0,0,2,0,True,True,40,90,200,3000.0,"[7003701,7003702,7003703]",False,0,0,0,0,Estação de Classificação Arghol,,,[1169]
361107,50,1201106,10200002,1,1,0,Monster_Name_361107,,0,101,2,0,False,0,0,2,0,True,True,50,120,200,3000.0,[7000801],False,0,0,0,0,Estação de Classificação Clod,,,[1169]
361108,50,1201107,10821002,1,1,0,Monster_Name_361108,,0,101,2,0,False,0,0,2,0,True,True,40,100,200,3000.0,"[7014401,7014402,7014403]",False,0,0,0,0,Estação de Classificação Guardião da Pedra Sagrada,,,[1169]
361109,50,1201108,10460002,1,1,0,Monster_Name_361109,,0,101,2,0,False,0,0,2,1,True,True,40,80,200,1300.0,[7008401],False,0,0,0,0,Fantasma do Pesadelo,,,[1169]
361110,50,1201109,10820001,1,1,0,Monster_Name_361110,,0,101,2,0,False,0,0,2,0,True,True,40,80,200,3000.0,"[7014201,7014202,7014203]",False,0,0,0,0,Estação de Classificação Buscador da Pedra Sagrada,,,[1169]
361111,50,1201110,10819000,1,1,0,Monster_Name_361111,,0,101,2,0,False,0,0,2,0,True,True,40,150,200,3000.0,[7013801],False,0,0,0,0,Estação de Classificação Purificador da Pedra Sagrada,,,[1169]
361131,54,1201111,10080002,1,1,0,Monster_Name_361131,,0,101,2,0,False,0,0,2,0,True,True,40,100,200,3000.0,[7005601],False,0,0,0,0,Refinaria Silex,,,[1569]
361132,54,1201112,10280003,1,1,0,Monster_Name_361132,,0,101,2,0,False,0,0,2,0,True,True,40,110,200,3000.0,"[7008501,7008502]",False,0,0,0,0,Refinaria Gafftail,,,[1569]
361133,54,1201113,10420001,1,1,0,Monster_Name_361133,,0,101,2,0,False,0,0,2,0,True,True,40,100,200,3000.0,"[7005201,7005202]",False,0,0,0,0,Refinaria Scud Pesado,,,[1569]
361134,54,1201114,10030001,1,1,0,Monster_Name_361134,,0,101,2,0,False,0,0,2,0,True,True,40,80,200,3000.0,[7000701],False,0,0,0,0,Refinaria Grumble,,,[1569]
361135,54,1201115,10032001,1,1,0,Monster_Name_361135,,0,101,2,0,False,0,0,2,0,True,True,40,80,200,3000.0,[7000701],False,0,0,0,0,Refinaria Grumble Oul,,,[1569]
361136,54,1201116,10050003,1,1,0,Monster_Name_361136,,0,101,2,0,False,0,0,2,0,True,True,40,90,200,3000.0,"[7003701,7003702,7003703]",False,0,0,0,0,Refinaria Arghol,,,[1569]
361137,54,1201117,10200002,1,1,0,Monster_Name_361137,,0,101,2,0,False,0,0,2,0,True,True,50,120,200,3000.0,[7000801],False,0,0,0,0,Torrão de Refinaria,,,[1569]
361138,54,1201118,10821002,1,1,0,Monster_Name_361138,,0,101,2,0,False,0,0,2,0,True,True,40,100,200,3000.0,"[7014401,7014402,7014403]",False,0,0,0,0,Refinaria Guardião da Pedra Sagrada,,,[1569]
361139,54,1201119,10460002,1,1,0,Monster_Name_361139,,0,101,2,0,False,0,0,2,1,True,True,40,80,200,1300.0,[7008401],False,0,0,0,0,Fantasma do Pesadelo,,,[1569]
361140,54,1201120,10820001,1,1,0,Monster_Name_361140,,0,101,2,0,False,0,0,2,0,True,True,40,80,200,3000.0,"[7014201,7014202,7014203]",False,0,0,0,0,Refinaria Buscador da Pedra Sagrada,,,[1569]
361141,54,1201121,10819000,1,1,0,Monster_Name_361141,,0,101,2,0,False,0,0,2,0,True,True,40,150,200,3000.0,[7013801],False,0,0,0,0,Refinaria Purificador da Pedra Sagrada,,,[1569]
361161,58,1201122,10080002,1,1,0,Monster_Name_361161,,0,101,2,0,False,0,0,2,0,True,True,40,100,200,3000.0,[7005601],False,0,0,0,0,Silex de Fundição,,,[2169]
361162,58,1201123,10280003,1,1,0,Monster_Name_361162,,0,101,2,0,False,0,0,2,0,True,True,40,110,200,3000.0,"[7008501,7008502]",False,0,0,0,0,Gafftail de Fundição,,,[2169]
361163,58,1201124,10420001,1,1,0,Monster_Name_361163,,0,101,2,0,False,0,0,2,0,True,True,40,100,200,3000.0,"[7005201,7005202]",False,0,0,0,0,Scud Pesado de Fundição,,,[2169]
361164,58,1201125,10030001,1,1,0,Monster_Name_361164,,0,101,2,0,False,0,0,2,0,True,True,40,80,200,3000.0,[7000701],False,0,0,0,0,Fundidor Grumble,,,[2169]
361165,58,1201126,10032001,1,1,0,Monster_Name_361165,,0,101,2,0,False,0,0,2,0,True,True,40,80,200,3000.0,[7000701],False,0,0,0,0,Fundidor Grumble Oul,,,[2169]
361166,58,1201127,10050003,1,1,0,Monster_Name_361166,,0,101,2,0,False,0,0,2,0,True,True,40,90,200,3000.0,"[7003701,7003702,7003703]",False,0,0,0,0,Fundidor Arghol,,,[2169]
361167,58,1201128,10200002,1,1,0,Monster_Name_361167,,0,101,2,0,False,0,0,2,0,True,True,50,120,200,3000.0,[7000801],False,0,0,0,0,Torrão de Fundição,,,[2169]
361168,58,1201129,10821002,1,1,0,Monster_Name_361168,,0,101,2,0,False,0,0,2,0,True,True,40,100,200,3000.0,"[7014401,7014402,7014403]",False,0,0,0,0,Fundidor Guardião da Pedra Sagrada,,,[2169]
361169,58,1201130,10460002,1,1,0,Monster_Name_361169,,0,101,2,0,False,0,0,2,1,True,True,40,80,200,1300.0,[7008401],False,0,0,0,0,Fantasma do Pesadelo,,,[2169]
361170,58,1201131,10820001,1,1,0,Monster_Name_361170,,0,101,2,0,False,0,0,2,0,True,True,40,80,200,3000.0,"[7014201,7014202,7014203]",False,0,0,0,0,Fundidor Buscador da Pedra Sagrada,,,[2169]
361171,58,1201132,10819000,1,1,0,Monster_Name_361171,,0,101,2,0,False,0,0,2,0,True,True,40,150,200,3000.0,[7013801],False,0,0,0,0,Fundidor Purificador da Pedra Sagrada,,,[2169]
361201,62,1201133,10080002,1,1,0,Monster_Name_361201,,0,101,2,0,False,0,0,2,0,True,True,40,100,200,3000.0,[7005601],False,0,0,0,0,Estação de Classificação Silex,,,[3969]
361202,62,1201134,10280003,1,1,0,Monster_Name_361202,,0,101,2,0,False,0,0,2,0,True,True,40,110,200,3000.0,"[7008501,7008502]",False,0,0,0,0,Estação de Classificação Gafftail,,,[3969]
361203,62,1201135,10420001,1,1,0,Monster_Name_361203,,0,101,2,0,False,0,0,2,0,True,True,40,100,200,3000.0,"[7005201,7005202]",False,0,0,0,0,Estação de Triagem Scud Pesado,,,[3969]
361204,62,1201136,10030001,1,1,0,Monster_Name_361204,,0,101,2,0,False,0,0,2,0,True,True,40,80,200,3000.0,[7000701],False,0,0,0,0,Estação de Classificação Grumble,,,[3969]
361205,62,1201137,10032001,1,1,0,Monster_Name_361205,,0,101,2,0,False,0,0,2,0,True,True,40,80,200,3000.0,[7000701],False,0,0,0,0,Estação de Classificação Grumble Oul,,,[3969]
361206,62,1201138,10050003,1,1,0,Monster_Name_361206,,0,101,2,0,False,0,0,2,0,True,True,40,90,200,3000.0,"[7003701,7003702,7003703]",False,0,0,0,0,Estação de Classificação Arghol,,,[3969]
361207,62,1201139,10200002,1,1,0,Monster_Name_361207,,0,101,2,0,False,0,0,2,0,True,True,50,120,200,3000.0,[7000801],False,0,0,0,0,Estação de Classificação Clod,,,[3969]
361208,62,1201140,10820001,1,1,0,Monster_Name_361208,,0,101,2,0,False,0,0,2,0,True,True,40,80,200,3000.0,"[7014201,7014202,7014203]",False,0,0,0,0,Estação de Classificação Buscador da Pedra Sagrada,,,[3969]
361209,62,1201141,10460002,1,1,0,Monster_Name_361209,,0,101,2,0,False,0,0,2,1,True,True,40,80,200,1300.0,[7008401],False,0,0,0,0,Fantasma do Pesadelo,,,[3969]
361210,62,1201142,10821002,1,1,0,Monster_Name_361210,,0,101,2,0,False,0,0,2,0,True,True,40,100,200,3000.0,"[7014401,7014402,7014403]",False,0,0,0,0,Estação de Classificação Guardião da Pedra Sagrada,,,[3969]
361211,62,1201143,10819000,1,1,0,Monster_Name_361211,,0,101,2,0,False,0,0,2,0,True,True,40,150,200,3000.0,[7013801],False,0,0,0,0,Estação de Classificação Purificador da Pedra Sagrada,,,[3969]
361231,66,1201144,10080002,1,1,0,Monster_Name_361231,,0,101,2,0,False,0,0,2,0,True,True,40,100,200,3000.0,[7005601],False,0,0,0,0,Refinaria Silex,,,[6569]
361232,66,1201145,10280003,1,1,0,Monster_Name_361232,,0,101,2,0,False,0,0,2,0,True,True,40,110,200,3000.0,"[7008501,7008502]",False,0,0,0,0,Refinaria Gafftail,,,[6569]
361233,66,1201146,10420001,1,1,0,Monster_Name_361233,,0,101,2,0,False,0,0,2,0,True,True,40,100,200,3000.0,"[7005201,7005202]",False,0,0,0,0,Refinaria Scud Pesado,,,[6569]
361234,66,1201147,10030001,1,1,0,Monster_Name_361234,,0,101,2,0,False,0,0,2,0,True,True,40,80,200,3000.0,[7000701],False,0,0,0,0,Refinaria Grumble,,,[6569]
361235,66,1201148,10032001,1,1,0,Monster_Name_361235,,0,101,2,0,False,0,0,2,0,True,True,40,80,200,3000.0,[7000701],False,0,0,0,0,Refinaria Grumble Oul,,,[6569]
361236,66,1201149,10050003,1,1,0,Monster_Name_361236,,0,101,2,0,False,0,0,2,0,True,True,40,90,200,3000.0,"[7003701,7003702,7003703]",False,0,0,0,0,Refinaria Arghol,,,[6569]
361237,66,1201150,10200002,1,1,0,Monster_Name_361237,,0,101,2,0,False,0,0,2,0,True,True,50,120,200,3000.0,[7000801],False,0,0,0,0,Torrão de Refinaria,,,[6569]
361238,66,1201151,10820001,1,1,0,Monster_Name_361238,,0,101,2,0,False,0,0,2,0,True,True,40,80,200,3000.0,"[7014201,7014202,7014203]",False,0,0,0,0,Refinaria Buscador da Pedra Sagrada,,,[6569]
361239,66,1201152,10460002,1,1,0,Monster_Name_361239,,0,101,2,0,False,0,0,2,1,True,True,40,80,200,1300.0,[7008401],False,0,0,0,0,Fantasma do Pesadelo,,,[6569]
361240,66,1201153,10821002,1,1,0,Monster_Name_361240,,0,101,2,0,False,0,0,2,0,True,True,40,100,200,3000.0,"[7014401,7014402,7014403]",False,0,0,0,0,Refinaria Guardião da Pedra Sagrada,,,[6569]
361241,66,1201154,10819000,1,1,0,Monster_Name_361241,,0,101,2,0,False,0,0,2,0,True,True,40,150,200,3000.0,[7013801],False,0,0,0,0,Refinaria Purificador da Pedra Sagrada,,,[6569]
361261,70,1201155,10080002,1,1,0,Monster_Name_361261,,0,101,2,0,False,0,0,2,0,True,True,40,100,200,3000.0,[7005601],False,0,0,0,0,Silex de Fundição,,,[9669]
361262,70,1201156,10280003,1,1,0,Monster_Name_361262,,0,101,2,0,False,0,0,2,0,True,True,40,110,200,3000.0,"[7008501,7008502]",False,0,0,0,0,Gafftail de Fundição,,,[9669]
361263,70,1201157,10420001,1,1,0,Monster_Name_361263,,0,101,2,0,False,0,0,2,0,True,True,40,100,200,3000.0,"[7005201,7005202]",False,0,0,0,0,Scud Pesado de Fundição,,,[9669]
361264,70,1201158,10030001,1,1,0,Monster_Name_361264,,0,101,2,0,False,0,0,2,0,True,True,40,80,200,3000.0,[7000701],False,0,0,0,0,Fundição Grumble,,,[9669]
361265,70,1201159,10032001,1,1,0,Monster_Name_361265,,0,101,2,0,False,0,0,2,0,True,True,40,80,200,3000.0,[7000701],False,0,0,0,0,Fundidor Grumble Oul,,,[9669]
361266,70,1201160,10050003,1,1,0,Monster_Name_361266,,0,101,2,0,False,0,0,2,0,True,True,40,90,200,3000.0,"[7003701,7003702,7003703]",False,0,0,0,0,Fundidor Arghol,,,[9669]
361267,70,1201161,10200002,1,1,0,Monster_Name_361267,,0,101,2,0,False,0,0,2,0,True,True,50,120,200,3000.0,[7000801],False,0,0,0,0,Smelter Clod,,,[9669]
361268,70,1201162,10820001,1,1,0,Monster_Name_361268,,0,101,2,0,False,0,0,2,0,True,True,40,80,200,3000.0,"[7014201,7014202,7014203]",False,0,0,0,0,Fundidor Buscador da Pedra Sagrada,,,[9669]
361269,70,1201163,10460002,1,1,0,Monster_Name_361269,,0,101,2,0,False,0,0,2,1,True,True,40,80,200,1300.0,[7008401],False,0,0,0,0,Fantasma do Pesadelo,,,[9669]
361270,70,1201164,10821002,1,1,0,Monster_Name_361270,,0,101,2,0,False,0,0,2,0,True,True,40,100,200,3000.0,"[7014401,7014402,7014403]",False,0,0,0,0,Fundidor Guardião da Pedra Sagrada,,,[9669]
361271,70,1201165,10819000,1,1,0,Monster_Name_361271,,0,101,2,0,False,0,0,2,0,True,True,40,150,200,3000.0,[7013801],False,0,0,0,0,Fundidor Purificador da Pedra Sagrada,,,[9669]
361301,74,1201166,10080002,1,1,0,Monster_Name_361301,,0,101,2,0,False,0,0,2,0,True,True,40,100,200,3000.0,[7005601],False,0,0,0,0,Estação de Classificação Silex,,,[14769]
361302,74,1201167,10280003,1,1,0,Monster_Name_361302,,0,101,2,0,False,0,0,2,0,True,True,40,110,200,3000.0,"[7008501,7008502]",False,0,0,0,0,Estação de Classificação Gafftail,,,[14769]
361303,74,1201168,10420001,1,1,0,Monster_Name_361303,,0,101,2,0,False,0,0,2,0,True,True,40,100,200,3000.0,"[7005201,7005202]",False,0,0,0,0,Estação de Triagem Scud Pesado,,,[14769]
361304,74,1201169,10030001,1,1,0,Monster_Name_361304,,0,101,2,0,False,0,0,2,0,True,True,40,80,200,3000.0,[7000701],False,0,0,0,0,Estação de Classificação Grumble,,,[14769]
361305,74,1201170,10032001,1,1,0,Monster_Name_361305,,0,101,2,0,False,0,0,2,0,True,True,40,80,200,3000.0,[7000701],False,0,0,0,0,Estação de Classificação Grumble Oul,,,[14769]
361306,74,1201171,10050003,1,1,0,Monster_Name_361306,,0,101,2,0,False,0,0,2,0,True,True,40,90,200,3000.0,"[7003701,7003702,7003703]",False,0,0,0,0,Estação de Classificação Arghol,,,[14769]
361307,74,1201172,10200002,1,1,0,Monster_Name_361307,,0,101,2,0,False,0,0,2,0,True,True,50,120,200,3000.0,[7000801],False,0,0,0,0,Estação de Classificação Clod,,,[14769]
361308,74,1201173,10819000,1,1,0,Monster_Name_361308,,0,101,2,0,False,0,0,2,0,True,True,40,150,200,3000.0,[7013801],False,0,0,0,0,Estação de Classificação Purificador da Pedra Sagrada,,,[14769]
361309,84,0,16220000,185,3,0,Monster_Name_361309,,0,101,2,106,False,0,2,2,0,True,True,150,180,600,5000.0,[7100901],False,0,0,0,0,Protetor da Pedra Sagrada da Loucura,,,[]
361310,74,1201174,10460002,1,1,0,Monster_Name_361310,,0,101,2,0,False,0,0,2,1,True,True,40,80,200,1300.0,[7008401],False,0,0,0,0,Fantasma do Pesadelo,,,[14769]
361311,74,1201175,10821002,1,1,0,Monster_Name_361311,,0,101,2,0,False,0,0,2,0,True,True,40,100,200,3000.0,"[7014401,7014402,7014403]",False,0,0,0,0,Estação de Classificação Guardião da Pedra Sagrada,,,[14769]
361312,74,1201176,10820001,1,1,0,Monster_Name_361312,,0,101,2,0,False,0,0,2,0,True,True,40,80,200,3000.0,"[7014201,7014202,7014203]",False,0,0,0,0,Estação de Classificação Buscador da Pedra Sagrada,,,[14769]
361331,77,1201177,10080002,1,1,0,Monster_Name_361331,,0,101,2,0,False,0,0,2,0,True,True,40,100,200,3000.0,[7005601],False,0,0,0,0,Refinaria Silex,,,[18919]
361332,77,1201178,10280003,1,1,0,Monster_Name_361332,,0,101,2,0,False,0,0,2,0,True,True,40,110,200,3000.0,"[7008501,7008502]",False,0,0,0,0,Gafftail da Refinaria,,,[18919]
361333,77,1201179,10420001,1,1,0,Monster_Name_361333,,0,101,2,0,False,0,0,2,0,True,True,40,100,200,3000.0,"[7005201,7005202]",False,0,0,0,0,Scud Pesado da Refinaria,,,[18919]
361334,77,1201180,10030001,1,1,0,Monster_Name_361334,,0,101,2,0,False,0,0,2,0,True,True,40,80,200,3000.0,[7000701],False,0,0,0,0,Refinaria Grumble,,,[18919]
361335,77,1201181,10032001,1,1,0,Monster_Name_361335,,0,101,2,0,False,0,0,2,0,True,True,40,80,200,3000.0,[7000701],False,0,0,0,0,Refinaria Grumble Oul,,,[18919]
361336,77,1201182,10050003,1,1,0,Monster_Name_361336,,0,101,2,0,False,0,0,2,0,True,True,40,90,200,3000.0,"[7003701,7003702,7003703]",False,0,0,0,0,Refinaria Arghol,,,[18919]
361337,77,1201183,10200002,1,1,0,Monster_Name_361337,,0,101,2,0,False,0,0,2,0,True,True,50,120,200,3000.0,[7000801],False,0,0,0,0,Torrão de Refinaria,,,[18919]
361338,77,1201184,10819000,1,1,0,Monster_Name_361338,,0,101,2,0,False,0,0,2,0,True,True,40,150,200,3000.0,[7013801],False,0,0,0,0,Refinaria Purificador da Pedra Sagrada,,,[18919]
361340,77,1201185,10460002,1,1,0,Monster_Name_361340,,0,101,2,0,False,0,0,2,1,True,True,40,80,200,1300.0,[7008401],False,0,0,0,0,Fantasma do Pesadelo,,,[18919]
361341,77,1201186,10821002,1,1,0,Monster_Name_361341,,0,101,2,0,False,0,0,2,0,True,True,40,100,200,3000.0,"[7014401,7014402,7014403]",False,0,0,0,0,Refinaria Guardião da Pedra Sagrada,,,[18919]
361342,77,1201187,10820001,1,1,0,Monster_Name_361342,,0,101,2,0,False,0,0,2,0,True,True,40,80,200,3000.0,"[7014201,7014202,7014203]",False,0,0,0,0,Refinaria Buscador da Pedra Sagrada,,,[18919]
361361,80,1201188,10080002,1,1,0,Monster_Name_361361,,0,101,2,0,False,0,0,2,0,True,True,40,100,200,3000.0,[7005601],False,0,0,0,0,Silex de Fundição,,,[23569]
361362,80,1201189,10280003,1,1,0,Monster_Name_361362,,0,101,2,0,False,0,0,2,0,True,True,40,110,200,3000.0,"[7008501,7008502]",False,0,0,0,0,Gafftail de Fundição,,,[23569]
361363,80,1201190,10420001,1,1,0,Monster_Name_361363,,0,101,2,0,False,0,0,2,0,True,True,40,100,200,3000.0,"[7005201,7005202]",False,0,0,0,0,Scud Pesado de Fundição,,,[23569]
361364,80,1201191,10030001,1,1,0,Monster_Name_361364,,0,101,2,0,False,0,0,2,0,True,True,40,80,200,3000.0,[7000701],False,0,0,0,0,Fundidor Grumble,,,[23569]
361365,80,1201192,10032001,1,1,0,Monster_Name_361365,,0,101,2,0,False,0,0,2,0,True,True,40,80,200,3000.0,[7000701],False,0,0,0,0,Fundidor Grumble Oul,,,[23569]
361366,80,1201193,10050003,1,1,0,Monster_Name_361366,,0,101,2,0,False,0,0,2,0,True,True,40,90,200,3000.0,"[7003701,7003702,7003703]",False,0,0,0,0,Fundidor Arghol,,,[23569]
361367,80,1201194,10200002,1,1,0,Monster_Name_361367,,0,101,2,0,False,0,0,2,0,True,True,50,120,200,3000.0,[7000801],False,0,0,0,0,Torrão de Fundição,,,[23569]
361368,80,1201195,10819000,1,1,0,Monster_Name_361368,,0,101,2,0,False,0,0,2,0,True,True,40,150,200,3000.0,[7013801],False,0,0,0,0,Fundidor Purificador da Pedra Sagrada,,,[23569]
361370,80,1201196,10460002,1,1,0,Monster_Name_361370,,0,101,2,0,False,0,0,2,1,True,True,40,80,200,1300.0,[7008401],False,0,0,0,0,Fantasma do Pesadelo,,,[23569]
361371,80,1201197,10821002,1,1,0,Monster_Name_361371,,0,101,2,0,False,0,0,2,0,True,True,40,100,200,3000.0,"[7014401,7014402,7014403]",False,0,0,0,0,Fundidor Guardião da Pedra Sagrada,,,[23569]
361372,80,1201198,10820001,1,1,0,Monster_Name_361372,,0,101,2,0,False,0,0,2,0,True,True,40,80,200,3000.0,"[7014201,7014202,7014203]",False,0,0,0,0,Fundidor Buscador da Pedra Sagrada,,,[23569]
362001,84,1201199,10080002,1,1,0,Monster_Name_362001,,0,0,2,0,False,0,0,2,0,True,True,40,100,200,3000.0,[7005601],False,0,0,0,0,Estação de Classificação Silex,,,[30469]
362002,84,1201200,10280003,1,1,0,Monster_Name_362002,,0,0,2,0,False,0,0,2,0,True,True,40,110,200,3000.0,"[7008501,7008502]",False,0,0,0,0,Estação de Classificação Gafftail,,,[30469]
362003,84,1201201,10420001,1,1,0,Monster_Name_362003,,0,0,2,0,False,0,0,2,0,True,True,40,100,200,3000.0,"[7005201,7005202]",False,0,0,0,0,Estação de Classificação Scud Pesado,,,[30469]
362004,84,1201202,10030001,1,1,0,Monster_Name_362004,,0,0,2,0,False,0,0,2,0,True,True,40,80,200,3000.0,[7000701],False,0,0,0,0,Estação de Classificação Grumble,,,[30469]
362005,84,1201203,10032001,1,1,0,Monster_Name_362005,,0,0,2,0,False,0,0,2,0,True,True,40,80,200,3000.0,[7000701],False,0,0,0,0,Estação de Classificação Grumble Oul,,,[30469]
362006,84,1201204,10050003,1,1,0,Monster_Name_362006,,0,0,2,0,False,0,0,2,0,True,True,40,90,200,3000.0,"[7003701,7003702,7003703]",False,0,0,0,0,Estação de Classificação Arghol,,,[30469]
362007,84,1201205,10200002,1,1,0,Monster_Name_362007,,0,0,2,0,False,0,0,2,0,True,True,50,120,200,3000.0,[7000801],False,0,0,0,0,Estação de Classificação Clod,,,[30469]
362008,84,1201206,10819000,1,1,0,Monster_Name_362008,,0,0,2,0,False,0,0,2,0,True,True,40,150,200,3000.0,[7013801],False,0,0,0,0,Estação de Classificação Purificador da Pedra Sagrada,,,[30469]
362009,84,1201207,10821001,1,1,0,Monster_Name_362009,,0,0,2,0,False,0,0,2,0,True,True,40,100,200,3000.0,"[7014401,7014402,7014403]",False,0,0,0,0,Estação de Classificação Guardião da Pedra Sagrada,,,[30469]
362010,84,1201208,10820001,1,1,0,Monster_Name_362010,,0,0,2,0,False,0,0,2,0,True,True,40,80,200,3000.0,"[7014201,7014202,7014203]",False,0,0,0,0,Estação de Classificação Buscador da Pedra Sagrada,,,[30469]
362019,84,1201209,10460002,1,1,0,Monster_Name_362019,,0,0,2,0,False,0,0,2,1,True,True,40,80,200,1300.0,[7008401],False,0,0,0,0,Fantasma do Pesadelo,,,[30469]
362031,88,1201210,10080002,1,1,0,Monster_Name_362031,,0,0,2,0,False,0,0,2,0,True,True,40,100,200,3000.0,[7005601],False,0,0,0,0,Refinaria Silex,,,[38169]
362032,88,1201211,10280003,1,1,0,Monster_Name_362032,,0,0,2,0,False,0,0,2,0,True,True,40,110,200,3000.0,"[7008501,7008502]",False,0,0,0,0,Refinaria Gafftail,,,[38169]
362033,88,1201212,10420001,1,1,0,Monster_Name_362033,,0,0,2,0,False,0,0,2,0,True,True,40,100,200,3000.0,"[7005201,7005202]",False,0,0,0,0,Refinaria Scud Pesado,,,[38169]
362034,88,1201213,10030001,1,1,0,Monster_Name_362034,,0,0,2,0,False,0,0,2,0,True,True,40,80,200,3000.0,[7000701],False,0,0,0,0,Refinaria Grumble,,,[38169]
362035,88,1201214,10032001,1,1,0,Monster_Name_362035,,0,0,2,0,False,0,0,2,0,True,True,40,80,200,3000.0,[7000701],False,0,0,0,0,Refinaria Grumble Oul,,,[38169]
362036,88,1201215,10050003,1,1,0,Monster_Name_362036,,0,0,2,0,False,0,0,2,0,True,True,40,90,200,3000.0,"[7003701,7003702,7003703]",False,0,0,0,0,Refinaria Arghol,,,[38169]
362037,88,1201216,10200002,1,1,0,Monster_Name_362037,,0,0,2,0,False,0,0,2,0,True,True,50,120,200,3000.0,[7000801],False,0,0,0,0,Torrão de Refinaria,,,[38169]
362038,88,1201217,10819000,1,1,0,Monster_Name_362038,,0,0,2,0,False,0,0,2,0,True,True,40,150,200,3000.0,[7013801],False,0,0,0,0,Refinaria Purificador da Pedra Sagrada,,,[38169]
362039,88,1201218,10821001,1,1,0,Monster_Name_362039,,0,0,2,0,False,0,0,2,0,True,True,40,100,200,3000.0,"[7014401,7014402,7014403]",False,0,0,0,0,Refinaria Guardião da Pedra Sagrada,,,[38169]
362040,88,1201219,10820001,1,1,0,Monster_Name_362040,,0,0,2,0,False,0,0,2,0,True,True,40,80,200,3000.0,"[7014201,7014202,7014203]",False,0,0,0,0,Refinaria Buscador da Pedra Sagrada,,,[38169]
362049,88,1201220,10460002,1,1,0,Monster_Name_362049,,0,0,2,0,False,0,0,2,1,True,True,40,80,200,1300.0,[7008401],False,0,0,0,0,Fantasma do Pesadelo,,,[38169]
362061,92,1201221,10080002,1,1,0,Monster_Name_362061,,0,0,2,0,False,0,0,2,0,True,True,40,100,200,3000.0,[7005601],False,0,0,0,0,Silex de Fundição,,,[46669]
362062,92,1201222,10280003,1,1,0,Monster_Name_362062,,0,0,2,0,False,0,0,2,0,True,True,40,110,200,3000.0,"[7008501,7008502]",False,0,0,0,0,Gafftail de Fundição,,,[46669]
362063,92,1201223,10420001,1,1,0,Monster_Name_362063,,0,0,2,0,False,0,0,2,0,True,True,40,100,200,3000.0,"[7005201,7005202]",False,0,0,0,0,Scud Pesado de Fundição,,,[46669]
362064,92,1201224,10030001,1,1,0,Monster_Name_362064,,0,0,2,0,False,0,0,2,0,True,True,40,80,200,3000.0,[7000701],False,0,0,0,0,Fundidor Grumble,,,[46669]
362065,92,1201225,10032001,1,1,0,Monster_Name_362065,,0,0,2,0,False,0,0,2,0,True,True,40,80,200,3000.0,[7000701],False,0,0,0,0,Fundidor Grumble Oul,,,[46669]
362066,92,1201226,10050003,1,1,0,Monster_Name_362066,,0,0,2,0,False,0,0,2,0,True,True,40,90,200,3000.0,"[7003701,7003702,7003703]",False,0,0,0,0,Fundidor Arghol,,,[46669]
362067,92,1201227,10200002,1,1,0,Monster_Name_362067,,0,0,2,0,False,0,0,2,0,True,True,50,120,200,3000.0,[7000801],False,0,0,0,0,Smelter Clod,,,[46669]
362068,92,1201228,10819000,1,1,0,Monster_Name_362068,,0,0,2,0,False,0,0,2,0,True,True,40,150,200,3000.0,[7013801],False,0,0,0,0,Fundidor Purificador da Pedra Sagrada,,,[46669]
362069,92,1201229,10821001,1,1,0,Monster_Name_362069,,0,0,2,0,False,0,0,2,0,True,True,40,100,200,3000.0,"[7014401,7014402,7014403]",False,0,0,0,0,Fundidor Guardião da Pedra Sagrada,,,[46669]
362070,92,1201230,10820001,1,1,0,Monster_Name_362070,,0,0,2,0,False,0,0,2,0,True,True,40,80,200,3000.0,"[7014201,7014202,7014203]",False,0,0,0,0,Fundidor Buscador da Pedra Sagrada,,,[46669]
362079,92,1201231,10460002,1,1,0,Monster_Name_362079,,0,0,2,0,False,0,0,2,1,True,True,40,80,200,1300.0,[7008401],False,0,0,0,0,Fantasma do Pesadelo,,,[46669]
362099,97,0,16220015,646,185,0,Monster_Name_362099,,0,0,2,106,False,0,2,2,0,True,True,150,180,600,5000.0,[7100948],False,0,0,0,0,Protetor da Pedra Sagrada da Destruição,,,[]
363001,82,1201012,10080002,1,1,0,Monster_Name_363001,,0,0,2,0,False,0,0,2,0,True,True,40,100,200,3000.0,[7005601],False,0,0,0,0,Minar Silex,,,[26919]
363002,82,1201013,10280003,1,1,0,Monster_Name_363002,,0,0,2,0,False,0,0,2,0,True,True,40,110,200,3000.0,"[7008501,7008502]",False,0,0,0,0,Gafftail de Mina,,,[26919]
363003,82,1201014,10420001,1,1,0,Monster_Name_363003,,0,0,2,0,False,0,0,2,0,True,True,40,100,200,3000.0,"[7005201,7005202]",False,0,0,0,0,Minar Scud Pesado,,,[26919]
363004,82,1201015,10032001,1,1,0,Monster_Name_363004,,0,0,2,0,False,0,0,2,0,True,True,40,80,200,3000.0,[7000701],False,0,0,0,0,Minar Grumble Oul,,,[26919]
363005,82,1201016,10460002,1,1,0,Monster_Name_363005,,0,0,2,0,False,0,0,2,1,True,True,40,80,200,1300.0,[7008401],False,0,0,0,0,Fantasma do Pesadelo,,,[26919]
363011,90,1201018,10030001,1,1,0,Monster_Name_363011,,0,0,2,0,False,0,0,2,0,True,True,40,80,200,3000.0,[7000701],False,0,0,0,0,Minar Grumble,,,[42319]
363012,90,1201019,10050003,1,1,0,Monster_Name_363012,,0,0,2,0,False,0,0,2,0,True,True,40,90,200,3000.0,"[7003701,7003702,7003703]",False,0,0,0,0,Minas Arghol,,,[42319]
363013,90,1201020,10200002,1,1,0,Monster_Name_363013,,0,0,2,0,False,0,0,2,0,True,True,50,120,200,3000.0,[7000801],False,0,0,0,0,Mina Clod,,,[42319]
363014,90,1201021,10821002,1,1,0,Monster_Name_363014,,0,0,2,0,False,0,0,2,0,True,True,40,100,200,3000.0,"[7014401,7014402,7014403]",False,0,0,0,0,Guardião da Pedra Sagrada,,,[42319]
363015,90,1201022,10820001,1,1,0,Monster_Name_363015,,0,0,2,0,False,0,0,2,0,True,True,40,80,200,3000.0,"[7014201,7014202,7014203]",False,0,0,0,0,Buscador da Pedra Sagrada,,,[42319]
363016,90,1201017,10819000,1,1,0,Monster_Name_363016,,0,0,2,0,False,0,0,2,0,True,True,40,150,200,3000.0,[7013801],False,0,0,0,0,Purificador da Pedra Sagrada,,,[42319]
363017,90,1201023,10823002,1,1,0,Monster_Name_363017,,0,0,2,0,False,0,0,2,1,True,True,40,40,80,1300.0,"[7016401,7016402]",False,0,0,0,0,Fantasma Blindado de Pesadelo,,,[42319]
375100,86,0,16400000,529,530,0,Monster_Name_375100,,0,200,2,106,False,0,2,2,0,True,True,150,300,500,5000.0,"[7104901,7104903]",False,0,1,0,0,Xenogeyser,,,[]
375101,58,1205000,10850002,1,1,0,Monster_Name_375101,,0,200,2,0,False,0,0,2,0,True,True,40,90,90,3000.0,"[7019501,7019502,7019503]",False,0,0,0,0,Dione Glatt,,,[1669]
375102,58,1205001,10848001,1,1,0,Monster_Name_375102,,0,200,2,0,False,0,0,2,0,True,True,40,70,120,3000.0,[7019402],False,0,0,0,0,Dione Malpas Clutcher,,,[1669]
375103,66,1205003,10848000,1,1,0,Monster_Name_375103,,0,200,2,0,False,0,0,2,0,True,True,40,70,120,3000.0,[7019401],False,0,0,0,0,Dione Malpas Spitter,,,[4569]
375104,66,1205004,10851000,1,1,0,Monster_Name_375104,,0,200,2,0,False,0,0,2,0,True,True,40,100,110,3000.0,"[7019601,7019602,7019603]",False,0,0,0,0,Dione Lambedor,,,[4569]
375105,74,1205006,10511000,1,1,0,Monster_Name_375105,Monster_Title_751000001,0,200,2,0,False,0,0,2,0,True,True,40,50,200,3000.0,"[7004001,7004002]",False,0,0,0,0,Guerreiro Pesado Dione Saura,Mercenário Kallidon,,[12169]
375106,74,1205007,10521000,1,1,0,Monster_Name_375106,Monster_Title_751000001,0,200,2,0,False,0,0,2,0,True,True,40,50,200,3000.0,[7006401],False,0,0,0,0,Dione Saura Atirador,Mercenário Kallidon,,[12169]
375107,82,1205009,10844001,1,1,0,Monster_Name_375107,Monster_Title_751000002,0,200,2,0,False,0,0,2,0,True,True,40,50,110,3000.0,"[7019101,7019102,7019103]",False,0,0,0,0,Dione Guerreiro Nether,Legião Âncora Grande,,[23569]
375108,82,1205010,10846001,1,1,0,Monster_Name_375108,Monster_Title_751000002,0,200,2,0,False,0,0,2,0,True,True,40,120,120,3000.0,"[7018901,7018902,7018903]",False,0,0,0,0,Aniquilador Nether de Dione,Legião Âncora Grande,,[23569]
375109,82,1205011,10845001,1,1,0,Monster_Name_375109,Monster_Title_751000002,0,200,2,0,False,0,0,2,0,True,True,40,50,120,3000.0,[7019001],False,0,0,0,0,Sentinela Nether de Dione,Legião Âncora Grande,,[23569]
375112,58,1205002,10590001,1,1,0,Monster_Name_375112,,0,200,2,0,False,0,0,2,1,True,True,40,80,200,3000.0,[7006001],False,0,0,0,0,Larva Selvagem,,,[1669]
375113,66,1205005,10610001,1,1,0,Monster_Name_375113,,0,200,2,0,False,0,0,2,1,True,True,40,80,200,3000.0,"[7006601,7006602,7006603]",False,0,0,0,0,Lagarto Selvagem,,,[4569]
375114,74,1205008,10842004,1,1,0,Monster_Name_375114,,0,200,2,0,False,0,0,2,1,True,True,40,50,50,1300.0,[7018302],False,0,0,0,0,Pathfinder Desenfreado,,,[12169]
375115,82,1205012,10823003,1,1,0,Monster_Name_375115,,0,200,2,0,False,0,0,2,1,True,True,40,80,80,1300.0,"[7016401,7016402]",False,0,0,0,0,Fantasma Blindado Enfurecido,,,[23569]
375116,58,1205013,10850002,1,1,0,Monster_Name_375116,,0,200,2,0,False,0,0,2,0,True,True,40,90,90,3000.0,"[7019501,7019502,7019503]",False,0,0,0,0,Teia Glatt,,,[1669]
375117,58,1205014,10848001,1,1,0,Monster_Name_375117,,0,200,2,0,False,0,0,2,0,True,True,40,70,120,3000.0,[7019402],False,0,0,0,0,Teia Malpas Clutcher,,,[1669]
375118,66,1205016,10848000,1,1,0,Monster_Name_375118,,0,200,2,0,False,0,0,2,0,True,True,40,70,120,3000.0,[7019401],False,0,0,0,0,Teia Malpas Spitter,,,[4569]
375119,66,1205017,10851000,1,1,0,Monster_Name_375119,,0,200,2,0,False,0,0,2,0,True,True,40,100,110,3000.0,"[7019601,7019602,7019603]",False,0,0,0,0,Teia Licker,,,[4569]
375120,74,1205019,10511000,1,1,0,Monster_Name_375120,Monster_Title_751000011,0,200,2,0,False,0,0,2,0,True,True,40,50,200,3000.0,"[7004001,7004002]",False,0,0,0,0,Guerreiro Pesado Teia Saura,Mercenário Kallidon,,[12169]
375121,74,1205020,10521000,1,1,0,Monster_Name_375121,Monster_Title_751000011,0,200,2,0,False,0,0,2,0,True,True,40,50,200,3000.0,[7006401],False,0,0,0,0,Sniper Teia Saura,Mercenário Kallidon,,[12169]
375122,82,1205022,10844001,1,1,0,Monster_Name_375122,Monster_Title_751000012,0,200,2,0,False,0,0,2,0,True,True,40,50,110,3000.0,"[7019101,7019102,7019103]",False,0,0,0,0,Teia Guerreiro Nether,Legião Âncora Grande,,[23569]
375123,82,1205023,10846001,1,1,0,Monster_Name_375123,Monster_Title_751000012,0,200,2,0,False,0,0,2,0,True,True,40,120,120,3000.0,"[7018901,7018902,7018903]",False,0,0,0,0,Teia Aniquilador Nether,Legião Âncora Grande,,[23569]
375124,82,1205024,10845001,1,1,0,Monster_Name_375124,Monster_Title_751000012,0,200,2,0,False,0,0,2,0,True,True,40,50,120,3000.0,[7019001],False,0,0,0,0,Teia Sentinela Nether,Legião Âncora Grande,,[23569]
375127,58,1205015,10590001,1,1,0,Monster_Name_375127,,0,200,2,0,False,0,0,2,1,True,True,40,80,200,3000.0,[7006001],False,0,0,0,0,Larva Selvagem,,,[1669]
375128,66,1205018,10610001,1,1,0,Monster_Name_375128,,0,200,2,0,False,0,0,2,1,True,True,40,80,200,3000.0,"[7006601,7006602,7006603]",False,0,0,0,0,Lagarto Selvagem,,,[4569]
375129,74,1205021,10842004,1,1,0,Monster_Name_375129,,0,200,2,0,False,0,0,2,1,True,True,40,50,50,1300.0,[7018302],False,0,0,0,0,Pathfinder Desenfreado,,,[12169]
375130,82,1205025,10823003,1,1,0,Monster_Name_375130,,0,200,2,0,False,0,0,2,1,True,True,40,80,80,1300.0,"[7016401,7016402]",False,0,0,0,0,Fantasma Blindado Enfurecido,,,[23569]
375131,58,1205026,10850002,1,1,0,Monster_Name_375131,,0,200,2,0,False,0,0,2,0,True,True,40,90,90,3000.0,"[7019501,7019502,7019503]",False,0,0,0,0,Leah Glatt,,,[1669]
375132,58,1205027,10848001,1,1,0,Monster_Name_375132,,0,200,2,0,False,0,0,2,0,True,True,40,70,120,3000.0,[7019402],False,0,0,0,0,Leah Malpas Clutcher,,,[1669]
375133,66,1205029,10848000,1,1,0,Monster_Name_375133,,0,200,2,0,False,0,0,2,0,True,True,40,70,120,3000.0,[7019401],False,0,0,0,0,Leah Malpas Cuspidor,,,[4569]
375134,66,1205030,10851000,1,1,0,Monster_Name_375134,,0,200,2,0,False,0,0,2,0,True,True,40,100,110,3000.0,"[7019601,7019602,7019603]",False,0,0,0,0,Leah Licker,,,[4569]
375135,74,1205032,10511000,1,1,0,Monster_Name_375135,Monster_Title_751000021,0,200,2,0,False,0,0,2,0,True,True,40,50,200,3000.0,"[7004001,7004002]",False,0,0,0,0,Leah Saura Guerreira Pesada,Mercenário Kallidon,,[12169]
375136,74,1205033,10521000,1,1,0,Monster_Name_375136,Monster_Title_751000021,0,200,2,0,False,0,0,2,0,True,True,40,50,200,3000.0,[7006401],False,0,0,0,0,Leah Saura Atiradora de Elite,Mercenário Kallidon,,[12169]
375137,82,1205035,10844001,1,1,0,Monster_Name_375137,Monster_Title_751000022,0,200,2,0,False,0,0,2,0,True,True,40,50,110,3000.0,"[7019101,7019102,7019103]",False,0,0,0,0,Leah Guerreiro Nether,Legião Âncora Grande,,[23569]
375138,82,1205036,10846001,1,1,0,Monster_Name_375138,Monster_Title_751000022,0,200,2,0,False,0,0,2,0,True,True,40,120,120,3000.0,"[7018901,7018902,7018903]",False,0,0,0,0,Leah Aniquilador Nether,Legião Âncora Grande,,[23569]
375139,82,1205037,10845001,1,1,0,Monster_Name_375139,Monster_Title_751000022,0,200,2,0,False,0,0,2,0,True,True,40,50,120,3000.0,[7019001],False,0,0,0,0,Leah Sentinela Nether,Legião Âncora Grande,,[23569]
375142,58,1205028,10590001,1,1,0,Monster_Name_375142,,0,200,2,0,False,0,0,2,1,True,True,40,80,200,3000.0,[7006001],False,0,0,0,0,Larva Selvagem,,,[1669]
375143,66,1205031,10610001,1,1,0,Monster_Name_375143,,0,200,2,0,False,0,0,2,1,True,True,40,80,200,3000.0,"[7006601,7006602,7006603]",False,0,0,0,0,Lagarto Selvagem,,,[4569]
375144,74,1205034,10842004,1,1,0,Monster_Name_375144,,0,200,2,0,False,0,0,2,1,True,True,40,50,50,1300.0,[7018302],False,0,0,0,0,Pathfinder Desenfreado,,,[12169]
375145,82,1205038,10823003,1,1,0,Monster_Name_375145,,0,200,2,0,False,0,0,2,1,True,True,40,80,80,1300.0,"[7016401,7016402]",False,0,0,0,0,Fantasma Blindado Enfurecido,,,[23569]
375146,58,1205039,10850002,1,1,0,Monster_Name_375146,,0,200,2,0,False,0,0,2,0,True,True,40,90,90,3000.0,"[7019501,7019502,7019503]",False,0,0,0,0,Tetos Glatt,,,[1669]
375147,58,1205040,10848001,1,1,0,Monster_Name_375147,,0,200,2,0,False,0,0,2,0,True,True,40,70,120,3000.0,[7019402],False,0,0,0,0,Clutcher de Tetos Malpas,,,[1669]
375148,66,1205042,10848000,1,1,0,Monster_Name_375148,,0,200,2,0,False,0,0,2,0,True,True,40,70,120,3000.0,[7019401],False,0,0,0,0,Cuspideira Tetos Malpas,,,[4569]
375149,66,1205043,10851000,1,1,0,Monster_Name_375149,,0,200,2,0,False,0,0,2,0,True,True,40,100,110,3000.0,"[7019601,7019602,7019603]",False,0,0,0,0,Lambedor de Tetos,,,[4569]
375150,74,1205045,10511000,1,1,0,Monster_Name_375150,Monster_Title_751000031,0,200,2,0,False,0,0,2,0,True,True,40,50,200,3000.0,"[7004001,7004002]",False,0,0,0,0,Guerreiro Pesado Tetos Saura,Mercenário Kallidon,,[12169]
375151,74,1205046,10521000,1,1,0,Monster_Name_375151,Monster_Title_751000031,0,200,2,0,False,0,0,2,0,True,True,40,50,200,3000.0,[7006401],False,0,0,0,0,Sniper Tetos Saura,Mercenário Kallidon,,[12169]
375152,82,1205048,10844001,1,1,0,Monster_Name_375152,Monster_Title_751000032,0,200,2,0,False,0,0,2,0,True,True,40,50,110,3000.0,"[7019101,7019102,7019103]",False,0,0,0,0,Tetos Guerreiro Nether,Legião Âncora Grande,,[23569]
375153,82,1205049,10846001,1,1,0,Monster_Name_375153,Monster_Title_751000032,0,200,2,0,False,0,0,2,0,True,True,40,120,120,3000.0,"[7018901,7018902,7018903]",False,0,0,0,0,Tetos Aniquilador Nether,Legião Âncora Grande,,[23569]
375154,82,1205050,10845001,1,1,0,Monster_Name_375154,Monster_Title_751000032,0,200,2,0,False,0,0,2,0,True,True,40,50,120,3000.0,[7019001],False,0,0,0,0,Tetos Sentinela Nether,Legião Âncora Grande,,[23569]
375157,58,1205041,10590001,1,1,0,Monster_Name_375157,,0,200,2,0,False,0,0,2,1,True,True,40,80,200,3000.0,[7006001],False,0,0,0,0,Larva Selvagem,,,[1669]
375158,66,1205044,10610001,1,1,0,Monster_Name_375158,,0,200,2,0,False,0,0,2,1,True,True,40,80,200,3000.0,"[7006601,7006602,7006603]",False,0,0,0,0,Lagarto Selvagem,,,[4569]
375159,74,1205047,10842004,1,1,0,Monster_Name_375159,,0,200,2,0,False,0,0,2,1,True,True,40,50,50,1300.0,[7018302],False,0,0,0,0,Pathfinder Desenfreado,,,[12169]
375160,82,1205051,10823003,1,1,0,Monster_Name_375160,,0,200,2,0,False,0,0,2,1,True,True,40,80,80,1300.0,"[7016401,7016402]",False,0,0,0,0,Fantasma Blindado Enfurecido,,,[23569]
375161,58,1205052,10850002,1,1,0,Monster_Name_375161,,0,200,2,0,False,0,0,2,0,True,True,40,90,90,3000.0,"[7019501,7019502,7019503]",False,0,0,0,0,Nix Glatt,,,[1669]
375162,58,1205053,10848001,1,1,0,Monster_Name_375162,,0,200,2,0,False,0,0,2,0,True,True,40,70,120,3000.0,[7019402],False,0,0,0,0,Nix Malpas Clutcher,,,[1669]
375163,66,1205055,10848000,1,1,0,Monster_Name_375163,,0,200,2,0,False,0,0,2,0,True,True,40,70,120,3000.0,[7019401],False,0,0,0,0,Nix Malpas Spitter,,,[4569]
375164,66,1205056,10851000,1,1,0,Monster_Name_375164,,0,200,2,0,False,0,0,2,0,True,True,40,100,110,3000.0,"[7019601,7019602,7019603]",False,0,0,0,0,Lambedor de Nix,,,[4569]
375165,74,1205058,10511000,1,1,0,Monster_Name_375165,Monster_Title_751000041,0,200,2,0,False,0,0,2,0,True,True,40,50,200,3000.0,"[7004001,7004002]",False,0,0,0,0,Guerreiro Pesado Nix Saura,Mercenário Kallidon,,[12169]
375166,74,1205059,10521000,1,1,0,Monster_Name_375166,Monster_Title_751000041,0,200,2,0,False,0,0,2,0,True,True,40,50,200,3000.0,[7006401],False,0,0,0,0,Sniper Nix Saura,Mercenário Kallidon,,[12169]
375167,82,1205061,10844001,1,1,0,Monster_Name_375167,Monster_Title_751000042,0,200,2,0,False,0,0,2,0,True,True,40,50,110,3000.0,"[7019101,7019102,7019103]",False,0,0,0,0,Nix Guerreiro Nether,Legião Âncora Grande,,[23569]
375168,82,1205062,10846001,1,1,0,Monster_Name_375168,Monster_Title_751000042,0,200,2,0,False,0,0,2,0,True,True,40,120,120,3000.0,"[7018901,7018902,7018903]",False,0,0,0,0,Aniquilador Nether Nix,Legião Âncora Grande,,[23569]
375169,82,1205063,10845001,1,1,0,Monster_Name_375169,Monster_Title_751000042,0,200,2,0,False,0,0,2,0,True,True,40,50,120,3000.0,[7019001],False,0,0,0,0,Nix Sentinela Nether,Legião Âncora Grande,,[23569]
375172,58,1205054,10590001,1,1,0,Monster_Name_375172,,0,200,2,0,False,0,0,2,1,True,True,40,80,200,3000.0,[7006001],False,0,0,0,0,Larva Selvagem,,,[1669]
375173,66,1205057,10610001,1,1,0,Monster_Name_375173,,0,200,2,0,False,0,0,2,1,True,True,40,80,200,3000.0,"[7006601,7006602,7006603]",False,0,0,0,0,Lagarto Selvagem,,,[4569]
375174,74,1205060,10842004,1,1,0,Monster_Name_375174,,0,200,2,0,False,0,0,2,1,True,True,40,50,50,1300.0,[7018302],False,0,0,0,0,Pathfinder Desenfreado,,,[12169]
375175,82,1205064,10823003,1,1,0,Monster_Name_375175,,0,200,2,0,False,0,0,2,1,True,True,40,80,80,1300.0,"[7016401,7016402]",False,0,0,0,0,Fantasma Blindado Enfurecido,,,[23569]
375176,58,1205065,10850002,1,1,0,Monster_Name_375176,,0,200,2,0,False,0,0,2,0,True,True,40,90,90,3000.0,"[7019501,7019502,7019503]",False,0,0,0,0,Remos Glatt,,,[1669]
375177,58,1205066,10848001,1,1,0,Monster_Name_375177,,0,200,2,0,False,0,0,2,0,True,True,40,70,120,3000.0,[7019402],False,0,0,0,0,Remos Malpas Clutcher,,,[1669]
375178,66,1205068,10848000,1,1,0,Monster_Name_375178,,0,200,2,0,False,0,0,2,0,True,True,40,70,120,3000.0,[7019401],False,0,0,0,0,Remos Malpas Spitter,,,[4569]
375179,66,1205069,10851000,1,1,0,Monster_Name_375179,,0,200,2,0,False,0,0,2,0,True,True,40,100,110,3000.0,"[7019601,7019602,7019603]",False,0,0,0,0,Lambedor de Remos,,,[4569]
375180,74,1205071,10511000,1,1,0,Monster_Name_375180,Monster_Title_751000051,0,200,2,0,False,0,0,2,0,True,True,40,50,200,3000.0,"[7004001,7004002]",False,0,0,0,0,Remos Saura Guerreiro Pesado,Mercenário Kallidon,,[12169]
375181,74,1205072,10521000,1,1,0,Monster_Name_375181,Monster_Title_751000051,0,200,2,0,False,0,0,2,0,True,True,40,50,200,3000.0,[7006401],False,0,0,0,0,Remos Saura Sniper,Mercenário Kallidon,,[12169]
375182,82,1205074,10844001,1,1,0,Monster_Name_375182,Monster_Title_751000052,0,200,2,0,False,0,0,2,0,True,True,40,50,110,3000.0,"[7019101,7019102,7019103]",False,0,0,0,0,Remos Guerreiro Nether,Legião Âncora Grande,,[23569]
375183,82,1205075,10846001,1,1,0,Monster_Name_375183,Monster_Title_751000052,0,200,2,0,False,0,0,2,0,True,True,40,120,120,3000.0,"[7018901,7018902,7018903]",False,0,0,0,0,Remos Aniquilador Nether,Legião Âncora Grande,,[23569]
375184,82,1205076,10845001,1,1,0,Monster_Name_375184,Monster_Title_751000052,0,200,2,0,False,0,0,2,0,True,True,40,50,120,3000.0,[7019001],False,0,0,0,0,Remos Sentinela Nether,Legião Âncora Grande,,[23569]
375187,58,1205067,10590001,1,1,0,Monster_Name_375187,,0,200,2,0,False,0,0,2,1,True,True,40,80,200,3000.0,[7006001],False,0,0,0,0,Larva Selvagem,,,[1669]
375188,66,1205070,10610001,1,1,0,Monster_Name_375188,,0,200,2,0,False,0,0,2,1,True,True,40,80,200,3000.0,"[7006601,7006602,7006603]",False,0,0,0,0,Lagarto Selvagem,,,[4569]
375189,74,1205073,10842004,1,1,0,Monster_Name_375189,,0,200,2,0,False,0,0,2,1,True,True,40,50,50,1300.0,[7018302],False,0,0,0,0,Pathfinder Desenfreado,,,[12169]
375190,82,1205077,10823003,1,1,0,Monster_Name_375190,,0,200,2,0,False,0,0,2,1,True,True,40,80,80,1300.0,"[7016401,7016402]",False,0,0,0,0,Fantasma Blindado Enfurecido,,,[23569]
375198,86,0,16400000,529,530,0,Monster_Name_375100,,0,200,2,106,False,0,2,2,0,True,True,150,300,500,5000.0,"[7104901,7104903]",False,0,1,0,0,Xenogeyser,,,[]
375199,74,0,16400000,529,530,0,Monster_Name_375100,,0,200,2,106,False,0,2,2,0,True,True,150,300,500,5000.0,"[7104901,7104903]",False,0,1,0,0,Xenogeyser,,,[]
375200,102,0,16520000,658,3,0,Monster_Name_375200,,0,200,2,106,False,0,2,2,0,True,True,150,300,300,5000.0,"[7106001,7106002]",False,0,1,0,0,Xenopsíquico,,,[]
375201,86,1205130,10980000,1,1,0,Monster_Name_375201,,0,200,2,0,False,0,0,2,0,True,True,40,120,200,3000.0,"[7021001,7021002]",False,0,0,0,0,Pallas Hound,,,[30469]
375202,86,1205131,10960000,1,1,0,Monster_Name_375202,,0,200,2,0,False,0,0,2,0,True,True,40,120,200,3000.0,[7020901],False,0,0,0,0,Regenerador Pallas Malpas,,,[30469]
375203,91,1205132,10970000,1,1,0,Monster_Name_375203,,0,200,2,0,False,0,0,2,0,True,True,40,120,200,3000.0,[7020701],False,0,0,0,0,Arremessador Pallas Malpas,,,[40219]
375204,91,1205133,10851001,1,1,0,Monster_Name_375204,,0,200,2,0,False,0,0,2,0,True,True,40,100,110,3000.0,"[7019601,7019602,7019603]",False,0,0,0,0,Lambedor de Pallas,,,[40219]
375205,96,1205134,10890001,1,1,0,Monster_Name_375205,Monster_Title_752000001,0,200,2,0,False,0,0,2,0,True,True,40,70,150,3000.0,"[7020001,7020002,7020003]",False,0,0,0,0,Guerreiro Pesado Pallas Vafer,Mercenário Flux,,[55919]
375206,96,1205135,10900001,1,1,0,Monster_Name_375206,Monster_Title_752000001,0,200,2,0,False,0,0,2,0,True,True,40,50,150,3000.0,"[7020101,7020102]",False,0,0,0,0,Soldado de Cerco Pallas Vafer,Mercenário Flux,,[55919]
375207,101,1205136,10844001,1,1,0,Monster_Name_375207,Monster_Title_752000002,0,200,2,0,False,0,0,2,0,True,True,40,50,110,3000.0,"[7019101,7019102,7019103]",False,0,0,0,0,Pallas Guerreiro Nether,Legião Âncora Teneb,,[70669]
375208,101,1205137,10846001,1,1,0,Monster_Name_375208,Monster_Title_752000002,0,200,2,0,False,0,0,2,0,True,True,40,120,120,3000.0,"[7018901,7018902,7018903]",False,0,0,0,0,Aniquilador Nether de Pallas,Legião Âncora Teneb,,[70669]
375212,86,1205138,10590001,1,1,0,Monster_Name_375212,,0,200,2,0,False,0,0,2,1,True,True,40,80,200,3000.0,[7006001],False,0,0,0,0,Larva Selvagem,,,[30469]
375213,91,1205139,10610001,1,1,0,Monster_Name_375213,,0,200,2,0,False,0,0,2,1,True,True,40,80,200,3000.0,"[7006601,7006602,7006603]",False,0,0,0,0,Lagarto Selvagem,,,[40219]
375214,96,1205140,10842004,1,1,0,Monster_Name_375214,,0,200,2,0,False,0,0,2,1,True,True,40,50,50,1300.0,[7018302],False,0,0,0,0,Pathfinder Desenfreado,,,[55919]
375215,101,1205141,10823003,1,1,0,Monster_Name_375215,,0,200,2,0,False,0,0,2,1,True,True,40,80,80,1300.0,"[7016401,7016402]",False,0,0,0,0,Fantasma Blindado Enfurecido,,,[70669]
375216,86,1205142,10980000,1,1,0,Monster_Name_375216,,0,200,2,0,False,0,0,2,0,True,True,40,120,200,3000.0,"[7021001,7021002]",False,0,0,0,0,Nike Hound,,,[30469]
375217,86,1205143,10960000,1,1,0,Monster_Name_375217,,0,200,2,0,False,0,0,2,0,True,True,40,120,200,3000.0,[7020901],False,0,0,0,0,Regenerador Nike Malpas,,,[30469]
375218,91,1205144,10970000,1,1,0,Monster_Name_375218,,0,200,2,0,False,0,0,2,0,True,True,40,120,200,3000.0,[7020701],False,0,0,0,0,Arremessador Nike Malpas,,,[40219]
375219,91,1205145,10851000,1,1,0,Monster_Name_375219,,0,200,2,0,False,0,0,2,0,True,True,40,100,110,3000.0,"[7019601,7019602,7019603]",False,0,0,0,0,Nike Licker,,,[40219]
375220,96,1205146,10890001,1,1,0,Monster_Name_375220,Monster_Title_752000011,0,200,2,0,False,0,0,2,0,True,True,40,70,150,3000.0,"[7020001,7020002,7020003]",False,0,0,0,0,Nike Vafer Guerreiro Pesado,Mercenário Flux,,[55919]
375221,96,1205147,10900001,1,1,0,Monster_Name_375221,Monster_Title_752000011,0,200,2,0,False,0,0,2,0,True,True,40,50,150,3000.0,"[7020101,7020102]",False,0,0,0,0,Nike Vafer Soldado de Cerco,Mercenário Flux,,[55919]
375222,101,1205148,10844001,1,1,0,Monster_Name_375222,Monster_Title_752000012,0,200,2,0,False,0,0,2,0,True,True,40,50,110,3000.0,"[7019101,7019102,7019103]",False,0,0,0,0,Nike Guerreiro Nether,Legião Âncora Teneb,,[70669]
375223,101,1205149,10846001,1,1,0,Monster_Name_375223,Monster_Title_752000012,0,200,2,0,False,0,0,2,0,True,True,40,120,120,3000.0,"[7018901,7018902,7018903]",False,0,0,0,0,Nike Aniquilador Nether,Legião Âncora Teneb,,[70669]
375227,86,1205150,10590001,1,1,0,Monster_Name_375227,,0,200,2,0,False,0,0,2,1,True,True,40,80,200,3000.0,[7006001],False,0,0,0,0,Larva Selvagem,,,[30469]
375228,91,1205151,10610001,1,1,0,Monster_Name_375228,,0,200,2,0,False,0,0,2,1,True,True,40,80,200,3000.0,"[7006601,7006602,7006603]",False,0,0,0,0,Lagarto Selvagem,,,[40219]
375229,96,1205152,10842004,1,1,0,Monster_Name_375229,,0,200,2,0,False,0,0,2,1,True,True,40,50,50,1300.0,[7018302],False,0,0,0,0,Pathfinder Desenfreado,,,[55919]
375230,101,1205153,10823003,1,1,0,Monster_Name_375230,,0,200,2,0,False,0,0,2,1,True,True,40,80,80,1300.0,"[7016401,7016402]",False,0,0,0,0,Fantasma Blindado Enfurecido,,,[70669]
375231,86,1205154,10980000,1,1,0,Monster_Name_375231,,0,200,2,0,False,0,0,2,0,True,True,40,120,200,3000.0,"[7021001,7021002]",False,0,0,0,0,Cão Phaenon,,,[30469]
375232,86,1205155,10960000,1,1,0,Monster_Name_375232,,0,200,2,0,False,0,0,2,0,True,True,40,120,200,3000.0,[7020901],False,0,0,0,0,Regenerador Phaenon Malpas,,,[30469]
375233,91,1205156,10970000,1,1,0,Monster_Name_375233,,0,200,2,0,False,0,0,2,0,True,True,40,120,200,3000.0,[7020701],False,0,0,0,0,Arremessador Phaenon Malpas,,,[40219]
375234,91,1205157,10851000,1,1,0,Monster_Name_375234,,0,200,2,0,False,0,0,2,0,True,True,40,100,110,3000.0,"[7019601,7019602,7019603]",False,0,0,0,0,Lambedor de Phaenon,,,[40219]
375235,96,1205158,10890001,1,1,0,Monster_Name_375235,Monster_Title_752000021,0,200,2,0,False,0,0,2,0,True,True,40,70,150,3000.0,"[7020001,7020002,7020003]",False,0,0,0,0,Guerreiro Pesado Phaenon Vafer,Mercenário Fluxo,,[55919]
375236,96,1205159,10900001,1,1,0,Monster_Name_375236,Monster_Title_752000021,0,200,2,0,False,0,0,2,0,True,True,40,50,150,3000.0,"[7020101,7020102]",False,0,0,0,0,Tropa de Cerco Phaenon Vafer,Mercenário Fluxo,,[55919]
375237,101,1205160,10844001,1,1,0,Monster_Name_375237,Monster_Title_752000022,0,200,2,0,False,0,0,2,0,True,True,40,50,110,3000.0,"[7019101,7019102,7019103]",False,0,0,0,0,Phaenon Guerreiro Nether,Legião Âncora Teneb,,[70669]
375238,101,1205161,10846001,1,1,0,Monster_Name_375238,Monster_Title_752000022,0,200,2,0,False,0,0,2,0,True,True,40,120,120,3000.0,"[7018901,7018902,7018903]",False,0,0,0,0,Aniquilador Nether Phaenon,Legião Âncora Teneb,,[70669]
375242,86,1205162,10590001,1,1,0,Monster_Name_375242,,0,200,2,0,False,0,0,2,1,True,True,40,80,200,3000.0,[7006001],False,0,0,0,0,Larva Selvagem,,,[30469]
375243,91,1205163,10610001,1,1,0,Monster_Name_375243,,0,200,2,0,False,0,0,2,1,True,True,40,80,200,3000.0,"[7006601,7006602,7006603]",False,0,0,0,0,Lagarto Selvagem,,,[40219]
375244,96,1205164,10842004,1,1,0,Monster_Name_375244,,0,200,2,0,False,0,0,2,1,True,True,40,50,50,1300.0,[7018302],False,0,0,0,0,Pathfinder Desenfreado,,,[55919]
375245,101,1205165,10823003,1,1,0,Monster_Name_375245,,0,200,2,0,False,0,0,2,1,True,True,40,80,80,1300.0,"[7016401,7016402]",False,0,0,0,0,Fantasma Blindado Enfurecido,,,[70669]
375246,86,1205166,10980000,1,1,0,Monster_Name_375246,,0,200,2,0,False,0,0,2,0,True,True,40,120,200,3000.0,"[7021001,7021002]",False,0,0,0,0,Cão Zelus,,,[30469]
375247,86,1205167,10960000,1,1,0,Monster_Name_375247,,0,200,2,0,False,0,0,2,0,True,True,40,120,200,3000.0,[7020901],False,0,0,0,0,Regenerador Zelus Malpas,,,[30469]
375248,91,1205168,10970000,1,1,0,Monster_Name_375248,,0,200,2,0,False,0,0,2,0,True,True,40,120,200,3000.0,[7020701],False,0,0,0,0,Arremessador Zelus Malpas,,,[40219]
375249,91,1205169,10851000,1,1,0,Monster_Name_375249,,0,200,2,0,False,0,0,2,0,True,True,40,100,110,3000.0,"[7019601,7019602,7019603]",False,0,0,0,0,Zelus Licker,,,[40219]
375250,96,1205170,10890001,1,1,0,Monster_Name_375250,Monster_Title_752000031,0,200,2,0,False,0,0,2,0,True,True,40,70,150,3000.0,"[7020001,7020002,7020003]",False,0,0,0,0,Guerreiro Pesado Zelus Vafer,Mercenário Fluxo,,[55919]
375251,96,1205171,10900001,1,1,0,Monster_Name_375251,Monster_Title_752000031,0,200,2,0,False,0,0,2,0,True,True,40,50,150,3000.0,"[7020101,7020102]",False,0,0,0,0,Soldado de Cerco Zelus Vafer,Mercenário Fluxo,,[55919]
375252,101,1205172,10844001,1,1,0,Monster_Name_375252,Monster_Title_752000032,0,200,2,0,False,0,0,2,0,True,True,40,50,110,3000.0,"[7019101,7019102,7019103]",False,0,0,0,0,Zelus Guerreiro Nether,Legião Âncora Teneb,,[70669]
375253,101,1205173,10846001,1,1,0,Monster_Name_375253,Monster_Title_752000032,0,200,2,0,False,0,0,2,0,True,True,40,120,120,3000.0,"[7018901,7018902,7018903]",False,0,0,0,0,Aniquilador Nether de Zelus,Legião Âncora Teneb,,[70669]
375257,86,1205174,10590001,1,1,0,Monster_Name_375257,,0,200,2,0,False,0,0,2,1,True,True,40,80,200,3000.0,[7006001],False,0,0,0,0,Larva Selvagem,,,[30469]
375258,91,1205175,10610001,1,1,0,Monster_Name_375258,,0,200,2,0,False,0,0,2,1,True,True,40,80,200,3000.0,"[7006601,7006602,7006603]",False,0,0,0,0,Lagarto Selvagem,,,[40219]
375259,96,1205176,10842004,1,1,0,Monster_Name_375259,,0,200,2,0,False,0,0,2,1,True,True,40,50,50,1300.0,[7018302],False,0,0,0,0,Pathfinder Desenfreado,,,[55919]
375260,101,1205177,10823003,1,1,0,Monster_Name_375260,,0,200,2,0,False,0,0,2,1,True,True,40,80,80,1300.0,"[7016401,7016402]",False,0,0,0,0,Fantasma Blindado Enfurecido,,,[70669]
375261,86,1205178,10980000,1,1,0,Monster_Name_375261,,0,200,2,0,False,0,0,2,0,True,True,40,120,200,3000.0,"[7021001,7021002]",False,0,0,0,0,Maia Cão,,,[30469]
375262,86,1205179,10960000,1,1,0,Monster_Name_375262,,0,200,2,0,False,0,0,2,0,True,True,40,120,200,3000.0,[7020901],False,0,0,0,0,Regenerador Maia Malpas,,,[30469]
375263,91,1205180,10970000,1,1,0,Monster_Name_375263,,0,200,2,0,False,0,0,2,0,True,True,40,120,200,3000.0,[7020701],False,0,0,0,0,Arremessador Maia Malpas,,,[40219]
375264,91,1205181,10851000,1,1,0,Monster_Name_375264,,0,200,2,0,False,0,0,2,0,True,True,40,100,110,3000.0,"[7019601,7019602,7019603]",False,0,0,0,0,Maia Lambedor,,,[40219]
375265,96,1205182,10890001,1,1,0,Monster_Name_375265,Monster_Title_752000041,0,200,2,0,False,0,0,2,0,True,True,40,70,150,3000.0,"[7020001,7020002,7020003]",False,0,0,0,0,Maia Vafer Guerreiro Pesado,Mercenário Flux,,[55919]
375266,96,1205183,10900001,1,1,0,Monster_Name_375266,Monster_Title_752000041,0,200,2,0,False,0,0,2,0,True,True,40,50,150,3000.0,"[7020101,7020102]",False,0,0,0,0,Maia Vafer Soldado de Cerco,Mercenário Flux,,[55919]
375267,101,1205184,10844001,1,1,0,Monster_Name_375267,Monster_Title_752000042,0,200,2,0,False,0,0,2,0,True,True,40,50,110,3000.0,"[7019101,7019102,7019103]",False,0,0,0,0,Maia Guerreiro Nether,Legião Âncora Teneb,,[70669]
375268,101,1205185,10846001,1,1,0,Monster_Name_375268,Monster_Title_752000042,0,200,2,0,False,0,0,2,0,True,True,40,120,120,3000.0,"[7018901,7018902,7018903]",False,0,0,0,0,Maia Aniquilador Nether,Legião Âncora Teneb,,[70669]
375272,86,1205186,10590001,1,1,0,Monster_Name_375272,,0,200,2,0,False,0,0,2,1,True,True,40,80,200,3000.0,[7006001],False,0,0,0,0,Larva Selvagem,,,[30469]
375273,91,1205187,10610001,1,1,0,Monster_Name_375273,,0,200,2,0,False,0,0,2,1,True,True,40,80,200,3000.0,"[7006601,7006602,7006603]",False,0,0,0,0,Lagarto Selvagem,,,[40219]
375274,96,1205188,10842004,1,1,0,Monster_Name_375274,,0,200,2,0,False,0,0,2,1,True,True,40,50,50,1300.0,[7018302],False,0,0,0,0,Pathfinder Desenfreado,,,[55919]
375275,101,1205189,10823003,1,1,0,Monster_Name_375275,,0,200,2,0,False,0,0,2,1,True,True,40,80,80,1300.0,"[7016401,7016402]",False,0,0,0,0,Fantasma Blindado Enfurecido,,,[70669]
375276,86,1205190,10980000,1,1,0,Monster_Name_375276,,0,200,2,0,False,0,0,2,0,True,True,40,120,200,3000.0,"[7021001,7021002]",False,0,0,0,0,Notos Hound,,,[30469]
375277,86,1205191,10960000,1,1,0,Monster_Name_375277,,0,200,2,0,False,0,0,2,0,True,True,40,120,200,3000.0,[7020901],False,0,0,0,0,Regenerador Notos Malpas,,,[30469]
375278,91,1205192,10970000,1,1,0,Monster_Name_375278,,0,200,2,0,False,0,0,2,0,True,True,40,120,200,3000.0,[7020701],False,0,0,0,0,Arremessador Notos Malpas,,,[40219]
375279,91,1205193,10851000,1,1,0,Monster_Name_375279,,0,200,2,0,False,0,0,2,0,True,True,40,100,110,3000.0,"[7019601,7019602,7019603]",False,0,0,0,0,Notos Licker,,,[40219]
375280,96,1205194,10890001,1,1,0,Monster_Name_375280,Monster_Title_752000001,0,200,2,0,False,0,0,2,0,True,True,40,70,150,3000.0,"[7020001,7020002,7020003]",False,0,0,0,0,Guerreiro Pesado Notos Vafer,Mercenário Flux,,[55919]
375281,96,1205195,10900001,1,1,0,Monster_Name_375281,Monster_Title_752000001,0,200,2,0,False,0,0,2,0,True,True,40,50,150,3000.0,"[7020101,7020102]",False,0,0,0,0,Tropa de Cerco Notos Vafer,Mercenário Flux,,[55919]
375282,101,1205196,10844001,1,1,0,Monster_Name_375282,Monster_Title_752000052,0,200,2,0,False,0,0,2,0,True,True,40,50,110,3000.0,"[7019101,7019102,7019103]",False,0,0,0,0,Guerreiro Nether Notos,Legião Âncora Teneb,,[70669]
375283,101,1205197,10846001,1,1,0,Monster_Name_375283,Monster_Title_752000052,0,200,2,0,False,0,0,2,0,True,True,40,120,120,3000.0,"[7018901,7018902,7018903]",False,0,0,0,0,Aniquilador Nether Notos,Legião Âncora Teneb,,[70669]
375287,86,1205198,10590001,1,1,0,Monster_Name_375287,,0,200,2,0,False,0,0,2,1,True,True,40,80,200,3000.0,[7006001],False,0,0,0,0,Larva Selvagem,,,[30469]
375288,91,1205199,10610001,1,1,0,Monster_Name_375288,,0,200,2,0,False,0,0,2,1,True,True,40,80,200,3000.0,"[7006601,7006602,7006603]",False,0,0,0,0,Lagarto Selvagem,,,[40219]
375289,96,1205200,10842004,1,1,0,Monster_Name_375289,,0,200,2,0,False,0,0,2,1,True,True,40,50,50,1300.0,[7018302],False,0,0,0,0,Pathfinder Desenfreado,,,[55919]
375290,101,1205201,10823003,1,1,0,Monster_Name_375290,,0,200,2,0,False,0,0,2,1,True,True,40,80,80,1300.0,"[7016401,7016402]",False,0,0,0,0,Fantasma Blindado Enfurecido,,,[70669]
375298,102,0,16520000,658,3,0,Monster_Name_375200,,0,200,2,106,False,0,2,2,0,True,True,150,300,300,5000.0,"[7106001,7106002]",False,0,1,0,0,Xenopsíquico,,,[]
375300,118,0,16579000,926,3,0,Monster_Name_375300,,0,0,2,106,False,0,2,2,0,True,True,250,450,500,5000.0,"[7108701,7108702]",False,0,1,0,0,Bestia 6,,,[]
375301,104,1205280,11090000,1,1,0,Monster_Name_375301,,0,0,2,0,False,0,0,2,0,True,True,40,50,200,3000.0,"[7022201,7022202]",False,0,0,0,0,Magni Infectado,,,[90169]
375302,104,1205281,10960000,1,1,0,Monster_Name_375302,,0,0,2,0,False,0,0,2,0,True,True,40,120,200,3000.0,[7020901],False,0,0,0,0,Regenerador Magni,,,[90169]
375303,108,1205282,10850002,1,1,0,Monster_Name_375303,,0,0,2,0,False,0,0,2,0,True,True,40,90,90,3000.0,"[7019501,7019502,7019503]",False,0,0,0,0,Magni Thanat,,,[116669]
375304,108,1205283,10848000,1,1,0,Monster_Name_375304,,0,0,2,0,False,0,0,2,0,True,True,40,70,120,3000.0,[7019401],False,0,0,0,0,Magni Malpas,,,[116669]
375305,112,1205284,10920001,1,1,0,Monster_Name_375305,Monster_Title_753001,0,0,2,0,False,0,0,2,0,True,True,40,40,80,1500.0,[7020301],False,0,0,0,0,Sniper Magni Snatcher,Mercenário Turkan Fugido,,[147169]
375306,112,1205285,10910001,1,1,0,Monster_Name_375306,Monster_Title_753001,0,0,2,0,False,0,0,2,0,True,True,40,40,80,1500.0,"[7020201,7020202]",False,0,0,0,0,Assaltante Magni Snatcher,Mercenário Turkan Fugido,,[147169]
375307,116,1205286,10844001,1,1,0,Monster_Name_375307,Monster_Title_753002,0,0,2,0,False,0,0,2,0,True,True,40,50,120,3000.0,"[7019101,7019102,7019103]",False,0,0,0,0,Magni Guerreiro Nether,Legião Âncora do Pavor,,[181669]
375308,116,1205287,10845001,1,1,0,Monster_Name_375308,Monster_Title_753002,0,0,2,0,False,0,0,2,0,True,True,40,50,120,3000.0,[7019001],False,0,0,0,0,Sentinela Nether Magni,Legião Âncora do Pavor,,[181669]
375309,116,1205288,10846001,1,1,0,Monster_Name_375309,Monster_Title_753002,0,0,2,0,False,0,0,2,0,True,True,40,120,120,3000.0,"[7018901,7018902,7018903]",False,0,0,0,0,Aniquilador Nether Magni,Legião Âncora do Pavor,,[181669]
375312,104,1205289,10590001,1,1,0,Monster_Name_375312,,0,0,2,0,False,0,0,2,1,True,True,40,80,200,3000.0,[7006003],False,0,0,0,0,Larva Selvagem,,,[90169]
375313,108,1205290,10610001,1,1,0,Monster_Name_375313,,0,0,2,0,False,0,0,2,1,True,True,40,80,200,3000.0,"[7006601,7006602,7006603]",False,0,0,0,0,Lagarto Selvagem,,,[116669]
375314,112,1205291,10842004,1,1,0,Monster_Name_375314,,0,0,2,0,False,0,0,2,1,True,True,40,40,50,3000.0,[7018302],False,0,0,0,0,Pathfinder Desenfreado,,,[147169]
375315,116,1205292,10823003,1,1,0,Monster_Name_375315,,0,0,2,0,False,0,0,2,1,True,True,40,40,80,3000.0,"[7016401,7016402]",False,0,0,0,0,Fantasma Blindado Enfurecido,,,[181669]
375316,104,1205293,11090000,1,1,0,Monster_Name_375316,,0,0,2,0,False,0,0,2,0,True,True,40,50,200,3000.0,"[7022201,7022202]",False,0,0,0,0,Hnos Infectados,,,[90169]
375317,104,1205294,10960000,1,1,0,Monster_Name_375317,,0,0,2,0,False,0,0,2,0,True,True,40,120,200,3000.0,[7020901],False,0,0,0,0,Regenerador Hnos,,,[90169]
375318,108,1205295,10850002,1,1,0,Monster_Name_375318,,0,0,2,0,False,0,0,2,0,True,True,40,90,90,3000.0,"[7019501,7019502,7019503]",False,0,0,0,0,Hnos Thanat,,,[116669]
375319,108,1205296,10848000,1,1,0,Monster_Name_375319,,0,0,2,0,False,0,0,2,0,True,True,40,70,120,3000.0,[7019401],False,0,0,0,0,Hnos Malpas,,,[116669]
375320,112,1205297,10920001,1,1,0,Monster_Name_375320,Monster_Title_753001,0,0,2,0,False,0,0,2,0,True,True,40,40,80,1500.0,[7020301],False,0,0,0,0,Hnos Snatcher Sniper,Mercenário Turkan Fugido,,[147169]
375321,112,1205298,10910001,1,1,0,Monster_Name_375321,Monster_Title_753001,0,0,2,0,False,0,0,2,0,True,True,40,40,80,1500.0,"[7020201,7020202]",False,0,0,0,0,Hnos Snatcher Raider,Mercenário Turkan Fugido,,[147169]
375322,116,1205299,10844001,1,1,0,Monster_Name_375322,Monster_Title_753002,0,0,2,0,False,0,0,2,0,True,True,40,50,120,3000.0,"[7019101,7019102,7019103]",False,0,0,0,0,Hnos Guerreiro Nether,Legião Âncora do Pavor,,[181669]
375323,116,1205300,10845001,1,1,0,Monster_Name_375323,Monster_Title_753002,0,0,2,0,False,0,0,2,0,True,True,40,50,120,3000.0,[7019001],False,0,0,0,0,Hnos Sentinela Nether,Legião Âncora do Pavor,,[181669]
375324,116,1205301,10846001,1,1,0,Monster_Name_375324,Monster_Title_753002,0,0,2,0,False,0,0,2,0,True,True,40,120,120,3000.0,"[7018901,7018902,7018903]",False,0,0,0,0,Hnos Aniquilador Nether,Legião Âncora do Pavor,,[181669]
375327,104,1205302,10590001,1,1,0,Monster_Name_375327,,0,0,2,0,False,0,0,2,1,True,True,40,80,200,3000.0,[7006003],False,0,0,0,0,Larva Selvagem,,,[90169]
375328,108,1205303,10610001,1,1,0,Monster_Name_375328,,0,0,2,0,False,0,0,2,1,True,True,40,80,200,3000.0,"[7006601,7006602,7006603]",False,0,0,0,0,Lagarto Selvagem,,,[116669]
375329,112,1205304,10842004,1,1,0,Monster_Name_375329,,0,0,2,0,False,0,0,2,1,True,True,40,40,50,3000.0,[7018302],False,0,0,0,0,Pathfinder Desenfreado,,,[147169]
375330,116,1205305,10823003,1,1,0,Monster_Name_375330,,0,0,2,0,False,0,0,2,1,True,True,40,40,80,3000.0,"[7016401,7016402]",False,0,0,0,0,Fantasma Blindado Enfurecido,,,[181669]
375331,104,1205306,11090000,1,1,0,Monster_Name_375331,,0,0,2,0,False,0,0,2,0,True,True,40,50,200,3000.0,"[7022201,7022202]",False,0,0,0,0,Veig Infectado,,,[90169]
375332,104,1205307,10960000,1,1,0,Monster_Name_375332,,0,0,2,0,False,0,0,2,0,True,True,40,120,200,3000.0,[7020901],False,0,0,0,0,Regenerador Veig,,,[90169]
375333,108,1205308,10850002,1,1,0,Monster_Name_375333,,0,0,2,0,False,0,0,2,0,True,True,40,90,90,3000.0,"[7019501,7019502,7019503]",False,0,0,0,0,Veig Thanat,,,[116669]
375334,108,1205309,10848000,1,1,0,Monster_Name_375334,,0,0,2,0,False,0,0,2,0,True,True,40,70,120,3000.0,[7019401],False,0,0,0,0,Veig Malpas,,,[116669]
375335,112,1205310,10920001,1,1,0,Monster_Name_375335,Monster_Title_753001,0,0,2,0,False,0,0,2,0,True,True,40,40,80,1500.0,[7020301],False,0,0,0,0,Sniper Veig Snatcher,Mercenário Turkan Fugido,,[147169]
375336,112,1205311,10910001,1,1,0,Monster_Name_375336,Monster_Title_753001,0,0,2,0,False,0,0,2,0,True,True,40,40,80,1500.0,"[7020201,7020202]",False,0,0,0,0,Veig Saqueador Raider,Mercenário Turkan Fugido,,[147169]
375337,116,1205312,10844001,1,1,0,Monster_Name_375337,Monster_Title_753002,0,0,2,0,False,0,0,2,0,True,True,40,50,120,3000.0,"[7019101,7019102,7019103]",False,0,0,0,0,Veig Guerreiro Nether,Legião Âncora do Pavor,,[181669]
375338,116,1205313,10845001,1,1,0,Monster_Name_375338,Monster_Title_753002,0,0,2,0,False,0,0,2,0,True,True,40,50,120,3000.0,[7019001],False,0,0,0,0,Veig Sentinela Nether,Legião Âncora do Pavor,,[181669]
375339,116,1205314,10846001,1,1,0,Monster_Name_375339,Monster_Title_753002,0,0,2,0,False,0,0,2,0,True,True,40,120,120,3000.0,"[7018901,7018902,7018903]",False,0,0,0,0,Veig Aniquilador Nether,Legião Âncora do Pavor,,[181669]
375342,104,1205315,10590001,1,1,0,Monster_Name_375342,,0,0,2,0,False,0,0,2,1,True,True,40,80,200,3000.0,[7006003],False,0,0,0,0,Larva Selvagem,,,[90169]
375343,108,1205316,10610001,1,1,0,Monster_Name_375343,,0,0,2,0,False,0,0,2,1,True,True,40,80,200,3000.0,"[7006601,7006602,7006603]",False,0,0,0,0,Lagarto Selvagem,,,[116669]
375344,112,1205317,10842004,1,1,0,Monster_Name_375344,,0,0,2,0,False,0,0,2,1,True,True,40,40,50,3000.0,[7018302],False,0,0,0,0,Pathfinder Desenfreado,,,[147169]
375345,116,1205318,10823003,1,1,0,Monster_Name_375345,,0,0,2,0,False,0,0,2,1,True,True,40,40,80,3000.0,"[7016401,7016402]",False,0,0,0,0,Fantasma Blindado Enfurecido,,,[181669]
375346,104,1205319,11090000,1,1,0,Monster_Name_375346,,0,0,2,0,False,0,0,2,0,True,True,40,50,200,3000.0,"[7022201,7022202]",False,0,0,0,0,Basiir Infectado,,,[90169]
375347,104,1205320,10960000,1,1,0,Monster_Name_375347,,0,0,2,0,False,0,0,2,0,True,True,40,120,200,3000.0,[7020901],False,0,0,0,0,Regenerador Basiir,,,[90169]
375348,108,1205321,10850002,1,1,0,Monster_Name_375348,,0,0,2,0,False,0,0,2,0,True,True,40,90,90,3000.0,"[7019501,7019502,7019503]",False,0,0,0,0,Basiir Thanat,,,[116669]
375349,108,1205322,10848000,1,1,0,Monster_Name_375349,,0,0,2,0,False,0,0,2,0,True,True,40,70,120,3000.0,[7019401],False,0,0,0,0,Basiir Malpas,,,[116669]
375350,112,1205323,10920001,1,1,0,Monster_Name_375350,Monster_Title_753001,0,0,2,0,False,0,0,2,0,True,True,40,40,80,1500.0,[7020301],False,0,0,0,0,Sniper Ladrão Basiir,Mercenário Turkan Fugido,,[147169]
375351,112,1205324,10910001,1,1,0,Monster_Name_375351,Monster_Title_753001,0,0,2,0,False,0,0,2,0,True,True,40,40,80,1500.0,"[7020201,7020202]",False,0,0,0,0,Invasor Saqueador Basiir,Mercenário Turkan Fugido,,[147169]
375352,116,1205325,10844001,1,1,0,Monster_Name_375352,Monster_Title_753002,0,0,2,0,False,0,0,2,0,True,True,40,50,120,3000.0,"[7019101,7019102,7019103]",False,0,0,0,0,Basiir Guerreiro Nether,Legião Âncora do Pavor,,[181669]
375353,116,1205326,10845001,1,1,0,Monster_Name_375353,Monster_Title_753002,0,0,2,0,False,0,0,2,0,True,True,40,50,120,3000.0,[7019001],False,0,0,0,0,Basiir Sentinela Nether,Legião Âncora do Pavor,,[181669]
375354,116,1205327,10846001,1,1,0,Monster_Name_375354,Monster_Title_753002,0,0,2,0,False,0,0,2,0,True,True,40,120,120,3000.0,"[7018901,7018902,7018903]",False,0,0,0,0,Basiir Aniquilador Nether,Legião Âncora do Pavor,,[181669]
375357,104,1205328,10590001,1,1,0,Monster_Name_375357,,0,0,2,0,False,0,0,2,1,True,True,40,80,200,3000.0,[7006003],False,0,0,0,0,Larva Selvagem,,,[90169]
375358,108,1205329,10610001,1,1,0,Monster_Name_375358,,0,0,2,0,False,0,0,2,1,True,True,40,80,200,3000.0,"[7006601,7006602,7006603]",False,0,0,0,0,Lagarto Selvagem,,,[116669]
375359,112,1205330,10842004,1,1,0,Monster_Name_375359,,0,0,2,0,False,0,0,2,1,True,True,40,40,50,3000.0,[7018302],False,0,0,0,0,Pathfinder Desenfreado,,,[147169]
375360,116,1205331,10823003,1,1,0,Monster_Name_375360,,0,0,2,0,False,0,0,2,1,True,True,40,40,80,3000.0,"[7016401,7016402]",False,0,0,0,0,Fantasma Blindado Enfurecido,,,[181669]
375361,104,1205332,11090000,1,1,0,Monster_Name_375361,,0,0,2,0,False,0,0,2,0,True,True,40,50,200,3000.0,"[7022201,7022202]",False,0,0,0,0,Vidar Infectado,,,[90169]
375362,104,1205333,10960000,1,1,0,Monster_Name_375362,,0,0,2,0,False,0,0,2,0,True,True,40,120,200,3000.0,[7020901],False,0,0,0,0,Regenerador Vidar,,,[90169]
375363,108,1205334,10850002,1,1,0,Monster_Name_375363,,0,0,2,0,False,0,0,2,0,True,True,40,90,90,3000.0,"[7019501,7019502,7019503]",False,0,0,0,0,Vidar Thanat,,,[116669]
375364,108,1205335,10848000,1,1,0,Monster_Name_375364,,0,0,2,0,False,0,0,2,0,True,True,40,70,120,3000.0,[7019401],False,0,0,0,0,Vidar Malpas,,,[116669]
375365,112,1205336,10920001,1,1,0,Monster_Name_375365,Monster_Title_753001,0,0,2,0,False,0,0,2,0,True,True,40,40,80,1500.0,[7020301],False,0,0,0,0,Sniper Vidar Snatcher,Mercenário Turkan Fugido,,[147169]
375366,112,1205337,10910001,1,1,0,Monster_Name_375366,Monster_Title_753001,0,0,2,0,False,0,0,2,0,True,True,40,40,80,1500.0,"[7020201,7020202]",False,0,0,0,0,Assaltante Vidar Snatcher,Mercenário Turkan Fugido,,[147169]
375367,116,1205338,10844001,1,1,0,Monster_Name_375367,Monster_Title_753002,0,0,2,0,False,0,0,2,0,True,True,40,50,120,3000.0,"[7019101,7019102,7019103]",False,0,0,0,0,Vidar Guerreiro Nether,Legião Âncora do Pavor,,[181669]
375368,116,1205339,10845001,1,1,0,Monster_Name_375368,Monster_Title_753002,0,0,2,0,False,0,0,2,0,True,True,40,50,120,3000.0,[7019001],False,0,0,0,0,Sentinela Nether Vidar,Legião Âncora do Pavor,,[181669]
375369,116,1205340,10846001,1,1,0,Monster_Name_375369,Monster_Title_753002,0,0,2,0,False,0,0,2,0,True,True,40,120,120,3000.0,"[7018901,7018902,7018903]",False,0,0,0,0,Aniquilador Nether Vidar,Legião Âncora do Pavor,,[181669]
375372,104,1205341,10590001,1,1,0,Monster_Name_375372,,0,0,2,0,False,0,0,2,1,True,True,40,80,200,3000.0,[7006003],False,0,0,0,0,Larva Selvagem,,,[90169]
375373,108,1205342,10610001,1,1,0,Monster_Name_375373,,0,0,2,0,False,0,0,2,1,True,True,40,80,200,3000.0,"[7006601,7006602,7006603]",False,0,0,0,0,Lagarto Selvagem,,,[116669]
375374,112,1205343,10842004,1,1,0,Monster_Name_375374,,0,0,2,0,False,0,0,2,1,True,True,40,40,50,3000.0,[7018302],False,0,0,0,0,Pathfinder Desenfreado,,,[147169]
375375,116,1205344,10823003,1,1,0,Monster_Name_375375,,0,0,2,0,False,0,0,2,1,True,True,40,40,80,3000.0,"[7016401,7016402]",False,0,0,0,0,Fantasma Blindado Enfurecido,,,[181669]
375376,104,1205345,11090000,1,1,0,Monster_Name_375376,,0,0,2,0,False,0,0,2,0,True,True,40,50,200,3000.0,"[7022201,7022202]",False,0,0,0,0,Rimaud Infectado,,,[90169]
375377,104,1205346,10960000,1,1,0,Monster_Name_375377,,0,0,2,0,False,0,0,2,0,True,True,40,120,200,3000.0,[7020901],False,0,0,0,0,Regenerador Rimaud,,,[90169]
375378,108,1205347,10850002,1,1,0,Monster_Name_375378,,0,0,2,0,False,0,0,2,0,True,True,40,90,90,3000.0,"[7019501,7019502,7019503]",False,0,0,0,0,Rimaud Thanat,,,[116669]
375379,108,1205348,10848000,1,1,0,Monster_Name_375379,,0,0,2,0,False,0,0,2,0,True,True,40,70,120,3000.0,[7019401],False,0,0,0,0,Rimaud Malpas,,,[116669]
375380,112,1205349,10920001,1,1,0,Monster_Name_375380,Monster_Title_753001,0,0,2,0,False,0,0,2,0,True,True,40,40,80,1500.0,[7020301],False,0,0,0,0,Sniper Rimaud Snatcher,Mercenário Turkan Fugido,,[147169]
375381,112,1205350,10910001,1,1,0,Monster_Name_375381,Monster_Title_753001,0,0,2,0,False,0,0,2,0,True,True,40,40,80,1500.0,"[7020201,7020202]",False,0,0,0,0,Rimaud Saqueador Raider,Mercenário Turkan Fugido,,[147169]
375382,116,1205351,10844001,1,1,0,Monster_Name_375382,Monster_Title_753002,0,0,2,0,False,0,0,2,0,True,True,40,50,120,3000.0,"[7019101,7019102,7019103]",False,0,0,0,0,Rimaud Guerreiro Nether,Legião Âncora do Pavor,,[181669]
375383,116,1205352,10845001,1,1,0,Monster_Name_375383,Monster_Title_753002,0,0,2,0,False,0,0,2,0,True,True,40,50,120,3000.0,[7019001],False,0,0,0,0,Rimaud Sentinela Nether,Legião Âncora do Pavor,,[181669]
375384,116,1205353,10846001,1,1,0,Monster_Name_375384,Monster_Title_753002,0,0,2,0,False,0,0,2,0,True,True,40,120,120,3000.0,"[7018901,7018902,7018903]",False,0,0,0,0,Aniquilador Nether Rimaud,Legião Âncora do Pavor,,[181669]
375387,104,1205354,10590001,1,1,0,Monster_Name_375387,,0,0,2,0,False,0,0,2,1,True,True,40,80,200,3000.0,[7006003],False,0,0,0,0,Larva Selvagem,,,[90169]
375388,108,1205355,10610001,1,1,0,Monster_Name_375388,,0,0,2,0,False,0,0,2,1,True,True,40,80,200,3000.0,"[7006601,7006602,7006603]",False,0,0,0,0,Lagarto Selvagem,,,[116669]
375389,112,1205356,10842004,1,1,0,Monster_Name_375389,,0,0,2,0,False,0,0,2,1,True,True,40,40,50,3000.0,[7018302],False,0,0,0,0,Pathfinder Desenfreado,,,[147169]
375390,116,1205357,10823003,1,1,0,Monster_Name_375390,,0,0,2,0,False,0,0,2,1,True,True,40,40,80,3000.0,"[7016401,7016402]",False,0,0,0,0,Fantasma Blindado Enfurecido,,,[181669]
375398,118,0,16579000,926,3,0,Monster_Name_375300,,0,0,2,106,False,0,2,2,0,True,True,250,450,500,5000.0,"[7108701,7108702]",False,0,1,0,0,Bestia 6,,,[]
376000,99,0,16450000,578,7,0,Monster_Name_376000,,0,0,2,230,False,0,2,2,0,True,True,150,350,500,5000.0,[7105507],False,0,0,0,0,Casulo,,,[]
376001,82,1205078,10511052,1,1,0,Monster_Name_376001,,0,0,2,0,False,0,0,2,0,True,True,40,50,200,3000.0,"[7004001,7004002]",False,0,0,0,0,Ianthe Saura Tropa de Choque,,,[23569]
376002,90,1205081,10848000,1,1,0,Monster_Name_376002,,0,0,2,0,False,0,0,2,0,True,True,40,70,120,3000.0,[7019401],False,0,0,0,0,Ianthe Malpas Gancho,,,[38169]
376003,96,1205085,10890001,1,1,0,Monster_Name_376003,,0,0,2,0,False,0,0,2,0,True,True,40,70,150,3000.0,"[7020001,7020002,7020003]",False,0,0,0,0,Ianthe Turkan Tropa Pesada,,,[55919]
376004,90,1205082,10900001,1,1,0,Monster_Name_376004,,0,0,2,0,False,0,0,2,0,True,True,40,50,150,3000.0,"[7020101,7020102]",False,0,0,0,0,Ianthe Turkan Soldado de Cerco,,,[38169]
376005,90,1205083,10844001,1,1,0,Monster_Name_376005,Monster_Title_376005,0,0,2,0,False,0,0,2,0,True,True,40,50,110,3000.0,"[7019101,7019102,7019103]",False,0,0,0,0,Ianthe Guerreiro Nether,Legião Âncora Caligo,,[38169]
376006,106,1205090,10980000,1,1,0,Monster_Name_376006,Monster_Title_376006,0,0,2,0,False,0,0,2,0,True,True,40,120,200,3000.0,"[7021001,7021002]",False,0,0,0,0,Ianthe Cão Carmesim,Mutante Alienígena,,[87919]
376007,102,1205088,10920001,1,1,0,Monster_Name_376007,,0,0,2,0,False,0,0,2,0,True,True,40,40,80,3000.0,[7020301],False,0,0,0,0,Ianthe Turkan Sniper,,,[73919]
376008,102,1205079,10851001,1,1,0,Monster_Name_376008,,0,0,2,0,False,0,0,2,0,True,True,40,100,110,3000.0,"[7019601,7019602,7019603]",False,0,0,0,0,Ianthe Lambedor,,,[73919]
376009,82,1205080,10848001,1,1,0,Monster_Name_376009,,0,0,2,0,False,0,0,2,0,True,True,40,70,120,3000.0,[7019402],False,0,0,0,0,Ianthe Malpas Spitter,,,[23569]
376010,96,1205086,10521052,1,1,0,Monster_Name_376010,,0,0,2,0,False,0,0,2,0,True,True,40,50,200,3000.0,[7006401],False,0,0,0,0,Ianthe Saura Sniper,,,[55919]
376011,96,1205087,10910001,1,1,0,Monster_Name_376011,,0,0,2,0,False,0,0,2,0,True,True,40,40,80,3000.0,"[7020201,7020202]",False,0,0,0,0,Ianthe Turkan Raider,,,[55919]
376012,90,1205084,10845001,1,1,0,Monster_Name_376012,Monster_Title_376012,0,0,2,0,False,0,0,2,0,True,True,40,50,120,3000.0,[7019001],False,0,0,0,0,Ianthe Sentinela Nether,Legião Âncora Caligo,,[38169]
376013,102,1205089,10970000,1,1,0,Monster_Name_376013,Monster_Title_376013,0,0,2,0,False,0,0,2,0,True,True,40,120,200,3000.0,[7020701],False,0,0,0,0,Ianthe Arremessador Carmesim,Mutante Alienígena,,[73919]
376014,106,1205091,10960000,1,1,0,Monster_Name_376014,Monster_Title_376014,0,0,2,0,False,0,0,2,0,True,True,40,120,200,3000.0,[7020901],False,0,0,0,0,Ianthe Regenerador Carmesim,Mutante Alienígena,,[87919]
376051,82,0,10848000,1,1,0,Monster_Name_376051,,0,0,2,0,False,0,0,2,0,True,True,40,120,120,3000.0,[7020701],False,0,0,0,0,Gancho Malpas,,,[]
376052,90,1205121,10848001,1,1,0,Monster_Name_376052,,0,0,2,0,False,0,0,2,0,True,True,40,120,120,3000.0,[7019402],False,0,0,0,0,Malpas Spitter,,,[38169]
376053,96,1205123,10845001,1,1,0,Monster_Name_376053,Monster_Title_376053,0,0,2,0,False,0,0,2,0,True,True,40,120,120,3000.0,[7019001],False,0,0,0,0,Sentinela Nether,Legião Âncora Caligo,,[55919]
376054,102,1205125,10844001,1,1,0,Monster_Name_376054,Monster_Title_376054,0,0,2,0,False,0,0,2,0,True,True,40,120,110,3000.0,"[7019101,7019102,7019103]",False,0,0,0,0,Guerreiro Nether,Legião Âncora Caligo,,[73919]
376055,106,1205127,10846001,1,1,0,Monster_Name_376055,Monster_Title_376055,0,0,2,0,False,0,0,2,0,True,True,40,120,120,3000.0,"[7018901,7018902,7018903]",False,0,0,0,0,Aniquilador Nether,Legião Âncora Caligo,,[87919]
376095,82,1205120,10590001,1,1,0,Monster_Name_376095,,0,0,2,0,False,0,0,2,1,True,True,40,80,200,3000.0,[7006003],False,0,0,0,0,Larva Selvagem,,,[23569]
376096,90,1205122,10831002,1,1,0,Monster_Name_376096,,0,0,2,0,False,0,0,2,1,True,True,40,120,140,1300.0,"[7015801,7015802]",False,0,0,0,0,Junker Desenfreado,,,[38169]
376097,96,1205124,10842004,1,1,0,Monster_Name_376097,,0,0,2,0,False,0,0,2,1,True,True,40,120,50,1300.0,[7018302],False,0,0,0,0,Pathfinder Desenfreado,,,[55919]
376098,102,1205126,10600001,1,1,0,Monster_Name_376098,,0,0,2,0,False,0,0,2,1,True,True,40,120,200,3000.0,"[7006901,7006902]",False,0,0,0,0,Estilhaçador Infectado Selvagem,,,[73919]
376099,106,1205128,10610001,1,1,0,Monster_Name_376099,,0,0,2,0,False,0,0,2,1,True,True,40,120,200,3000.0,"[7006601,7006602,7006603]",False,0,0,0,0,Lagarto Infectado Selvagem,,,[87919]
376100,101,0,16460000,595,3,0,Monster_Name_376100,,0,0,2,230,False,0,2,2,0,True,True,150,300,500,3000.0,"[7105601,7105602]",False,0,0,0,0,Morposi,,,[]
376101,82,1205092,10511052,1,1,0,Monster_Name_376101,,0,0,2,0,False,0,0,2,0,True,True,40,120,200,3000.0,"[7004001,7004002]",False,0,0,0,0,Xanthe Saura Tropas de Choque,,,[23569]
376102,90,1205095,10848000,1,1,0,Monster_Name_376102,,0,0,2,0,False,0,0,2,0,True,True,40,120,120,3000.0,[7019401],False,0,0,0,0,Gancho Xanthe Malpas,,,[38169]
376103,96,1205099,10890001,1,1,0,Monster_Name_376103,,0,0,2,0,False,0,0,2,0,True,True,40,120,150,3000.0,"[7020001,7020002,7020003]",False,0,0,0,0,Xanthe Turkan Soldado Pesado,,,[55919]
376104,90,1205096,10900001,1,1,0,Monster_Name_376104,,0,0,2,0,False,0,0,2,0,True,True,40,120,150,3000.0,"[7020101,7020102]",False,0,0,0,0,Soldado de Cerco Xanthe Turkan,,,[38169]
376105,90,1205097,10844001,1,1,0,Monster_Name_376105,Monster_Title_376105,0,0,2,0,False,0,0,2,0,True,True,40,120,110,3000.0,"[7019101,7019102,7019103]",False,0,0,0,0,Xanthe Guerreiro Nether,Legião Âncora Caligo,,[38169]
376106,106,1205104,10980000,1,1,0,Monster_Name_376106,Monster_Title_376106,0,0,2,0,False,0,0,2,0,True,True,40,120,200,3000.0,"[7021001,7021002]",False,0,0,0,0,Cão Carmesim Xanthe,Mutante Alienígena,,[87919]
376107,102,1205102,10920001,1,1,0,Monster_Name_376107,,0,0,2,0,False,0,0,2,0,True,True,40,120,80,3000.0,[7020301],False,0,0,0,0,Xanthe Turkan Atirador de Elite,,,[73919]
376108,102,1205093,10851001,1,1,0,Monster_Name_376108,,0,0,2,0,False,0,0,2,0,True,True,40,120,110,3000.0,"[7019601,7019602,7019603]",False,0,0,0,0,Xanthe Licker,,,[73919]
376109,82,1205094,10848001,1,1,0,Monster_Name_376109,,0,0,2,0,False,0,0,2,0,True,True,40,120,120,3000.0,[7019402],False,0,0,0,0,Xanthe Malpas Cuspide,,,[23569]
376110,96,1205100,10521052,1,1,0,Monster_Name_376110,,0,0,2,0,False,0,0,2,0,True,True,40,50,200,3000.0,[7006401],False,0,0,0,0,Xanthe Saura Atirador,,,[55919]
376111,96,1205101,10910001,1,1,0,Monster_Name_376111,,0,0,2,0,False,0,0,2,0,True,True,40,120,80,3000.0,"[7020201,7020202]",False,0,0,0,0,Xanthe Turkan Raider,,,[55919]
376112,90,1205098,10845001,1,1,0,Monster_Name_376112,Monster_Title_376112,0,0,2,0,False,0,0,2,0,True,True,40,120,120,3000.0,[7019001],False,0,0,0,0,Sentinela Nether Xanthe,Legião Âncora Caligo,,[38169]
376113,102,1205103,10970000,1,1,0,Monster_Name_376113,Monster_Title_376113,0,0,2,0,False,0,0,2,0,True,True,40,120,200,3000.0,[7020701],False,0,0,0,0,Arremessador Carmesim Xanthe,Mutante Alienígena,,[73919]
376114,106,1205105,10960000,1,1,0,Monster_Name_376114,Monster_Title_376114,0,0,2,0,False,0,0,2,0,True,True,40,120,200,3000.0,[7020901],False,0,0,0,0,Regenerador Carmesim Xanthe,Mutante Alienígena,,[87919]
376200,103,0,16470000,611,3,0,Monster_Name_376200,,0,0,2,230,False,0,2,2,0,True,True,150,350,480,3000.0,[7105701],False,0,0,0,0,Gigas,,,[]
376201,82,1205106,10511052,1,1,0,Monster_Name_376201,,0,0,2,0,False,0,0,2,0,True,True,40,120,200,3000.0,"[7004001,7004002]",False,0,0,0,0,Phero Saura Shocktrooper,,,[23569]
376202,90,1205109,10848000,1,1,0,Monster_Name_376202,,0,0,2,0,False,0,0,2,0,True,True,40,120,120,3000.0,[7019401],False,0,0,0,0,Gancho Phero Malpas,,,[38169]
376203,96,1205113,10890001,1,1,0,Monster_Name_376203,,0,0,2,0,False,0,0,2,0,True,True,40,120,150,3000.0,"[7020001,7020002,7020003]",False,0,0,0,0,Soldado Pesado Phero Turkan,,,[55919]
376204,90,1205110,10900001,1,1,0,Monster_Name_376204,,0,0,2,0,False,0,0,2,0,True,True,40,120,150,3000.0,"[7020101,7020102]",False,0,0,0,0,Tropa de Cerco Phero Turkan,,,[38169]
376205,90,1205111,10844001,1,1,0,Monster_Name_376205,Monster_Title_376205,0,0,2,0,False,0,0,2,0,True,True,40,120,110,3000.0,"[7019101,7019102,7019103]",False,0,0,0,0,Phero Guerreiro Nether,Legião Âncora Caligo,,[38169]
376206,106,1205118,10980000,1,1,0,Monster_Name_376206,Monster_Title_376206,0,0,2,0,False,0,0,2,0,True,True,40,120,200,3000.0,"[7021001,7021002]",False,0,0,0,0,Phero Cão Carmesim,Mutante Alienígena,,[87919]
376207,102,1205116,10920001,1,1,0,Monster_Name_376207,,0,0,2,0,False,0,0,2,0,True,True,40,120,80,3000.0,[7020301],False,0,0,0,0,Sniper Phero Turkan,,,[73919]
376208,102,1205107,10851001,1,1,0,Monster_Name_376208,,0,0,2,0,False,0,0,2,0,True,True,40,120,110,3000.0,"[7019601,7019602,7019603]",False,0,0,0,0,Lambedor de Phero,,,[73919]
376209,82,1205108,10848001,1,1,0,Monster_Name_376209,,0,0,2,0,False,0,0,2,0,True,True,40,120,120,3000.0,[7019402],False,0,0,0,0,Cuspidor Phero Malpas,,,[23569]
376210,96,1205114,10521052,1,1,0,Monster_Name_376210,,0,0,2,0,False,0,0,2,0,True,True,40,50,200,3000.0,[7006401],False,0,0,0,0,Phero Saura Sniper,,,[55919]
376211,96,1205115,10910001,1,1,0,Monster_Name_376211,,0,0,2,0,False,0,0,2,0,True,True,40,120,80,3000.0,"[7020201,7020202]",False,0,0,0,0,Phero Turkan Raider,,,[55919]
376212,90,1205112,10845001,1,1,0,Monster_Name_376212,Monster_Title_376212,0,0,2,0,False,0,0,2,0,True,True,40,120,120,3000.0,[7019001],False,0,0,0,0,Sentinela Nether Phero,Legião Âncora Caligo,,[38169]
376213,102,1205117,10970000,1,1,0,Monster_Name_376213,Monster_Title_376213,0,0,2,0,False,0,0,2,0,True,True,40,120,200,3000.0,[7020701],False,0,0,0,0,Phero Arremessador Carmesim,Mutante Alienígena,,[73919]
376214,106,1205119,10960000,1,1,0,Monster_Name_376214,Monster_Title_376214,0,0,2,0,False,0,0,2,0,True,True,40,120,200,3000.0,[7020901],False,0,0,0,0,Regenerador Carmesim Phero,Mutante Alienígena,,[87919]
376300,99,1205129,10846002,1,3,0,Monster_Name_376300,,0,0,2,253,False,0,1,2,0,True,True,40,180,200,3000.0,"[7018904,7018905,7018906]",False,0,0,0,0,Pulverizador do Nether,,,[16775700]
376301,82,0,31400000,1,5006,0,Monster_Name_376301,,0,0,2,232,False,0,0,2,0,False,False,40,60,100,3000.0,[],False,0,0,0,0,Baliza de Ocupação do Nether,,,[]
376302,82,0,31400000,1,5006,0,Monster_Name_376302,,0,0,2,232,False,0,0,2,0,True,True,40,60,100,3000.0,[],False,0,0,0,0,Baliza de Ocupação do Nether,,,[]
376303,82,0,31400001,1,5006,0,Monster_Name_376303,,0,0,2,232,False,0,0,2,0,True,True,40,60,100,3000.0,[],False,0,0,0,0,Beacon de Ocupação da Equipe A,,,[]
376304,82,0,31400002,1,5006,0,Monster_Name_376304,,0,0,2,232,False,0,0,2,0,True,True,40,60,100,3000.0,[],False,0,0,0,0,Baliza de Ocupação da Equipe B,,,[]
376305,82,0,31400003,1,5006,0,Monster_Name_376305,,0,0,2,232,False,0,0,2,0,True,True,40,60,100,3000.0,[],False,0,0,0,0,Baliza de Ocupação da Equipe C,,,[]
376306,82,0,31400011,1,5006,0,Monster_Name_376303,,0,0,2,232,False,0,0,2,0,False,False,40,60,100,3000.0,[],False,0,0,0,0,Beacon de Ocupação da Equipe A,,,[]
376307,82,0,31400012,1,5006,0,Monster_Name_376304,,0,0,2,232,False,0,0,2,0,False,False,40,60,100,3000.0,[],False,0,0,0,0,Baliza de Ocupação da Equipe B,,,[]
376308,82,0,31400013,1,5006,0,Monster_Name_376305,,0,0,2,232,False,0,0,2,0,False,False,40,60,100,3000.0,[],False,0,0,0,0,Baliza de Ocupação da Equipe C,,,[]
377001,98,0,16500000,656,377002,0,Monster_Name_377001,,0,0,2,103,False,0,2,2,1,True,True,150,300,300,5000.0,[7105801],True,0,0,0,0,Xenoguardião,,,[]
377002,98,0,16530000,665,377002,0,Monster_Name_377002,,0,0,2,103,False,0,2,2,1,True,True,400,450,450,3000.0,[7106101],True,0,0,0,0,Âncora Positiva,,,[]
377003,98,0,16530001,666,377003,0,Monster_Name_377003,,0,0,2,103,False,0,2,2,1,True,True,400,450,450,3000.0,[7106201],True,0,0,0,0,Âncora Negativa,,,[]
377004,96,0,10846003,1,1,0,Monster_Name_377004,Monster_Title_377004,0,0,2,0,False,0,0,2,1,True,True,40,120,120,3000.0,"[7018901,7018902,7018903]",False,0,0,0,0,Aniquilador Nether,Guarda da Ponte,,[]
377005,96,0,10844002,1,1,0,Monster_Name_377005,Monster_Title_377004,0,0,2,0,False,0,0,2,1,True,True,40,50,120,3000.0,"[7019101,7019102,7019103]",False,0,0,0,0,Guerreiro Nether,Guarda da Ponte,,[]
377006,96,0,10845002,1,1,0,Monster_Name_377006,Monster_Title_377004,0,0,2,0,False,0,0,2,1,True,True,40,50,120,3000.0,[7019001],False,0,0,0,0,Sentinela Nether,Guarda da Ponte,,[]
377007,96,0,10846001,1,1,0,Monster_Name_377007,Monster_Title_377007,0,0,2,0,False,0,0,2,1,True,True,40,120,120,4500.0,"[7018901,7018902,7018903]",False,0,0,0,0,Aniquilador Nether,Guarnição da Fortaleza,,[]
377008,96,0,10844001,1,1,0,Monster_Name_377008,Monster_Title_377007,0,0,2,0,False,0,0,2,1,True,True,40,50,120,4500.0,"[7019101,7019102,7019103]",False,0,0,0,0,Guerreiro Nether,Guarnição da Fortaleza,,[]
377009,96,0,10845001,1,1,0,Monster_Name_377009,Monster_Title_377007,0,0,2,0,False,0,0,2,1,True,True,40,50,120,4500.0,[7019001],False,0,0,0,0,Sentinela Nether,Guarnição da Fortaleza,,[]
377010,96,0,10890001,1,1,0,Monster_Name_377010,Monster_Title_377010,0,0,2,0,False,0,0,2,1,True,True,40,70,150,3000.0,"[7020001,7020002,7020003]",False,0,0,0,0,Soldado Pesado Turkan,Mercenário Bruto,,[]
377011,96,0,10900001,1,1,0,Monster_Name_377011,Monster_Title_377010,0,0,2,0,False,0,0,2,1,True,True,40,50,150,3000.0,"[7020101,7020102]",False,0,0,0,0,Soldado de Cerco Turkan,Mercenário Bruto,,[]
377012,96,0,10910001,1,1,0,Monster_Name_377012,Monster_Title_377010,0,0,2,0,False,0,0,2,1,True,True,40,120,80,3000.0,"[7020201,7020202]",False,0,0,0,0,Invasor Turkan,Mercenário Bruto,,[]
377013,96,0,10920001,1,1,0,Monster_Name_377013,Monster_Title_377010,0,0,2,0,False,0,0,2,1,True,True,40,40,80,3000.0,[7020301],False,0,0,0,0,Atirador Turkan,Mercenário Bruto,,[]
377014,42,0,10850002,1,1,0,Monster_Name_377014,,0,0,2,0,False,0,0,2,0,True,True,40,90,90,3000.0,"[7019501,7019502,7019503]",False,0,0,0,0,Glatt,,,[]
377015,42,0,10848001,1,1,0,Monster_Name_377015,,0,0,2,0,False,0,0,2,0,True,True,40,70,120,3000.0,[7019402],False,0,0,0,0,Malpas,,,[]
377016,42,0,10848000,1,1,0,Monster_Name_377016,,0,0,2,0,False,0,0,2,0,True,True,40,70,120,3000.0,[7019401],False,0,0,0,0,Malpas,,,[]
377017,42,0,10851000,1,1,0,Monster_Name_377017,,0,0,2,0,False,0,0,2,0,True,True,40,100,110,3000.0,"[7019601,7019602,7019603]",False,0,0,0,0,Lambe-lambe,,,[]
377018,100,0,16500001,686,3,0,Monster_Name_377018,,0,0,2,103,False,0,2,2,1,True,True,150,300,300,5000.0,"[7106501,7106502]",True,0,0,0,0,Guardião Central,,,[]
377019,42,0,31500001,377019,377019,0,Monster_Name_377019,,0,0,2,237,False,0,0,2,0,True,True,600,1050,1000,3000.0,[],True,0,0,0,0,Portão Externo,,,[]
377020,42,0,31500001,377019,377020,0,Monster_Name_377020,,0,0,2,237,False,0,0,2,0,True,True,600,1050,1000,3000.0,[],True,0,0,0,0,Portão Externo,,,[]
377021,42,0,31500001,377019,377021,0,Monster_Name_377021,,0,0,2,0,False,0,0,2,0,False,False,600,1050,1000,3000.0,[],True,0,0,0,0,Portão Central,,,[]
377022,42,0,31450000,0,277001,0,Monster_Name_377022,,0,0,2,235,False,0,2,2,0,True,True,40,100,110,3000.0,[],True,0,0,0,0,Ponte de Controle,,,[]
377023,96,0,10846003,1,1,0,Monster_Name_377023,Monster_Title_377023,0,0,2,0,False,0,0,2,1,True,True,40,120,120,3000.0,"[7018901,7018902,7018903]",False,0,0,0,0,Aniquilador Nether,Guardião Âncora,,[]
377024,96,0,10844002,1,1,0,Monster_Name_377024,Monster_Title_377023,0,0,2,0,False,0,0,2,1,True,True,40,50,120,3000.0,"[7019101,7019102,7019103]",False,0,0,0,0,Guerreiro Nether,Guardião Âncora,,[]
377025,96,0,10845002,1,1,0,Monster_Name_377025,Monster_Title_377023,0,0,2,0,False,0,0,2,1,True,True,40,50,120,3000.0,[7019001],False,0,0,0,0,Sentinela Nether,Guardião Âncora,,[]
377026,42,0,31500003,0,377026,0,Monster_Name_377026,,0,0,2,233,False,0,0,2,0,True,True,600,650,1000,3000.0,[],True,0,0,0,0,Portão Interno,,,[]
377027,42,0,31500001,0,377027,0,Monster_Name_377027,,0,0,2,233,False,0,0,2,0,True,True,60,300,400,3000.0,[],False,0,0,0,0,Portão Externo,,,[]
377028,42,0,10990000,1,377028,0,Monster_Name_377028,,0,0,2,0,False,0,0,2,1,True,True,100,350,350,3000.0,[7105901],True,0,0,0,0,Torre de Guarda do Nether,,,[]
378001,82,0,16000000,140,378001,0,Monster_Name_378001,,0,0,2,228,False,0,2,2,0,True,True,150,1600,1000,5000.0,[7100201],False,0,0,0,0,,,,[]
378002,82,0,16000001,142,378011,0,Monster_Name_378001,,0,0,2,228,False,0,2,2,1,True,True,150,1600,1000,5000.0,[7100203],False,0,0,0,0,,,,[]
378003,74,0,30446001,0,1,0,Monster_Name_378003,,0,0,2,22,False,0,0,2,0,False,False,60,150,200,3000.0,[],False,0,1,0,0,,,,[]
378004,42,0,31380000,0,378004,0,Monster_Name_378004,,0,0,2,22,False,0,0,2,0,False,False,0,150,200,3000.0,[],True,0,1,0,0,,,,[]
378005,42,0,31390000,0,1,0,Monster_Name_378005,,0,0,2,22,False,0,0,2,0,False,False,0,150,200,3000.0,[],False,0,1,0,0,,,,[]
378006,42,0,30080010,0,1,0,Monster_Name_378006,,0,0,2,22,False,0,0,2,0,False,False,0,150,200,3000.0,[],False,0,1,0,0,,,,[]
378007,42,0,30080011,0,1,0,Monster_Name_378006,,0,0,2,22,False,0,0,2,0,False,False,0,150,200,3000.0,[],False,0,1,0,0,,,,[]
378008,42,0,30080012,0,1,0,Monster_Name_378006,,0,0,2,22,False,0,0,2,0,False,False,0,150,200,3000.0,[],False,0,1,0,0,,,,[]
378009,42,0,30080013,0,1,0,Monster_Name_378006,,0,0,2,22,False,0,0,2,0,False,False,0,150,200,3000.0,[],False,0,1,0,0,,,,[]
378011,80,0,16360000,498,394,0,Monster_Name_378011,,0,100,2,229,False,0,1,2,0,True,True,200,300,600,3500.0,[7104013],False,0,0,0,0,Guardião,,,[]
378012,80,0,16360000,498,394,0,Monster_Name_378011,,0,100,2,229,False,0,1,2,0,True,True,200,300,600,3500.0,[7104013],False,0,0,0,0,Guardião,,,[]
378013,80,0,16360000,498,394,0,Monster_Name_378011,,0,100,2,229,False,0,1,2,0,True,True,200,300,600,3500.0,[7104013],False,0,0,0,0,Guardião,,,[]
378014,42,0,30080010,0,1,0,Monster_Name_378014,,0,0,2,22,False,0,0,2,0,False,False,0,150,200,3000.0,[],False,0,1,0,0,,,,[]
378015,42,0,30080010,0,1,0,Monster_Name_378014,,0,0,2,22,False,0,0,2,0,False,False,0,150,200,3000.0,[],False,0,1,0,0,,,,[]
378016,42,0,30080010,0,1,0,Monster_Name_378014,,0,0,2,22,False,0,0,2,0,False,False,0,150,200,3000.0,[],False,0,1,0,0,,,,[]
378017,42,0,31390000,0,1,0,Monster_Name_378005,,0,0,2,22,False,0,0,2,0,False,False,0,150,200,3000.0,[],False,0,1,0,0,,,,[]
378018,42,0,31390001,0,1,0,Monster_Name_378005,,0,0,2,22,False,0,0,2,0,False,False,0,150,200,3000.0,[],False,0,1,0,0,,,,[]
378019,42,0,31390002,0,1,0,Monster_Name_378005,,0,0,2,22,False,0,0,2,0,False,False,0,150,200,3000.0,[],False,0,1,0,0,,,,[]
380400,1,0,30450000,0,1,0,,,0,0,2,213,False,0,0,2,0,False,False,60,450,200,3000.0,[],False,0,1,0,0,,,,[]
380401,70,0,16170003,291,4,0,Monster_Name_380401,Monster_Title_380401,0,0,2,103,False,0,2,2,1,True,True,40,250,200,3000.0,[7101321],False,0,0,0,0,Larva Infernal Mecha,Inferno,,[]
380402,72,0,16250005,290,4,0,Monster_Name_380402,Monster_Title_380401,0,0,2,103,False,0,2,2,1,True,True,40,350,200,3000.0,[7102431],False,0,0,0,0,Lapis Mecha,Inferno,,[]
380403,74,0,16160004,289,4,0,Monster_Name_380403,Monster_Title_380401,0,0,2,103,False,0,2,2,1,True,True,40,300,200,3000.0,[7101225],False,0,0,0,0,Pinça Mecha,Inferno,,[]
380404,76,0,16070003,292,4,0,Monster_Name_380404,Monster_Title_380401,0,0,2,103,False,0,2,2,1,True,True,100,220,200,3000.0,[7100036],False,0,0,0,0,Vastus,Inferno,,[]
380405,78,0,16380002,380405,4,0,Monster_Name_380405,Monster_Title_380401,0,0,2,103,False,0,2,2,1,True,True,200,300,600,3000.0,[7104330],False,0,0,0,0,Urano,Inferno,,[]
380406,68,0,16370000,440,436,0,Monster_Name_380406,Monster_Title_380401,0,0,2,103,False,0,2,2,1,True,True,250,400,400,5000.0,"[7104627,7104628]",False,0,0,0,0,Titã,Inferno,,[]
380407,78,0,16390001,420,417,0,Monster_Name_380407,Monster_Title_380401,0,0,2,103,False,0,2,2,1,True,True,200,300,300,5000.0,"[7104468,7104469,7104470]",False,0,0,0,0,Paimon,Inferno,,[]
380408,68,0,16170001,273,4,0,Monster_Name_380408,Monster_Title_380401,0,0,2,103,False,0,2,2,1,True,True,40,250,200,3000.0,[7101301],False,0,0,0,0,Dagon,Inferno,,[]
380409,68,0,16170001,273,4,0,Monster_Name_380409,Monster_Title_380401,0,0,2,103,False,0,2,2,1,True,True,40,250,200,3000.0,[7101301],False,0,0,0,0,Brontes,Inferno,,[]
380411,88,0,16170003,380411,4,0,Monster_Name_380411,Monster_Title_380411,0,0,2,103,False,0,2,2,1,True,True,40,250,200,3000.0,[7101326],False,0,0,0,0,Larva Infernal Mecha,,,[]
380412,90,0,16250005,380412,4,0,Monster_Name_380412,Monster_Title_380411,0,0,2,103,False,0,2,2,1,True,True,40,350,200,3000.0,[7102437],False,0,0,0,0,Lapis Mecha,,,[]
380413,92,0,16160004,380413,4,0,Monster_Name_380413,Monster_Title_380411,0,0,2,103,False,0,2,2,1,True,True,40,300,200,3000.0,[7101231],False,0,0,0,0,Pinça Mecha,,,[]
380414,94,0,16070003,380414,4,0,Monster_Name_380414,Monster_Title_380411,0,0,2,103,False,0,2,2,1,True,True,100,220,200,3000.0,[7100043],False,0,0,0,0,Vastus,,,[]
380415,96,0,16380002,380415,4,0,Monster_Name_380415,Monster_Title_380411,0,0,2,103,False,0,2,2,1,True,True,200,300,600,3000.0,[7104369],False,0,0,0,0,Urano,,,[]
380417,96,0,16390001,380417,417,0,Monster_Name_380417,Monster_Title_380411,0,0,2,103,False,0,2,2,1,True,True,200,300,300,5000.0,"[7104468,7104469,7104470]",False,0,0,0,0,Paimon,,,[]
381101,72,0,30330000,0,1,0,,,0,0,2,220,False,0,0,2,0,False,False,0,150,200,3000.0,[],False,0,1,0,0,,,,[]
381102,72,0,31490508,0,32,0,Monster_Name_381102,,0,0,2,48,False,0,0,2,0,True,True,40,110,180,3000.0,[],False,0,0,0,0,Armazenamento Compacto de Energia,,,[]
381103,72,0,31490509,0,32,0,Monster_Name_381103,,0,0,2,49,False,0,0,2,0,True,True,40,110,180,3000.0,[],False,0,0,0,0,Grande Armazenamento de Energia,,,[]
381104,5,0,30920001,0,341211,0,Monster_Name_381104,,0,0,2,216,False,0,0,2,0,True,True,40,100,300,0.0,[],False,0,0,0,0,Torre de Pontos da Equipe A,,,[]
381105,5,0,30920002,0,341212,0,Monster_Name_381105,,0,0,2,217,False,0,0,2,0,True,True,40,100,300,0.0,[],False,0,0,0,0,Torre de Pontos da Equipe B,,,[]
381106,5,0,30920003,0,341213,0,Monster_Name_381106,,0,0,2,218,False,0,0,2,0,True,True,40,100,300,0.0,[],False,0,0,0,0,Torre de Pontos da Equipe C,,,[]
381107,5,0,30920004,0,341214,0,Monster_Name_381107,,0,0,2,219,False,0,0,2,0,True,True,40,100,300,0.0,[],False,0,0,0,0,Torre de Pontos da Equipe D,,,[]
381111,72,0,31200000,999999,1,381111,Object_Name_381111,,0,0,3,34,False,0,0,2,0,True,False,30,60,180,3000.0,[],False,0,2,0,0,Console de Entrada Interna,,,[]
381112,72,0,31200000,999999,1,381111,Object_Name_381112,,0,0,3,34,False,0,0,2,0,True,False,30,60,180,3000.0,[],False,0,2,0,0,Console de Entrada Interna,,,[]
381113,72,0,31200000,999999,1,381111,Object_Name_381113,,0,0,3,34,False,0,0,2,0,True,False,30,60,180,3000.0,[],False,0,2,0,0,Console de Entrada Interna,,,[]
381114,72,0,31200000,999999,1,381111,Object_Name_381114,,0,0,3,34,False,0,0,2,0,True,False,30,60,180,3000.0,[],False,0,2,0,0,Console de Entrada Interna,,,[]
381121,72,0,31490507,999999,1,381121,Object_Name_381121,,0,0,3,46,False,0,0,2,0,True,False,30,110,180,3000.0,[],False,0,2,0,0,Solicitante de Reforços de Elite,,,[]
381122,72,0,31490506,999999,1,381122,Object_Name_381122,,0,0,3,47,False,0,0,2,0,True,False,30,110,180,3000.0,[],False,0,2,0,0,Solicitante de Reforços de Minions,,,[]
381123,72,0,31490510,999999,1,381123,Object_Name_381123,,0,0,3,43,False,0,0,2,0,True,False,30,110,180,3000.0,[],False,0,2,0,0,Gerador de Poder de Fogo AoE,,,[]
381124,72,0,31490511,999999,1,381124,Object_Name_381124,,0,0,3,44,False,0,0,2,0,True,False,30,110,180,3000.0,[],False,0,2,0,0,Gerador de Barreira AoE,,,[]
381125,72,0,31490504,999999,1,381125,Object_Name_381125,,0,0,3,45,False,0,0,2,0,True,False,30,110,180,3000.0,[],False,0,2,0,0,Suporte de Reparação de Emergência da Arma Sagrada,,,[]
381126,72,0,31490515,999999,1,381126,Object_Name_381126,,0,0,3,50,False,0,0,2,0,True,False,30,110,180,3000.0,[],False,0,2,0,0,Ponto de Baliza,,,[]
381131,72,0,31490500,999999,1,381131,Object_Name_381131,,0,0,3,38,False,0,0,2,0,True,False,30,110,180,3000.0,[],False,0,2,0,0,Dispositivo de Autorização de Implantação de Gryphon,,,[]
381132,72,0,31490501,999999,1,381132,Object_Name_381132,,0,0,3,37,False,0,0,2,0,True,False,30,110,180,3000.0,[],False,0,2,0,0,Dispositivo de Autorização de Implantação Argos,,,[]
381133,72,0,31490501,999999,1,381133,Object_Name_381133,,0,0,3,37,False,0,0,2,0,True,False,30,110,180,3000.0,[],False,0,2,0,0,Dispositivo de Autorização de Implantação de Centurion,,,[]
381134,72,0,31490501,999999,1,381134,Object_Name_381134,,0,0,3,37,False,0,0,2,0,True,False,30,110,180,3000.0,[],False,0,2,0,0,Dispositivo de Autorização de Implantação Kronos,,,[]
381135,72,0,31490502,999999,1,381135,Object_Name_381135,,0,0,3,36,False,0,0,2,0,True,False,30,110,180,3000.0,[],False,0,2,0,0,Dispositivo de Autorização de Implantação Stinger,,,[]
381136,72,0,31490502,999999,1,381136,Object_Name_381136,,0,0,3,36,False,0,0,2,0,True,False,30,110,180,3000.0,[],False,0,2,0,0,Dispositivo de Autorização de Implantação de Ares,,,[]
381137,72,0,31490502,999999,1,381137,Object_Name_381137,,0,0,3,36,False,0,0,2,0,True,False,30,110,180,3000.0,[],False,0,2,0,0,Dispositivo de Autorização de Implantação de Pantera,,,[]
381138,72,0,31490503,999999,1,381138,Object_Name_381138,,0,0,3,35,False,0,0,2,0,True,False,30,110,180,3000.0,[],False,0,2,0,0,Dispositivo de Autorização de Implantação do Kraken,,,[]
381139,72,0,31490503,999999,1,381139,Object_Name_381139,,0,0,3,35,False,0,0,2,0,True,False,30,110,180,3000.0,[],False,0,2,0,0,Dispositivo de Autorização de Implantação de Hercules,,,[]
381140,72,0,31490503,999999,1,381140,Object_Name_381140,,0,0,3,35,False,0,0,2,0,True,False,30,110,180,3000.0,[],False,0,2,0,0,Dispositivo de Autorização de Implantação Tempest,,,[]
381141,72,0,31490513,999999,1,381141,Object_Name_381141,,0,0,3,39,False,0,0,2,0,True,False,30,110,180,3000.0,[],False,0,2,0,0,Dispositivo de Autorização de Implantação Aleatória MAU,,,[]
381142,72,0,31490512,999999,1,381142,Object_Name_381142,,0,0,3,40,False,0,0,2,0,True,False,30,110,180,3000.0,[],False,0,2,0,0,Dispositivo de Autorização de Implantação Aleatória MAU,,,[]
381143,72,0,31490505,999999,1,381143,Object_Name_381143,,0,0,3,41,False,0,0,2,0,True,False,30,110,180,3000.0,[],False,0,2,0,0,Dispositivo de Autorização de Implantação Aleatória MAU,,,[]
381144,72,0,31490514,999999,1,381144,Object_Name_381144,,0,0,3,42,False,0,0,2,0,True,False,30,110,180,3000.0,[],False,0,2,0,0,Dispositivo de Autorização de Implantação Aleatória MAU,,,[]
381151,72,0,31490500,999999,1,381151,Object_Name_381151,,0,0,3,38,False,0,0,2,0,True,False,30,110,180,3000.0,[],False,0,2,0,0,Dispositivo de Implantação de Gryphon,,,[]
381152,72,0,31490501,999999,1,381152,Object_Name_381152,,0,0,3,37,False,0,0,2,0,True,False,30,110,180,3000.0,[],False,0,2,0,0,Dispositivo de Implantação Argos,,,[]
381153,72,0,31490501,999999,1,381153,Object_Name_381153,,0,0,3,37,False,0,0,2,0,True,False,30,110,180,3000.0,[],False,0,2,0,0,Dispositivo de Implantação Centurion,,,[]
381154,72,0,31490501,999999,1,381154,Object_Name_381154,,0,0,3,37,False,0,0,2,0,True,False,30,110,180,3000.0,[],False,0,2,0,0,Dispositivo de Implantação Kronos,,,[]
381155,72,0,31490502,999999,1,381155,Object_Name_381155,,0,0,3,36,False,0,0,2,0,True,False,30,110,180,3000.0,[],False,0,2,0,0,Dispositivo de Implantação Stinger,,,[]
381156,72,0,31490502,999999,1,381156,Object_Name_381156,,0,0,3,36,False,0,0,2,0,True,False,30,110,180,3000.0,[],False,0,2,0,0,Dispositivo de Implantação de Ares,,,[]
381157,72,0,31490502,999999,1,381157,Object_Name_381157,,0,0,3,36,False,0,0,2,0,True,False,30,110,180,3000.0,[],False,0,2,0,0,Dispositivo de Implantação de Pantera,,,[]
381158,72,0,31490503,999999,1,381158,Object_Name_381158,,0,0,3,35,False,0,0,2,0,True,False,30,110,180,3000.0,[],False,0,2,0,0,Dispositivo de Implantação de Kraken,,,[]
381159,72,0,31490503,999999,1,381159,Object_Name_381159,,0,0,3,35,False,0,0,2,0,True,False,30,110,180,3000.0,[],False,0,2,0,0,Dispositivo de Implantação de Hercules,,,[]
381160,72,0,31490503,999999,1,381160,Object_Name_381160,,0,0,3,35,False,0,0,2,0,True,False,30,110,180,3000.0,[],False,0,2,0,0,Dispositivo de Implantação Tempest,,,[]
381161,72,0,30240014,999999,1,381179,Object_Name_381179,,0,0,3,0,False,0,0,2,0,True,False,30,60,180,3000.0,[],False,0,2,0,0,Ponto de Ressurgimento Portal Dimensional,,,[]
381162,72,0,30240014,999999,1,381179,Object_Name_381179,,0,0,3,0,False,0,0,2,0,True,False,30,60,180,3000.0,[],False,0,2,0,0,Ponto de Ressurgimento Portal Dimensional,,,[]
381163,72,0,30240014,999999,1,381179,Object_Name_381179,,0,0,3,0,False,0,0,2,0,True,False,30,60,180,3000.0,[],False,0,2,0,0,Ponto de Ressurgimento Portal Dimensional,,,[]
381164,72,0,30240014,999999,1,381179,Object_Name_381179,,0,0,3,0,False,0,0,2,0,True,False,30,60,180,3000.0,[],False,0,2,0,0,Ponto de Ressurgimento Portal Dimensional,,,[]
381165,72,0,30240014,999999,1,381179,Object_Name_381179,,0,0,3,0,False,0,0,2,0,True,False,30,60,180,3000.0,[],False,0,2,0,0,Ponto de Ressurgimento Portal Dimensional,,,[]
381166,72,0,30240014,999999,1,381179,Object_Name_381179,,0,0,3,0,False,0,0,2,0,True,False,30,60,180,3000.0,[],False,0,2,0,0,Ponto de Ressurgimento Portal Dimensional,,,[]
381167,72,0,30240014,999999,1,381179,Object_Name_381179,,0,0,3,0,False,0,0,2,0,True,False,30,60,180,3000.0,[],False,0,2,0,0,Ponto de Ressurgimento Portal Dimensional,,,[]
381168,72,0,30240014,999999,1,381179,Object_Name_381179,,0,0,3,0,False,0,0,2,0,True,False,30,60,180,3000.0,[],False,0,2,0,0,Ponto de Ressurgimento Portal Dimensional,,,[]
381171,72,0,30240013,999999,1,381112,Object_Name_381171,,0,0,3,30,False,0,0,2,0,True,False,30,60,180,3000.0,[],False,0,2,0,0,Portal Dimensional das Periferias,,,[]
381172,72,0,30240013,999999,1,381112,Object_Name_381172,,0,0,3,30,False,0,0,2,0,True,False,30,60,180,3000.0,[],False,0,2,0,0,Portal Dimensional das Periferias,,,[]
381173,72,0,30240012,999999,1,381113,Object_Name_381173,,0,0,3,31,False,0,0,2,0,True,False,30,60,180,3000.0,[],False,0,2,0,0,Portal Dimensional das Periferias,,,[]
381174,72,0,30240012,999999,1,381113,Object_Name_381174,,0,0,3,31,False,0,0,2,0,True,False,30,60,180,3000.0,[],False,0,2,0,0,Portal Dimensional das Periferias,,,[]
381175,72,0,30240011,999999,1,381114,Object_Name_381175,,0,0,3,32,False,0,0,2,0,True,False,30,60,180,3000.0,[],False,0,2,0,0,Portal Dimensional das Periferias,,,[]
381176,72,0,30240011,999999,1,381114,Object_Name_381176,,0,0,3,32,False,0,0,2,0,True,False,30,60,180,3000.0,[],False,0,2,0,0,Portal Dimensional das Periferias,,,[]
381177,72,0,30240010,999999,1,381115,Object_Name_381177,,0,0,3,33,False,0,0,2,0,True,False,30,60,180,3000.0,[],False,0,2,0,0,Portal Dimensional das Periferias,,,[]
381178,72,0,30240010,999999,1,381115,Object_Name_381178,,0,0,3,33,False,0,0,2,0,True,False,30,60,180,3000.0,[],False,0,2,0,0,Portal Dimensional das Periferias,,,[]
381179,72,0,30240014,999999,1,381179,Object_Name_381179,,0,0,3,33,False,0,0,2,0,True,False,30,60,180,3000.0,[],False,0,2,0,0,Ponto de Ressurgimento Portal Dimensional,,,[]
381181,72,0,10811060,1,33,0,Monster_Name_381181,,0,0,2,0,False,0,0,2,1,True,True,40,80,200,3000.0,"[7012505,7012506]",False,0,0,0,0,Equipe A Bork Laser,,,[]
381182,72,0,10810060,1,33,0,Monster_Name_381182,,0,0,2,0,False,0,0,2,1,True,True,40,80,200,3000.0,"[7012405,7012406]",False,0,0,0,0,Bork de Assalto da Equipe A,,,[]
381183,72,0,10811061,1,33,0,Monster_Name_381183,,0,0,2,0,False,0,0,2,1,True,True,40,80,200,3000.0,"[7012505,7012506]",False,0,0,0,0,Equipe B Bork Laser,,,[]
381184,72,0,10810061,1,33,0,Monster_Name_381184,,0,0,2,0,False,0,0,2,1,True,True,40,80,200,3000.0,"[7012405,7012406]",False,0,0,0,0,Equipe B Bork de Assalto,,,[]
381185,72,0,10811062,1,33,0,Monster_Name_381185,,0,0,2,0,False,0,0,2,1,True,True,40,80,200,3000.0,"[7012505,7012506]",False,0,0,0,0,Equipe C Bork Laser,,,[]
381186,72,0,10810062,1,33,0,Monster_Name_381186,,0,0,2,0,False,0,0,2,1,True,True,40,80,200,3000.0,"[7012405,7012406]",False,0,0,0,0,Bork de Assalto da Equipe C,,,[]
381187,72,0,10811063,1,33,0,Monster_Name_381187,,0,0,2,0,False,0,0,2,1,True,True,40,80,200,3000.0,"[7012505,7012506]",False,0,0,0,0,Equipe D Bork Laser,,,[]
381188,72,0,10810063,1,33,0,Monster_Name_381188,,0,0,2,0,False,0,0,2,1,True,True,40,80,200,3000.0,"[7012405,7012406]",False,0,0,0,0,Bork de Assalto da Equipe D,,,[]
381189,72,0,14150002,1,31,0,Monster_Name_381189,,0,0,2,0,False,0,0,2,1,True,True,180,180,540,3000.0,"[7022601,7022602,7022603]",False,0,0,0,0,Guardião da Equipe A,,,[]
381190,72,0,14150003,1,31,0,Monster_Name_381190,,0,0,2,0,False,0,0,2,1,True,True,180,180,540,3000.0,"[7022601,7022602,7022603]",False,0,0,0,0,Guardião da Equipe B,,,[]
381191,72,0,14150004,1,31,0,Monster_Name_381191,,0,0,2,0,False,0,0,2,1,True,True,180,180,540,3000.0,"[7022601,7022602,7022603]",False,0,0,0,0,Guardião da Equipe C,,,[]
381192,72,0,14150005,1,31,0,Monster_Name_381192,,0,0,2,0,False,0,0,2,1,True,True,180,180,540,3000.0,"[7022601,7022602,7022603]",False,0,0,0,0,Guardião da Equipe D,,,[]
383101,72,0,10835000,1,1,0,Monster_Name_383101,Monster_Title_383101,0,0,2,102,False,0,0,2,0,True,True,50,70,120,3000.0,"[7017301,7017302]",False,0,0,0,0,Arres Guardião Palid,Proteção do Conselho de Brilhantismo,,[]
383102,72,0,10836000,1,1,0,Monster_Name_383102,Monster_Title_383102,0,0,2,102,False,0,0,2,0,True,True,40,60,120,3000.0,"[7017401,7017402]",False,0,0,0,0,Arres Mentalista Palid,Proteção do Conselho de Brilhantismo,,[]
383103,72,0,10837000,1,1,0,Monster_Name_383103,Monster_Title_383103,0,0,2,102,False,0,0,2,0,True,True,30,40,50,3000.0,[7018101],False,0,0,0,0,Arres Feiticeiro Palid,Proteção do Conselho de Brilhantismo,,[]
383111,72,0,18780000,1,1,0,Monster_Name_383111,Monster_Title_383111,0,0,2,102,False,0,0,2,0,True,True,40,60,200,3000.0,"[7013501,7013502,7013503]",False,0,0,0,0,Arres Recon,Esquadrão Véu de Ferro,,[]
383112,72,0,18790000,1,1,0,Monster_Name_383112,Monster_Title_383112,0,0,2,102,False,0,0,2,0,True,True,40,60,200,3000.0,"[7013601,7013602]",False,0,0,0,0,Arres Striker,Esquadrão Véu de Ferro,,[]
383113,72,0,18800000,1,1,0,Monster_Name_383113,Monster_Title_383113,0,0,2,102,False,0,0,2,0,True,True,40,60,200,3000.0,"[7013701,7013702,7013703]",False,0,0,0,0,Arres Vanguarda,Esquadrão Véu de Ferro,,[]
383121,71,0,10770000,383124,4,0,Monster_Name_383121,Monster_Title_383121,0,0,2,103,False,0,2,2,1,True,True,200,300,500,3000.0,[7022001],False,0,0,0,0,Auto-Torreta,Sistema de Defesa da Instalação de Produção,,[]
383122,3,0,31410000,0,1,0,Monster_Name_383122,,0,0,2,0,False,0,0,2,0,False,False,0,90,90,3000.0,[],False,0,1,0,0,Escudo da Torreta,,,[]
383123,71,0,30940001,0,383123,0,Monster_Name_383123,,0,0,2,102,False,0,0,2,0,True,True,25,30,90,3000.0,[],False,0,0,0,0,Unidade de Potência de Escudo,,,[]
383124,71,0,10770000,383124,4,0,Monster_Name_383124,Monster_Title_383124,0,0,2,103,False,0,2,2,1,True,True,200,300,500,3000.0,[7022001],False,0,0,0,0,Auto-Torreta,Sistema de Defesa da Instalação de Produção,,[]
383125,3,0,31410000,0,1,0,Monster_Name_383125,,0,0,2,0,False,0,0,2,0,False,False,0,90,90,3000.0,[],False,0,1,0,0,Escudo da Torreta,,,[]
383126,71,0,30940001,0,383126,0,Monster_Name_383126,,0,0,2,102,False,0,0,2,0,True,True,25,30,90,3000.0,[],False,0,0,0,0,Unidade de Potência do Escudo,,,[]
383131,71,0,10501001,1,383131,0,Monster_Name_383131,Monster_Title_383131,0,0,2,102,False,0,0,2,0,True,True,40,50,200,3000.0,[7009401],False,0,0,0,0,Arres Alto Reitor,Invocador de Ilusões,,[]
383132,71,0,10040002,1,383132,0,Monster_Name_383132,Monster_Title_383132,0,0,2,102,False,0,0,2,1,True,True,40,50,200,3000.0,[7001201],True,0,0,0,0,Mahr,Ilusão Invocada,,[]
383133,71,0,10041001,1,383133,0,Monster_Name_383133,Monster_Title_383133,0,0,2,102,False,0,0,2,1,True,True,40,80,200,3000.0,"[7001111,7001112]",True,0,0,0,0,Criador de Mahr,Ilusão Invocada,,[]
383134,71,0,10810004,1,383134,0,Monster_Name_383134,Monster_Title_383134,0,0,2,102,False,0,0,2,1,True,True,40,60,200,3000.0,"[7012401,7012402]",True,0,0,0,0,Bork de Assalto,Ilusão Invocada,,[]
383135,71,0,10370002,1,383135,0,Monster_Name_383135,Monster_Title_383135,0,0,2,102,False,0,0,2,1,True,True,40,50,200,3000.0,"[7008301,7008302]",True,0,0,0,0,Larva Infernal,Ilusão Invocada,,[]
383136,71,0,10500001,1,383136,0,Monster_Name_383136,Monster_Title_383136,0,0,2,102,False,0,0,2,1,True,True,50,50,200,5000.0,[7003301],True,0,0,0,0,Reitor,Ilusão Invocada,,[]
383141,71,0,10821000,383141,383141,0,Monster_Name_383141,Monster_Title_383141,0,0,2,102,False,0,0,2,1,True,True,40,60,200,3000.0,[],False,0,0,0,0,Arres Guardião da Pedra Sagrada,Rastreador Base,,[]
383142,71,0,31180001,1,1,0,Monster_Name_383142,,0,0,2,0,False,0,0,2,1,False,False,0,90,90,3000.0,[7020801],False,0,1,0,0,Mina Eletrônica,,,[]
383151,71,0,10480051,383151,383151,0,Monster_Name_383151,Monster_Title_383151,0,0,2,102,False,0,0,2,0,True,True,40,90,90,3000.0,[],False,0,0,0,0,Drone Sobrecarregado,Robô de Combate da Instalação de Produção,,[]
383191,72,0,16420002,638,4,0,Monster_Name_383191,Monster_Title_383191,0,0,2,103,False,0,2,2,0,True,True,150,300,300,5000.0,"[7105201,7105202]",False,0,0,0,0,Arres Sarpedon,Proteção de Brilliance,,[]
383192,72,0,16430002,641,4,0,Monster_Name_383192,Monster_Title_383192,0,0,2,103,False,0,2,2,0,True,True,150,600,500,5000.0,"[7105101,7105102]",False,0,0,0,0,Arres Castelo MPF-01,Véu de Ferro,,[]
383201,84,0,10835000,1,1,0,Monster_Name_383201,Monster_Title_383201,0,0,2,102,False,0,0,2,0,True,True,50,70,120,3000.0,"[7017301,7017302]",False,0,0,0,0,Arres Guardião Palid,Proteção do Conselho de Brilhantismo,,[]
383202,84,0,10836000,1,1,0,Monster_Name_383202,Monster_Title_383202,0,0,2,102,False,0,0,2,0,True,True,40,60,120,3000.0,"[7017401,7017402]",False,0,0,0,0,Arres Mentalista Palid,Proteção do Conselho de Brilhantismo,,[]
383203,84,0,10837000,1,1,0,Monster_Name_383203,Monster_Title_383203,0,0,2,102,False,0,0,2,0,True,True,30,40,50,3000.0,[7018101],False,0,0,0,0,Arres Feiticeiro Palid,Proteção do Conselho de Brilhantismo,,[]
383211,84,0,18780000,1,1,0,Monster_Name_383211,Monster_Title_383211,0,0,2,102,False,0,0,2,0,True,True,40,60,200,3000.0,"[7013501,7013502,7013503]",False,0,0,0,0,Arres Recon,Esquadrão Véu de Ferro,,[]
383212,84,0,18790000,1,1,0,Monster_Name_383212,Monster_Title_383212,0,0,2,102,False,0,0,2,0,True,True,40,60,200,3000.0,"[7013601,7013602]",False,0,0,0,0,Arres Striker,Esquadrão Véu de Ferro,,[]
383213,84,0,18800000,1,1,0,Monster_Name_383213,Monster_Title_383213,0,0,2,102,False,0,0,2,0,True,True,40,60,200,3000.0,"[7013701,7013702,7013703]",False,0,0,0,0,Arres Vanguarda,Esquadrão Véu de Ferro,,[]
383221,83,0,10770000,383124,4,0,Monster_Name_383221,Monster_Title_383221,0,0,2,103,False,0,2,2,1,True,True,200,300,500,3000.0,[7022001],False,0,0,0,0,Auto-Torreta,Sistema de Defesa da Instalação de Produção,,[]
383222,3,0,31410000,0,1,0,Monster_Name_383222,,0,0,2,0,False,0,0,2,0,False,False,0,90,90,3000.0,[],False,0,1,0,0,Escudo da Torreta,,,[]
383223,83,0,30940001,0,383123,0,Monster_Name_383223,,0,0,2,102,False,0,0,2,0,True,True,25,30,90,3000.0,[],False,0,0,0,0,Unidade de Potência de Escudo,,,[]
383224,83,0,10770000,383124,4,0,Monster_Name_383224,Monster_Title_383224,0,0,2,103,False,0,2,2,1,True,True,200,300,500,3000.0,[7022001],False,0,0,0,0,Auto-Torreta,Sistema de Defesa da Instalação de Produção,,[]
383225,3,0,31410000,0,1,0,Monster_Name_383225,,0,0,2,0,False,0,0,2,0,False,False,0,90,90,3000.0,[],False,0,1,0,0,Escudo da Torreta,,,[]
383226,83,0,30940001,0,383126,0,Monster_Name_383226,,0,0,2,102,False,0,0,2,0,True,True,25,30,90,3000.0,[],False,0,0,0,0,Unidade de Potência de Escudo,,,[]
383231,83,0,10501001,1,383131,0,Monster_Name_383231,Monster_Title_383131,0,0,2,102,False,0,0,2,0,True,True,40,50,200,3000.0,[7009401],False,0,0,0,0,Arres Alto Reitor,Invocador de Ilusões,,[]
383232,83,0,10040002,1,383132,0,Monster_Name_383232,Monster_Title_383232,0,0,2,102,False,0,0,2,1,True,True,40,50,200,3000.0,[7001201],True,0,0,0,0,Mahr,Ilusão Invocada,,[]
383233,83,0,10041001,1,383133,0,Monster_Name_383233,Monster_Title_383233,0,0,2,102,False,0,0,2,1,True,True,40,80,200,3000.0,"[7001111,7001112]",True,0,0,0,0,Criador de Mahr,Ilusão Invocada,,[]
383234,83,0,10810004,1,383134,0,Monster_Name_383234,Monster_Title_383234,0,0,2,102,False,0,0,2,1,True,True,40,60,200,3000.0,"[7012401,7012402]",True,0,0,0,0,Bork de Assalto,Ilusão Invocada,,[]
383235,83,0,10370002,1,383135,0,Monster_Name_383235,Monster_Title_383235,0,0,2,102,False,0,0,2,1,True,True,40,50,200,3000.0,"[7008301,7008302]",True,0,0,0,0,Larva Infernal,Ilusão Invocada,,[]
383236,83,0,10500001,1,383136,0,Monster_Name_383236,Monster_Title_383236,0,0,2,102,False,0,0,2,1,True,True,50,50,200,5000.0,[7003301],True,0,0,0,0,Reitor,Ilusão Invocada,,[]
383241,83,0,10821000,383141,383141,0,Monster_Name_383241,Monster_Title_383241,0,0,2,102,False,0,0,2,1,True,True,40,60,200,3000.0,[],False,0,0,0,0,Arres Guardião da Pedra Sagrada,Rastreador Base,,[]
383242,83,0,31180001,1,1,0,Monster_Name_383242,,0,0,2,0,False,0,0,2,1,False,False,0,90,90,3000.0,[7020801],False,0,1,0,0,Mina Eletrônica,,,[]
383251,83,0,10480051,383151,383151,0,Monster_Name_383251,Monster_Title_383251,0,0,2,102,False,0,0,2,0,True,True,40,90,90,3000.0,[],False,0,0,0,0,Drone Sobrecarregado,Robô de Combate da Instalação de Produção,,[]
383291,84,0,16420002,639,4,0,Monster_Name_383291,Monster_Title_383291,0,0,2,103,False,0,2,2,0,True,True,150,300,300,5000.0,"[7105201,7105202]",False,0,0,0,0,Arres Sarpedon,Proteção de Brilliance,,[]
383292,84,0,16430002,642,4,0,Monster_Name_383292,Monster_Title_383292,0,0,2,103,False,0,2,2,0,True,True,150,600,500,5000.0,"[7105101,7105102]",False,0,0,0,0,Arres Castelo MPF-01,Véu de Ferro,,[]
383301,90,0,10835000,1,1,0,Monster_Name_383301,Monster_Title_383301,0,0,2,102,False,0,0,2,0,True,True,50,70,120,3000.0,"[7017301,7017302]",False,0,0,0,0,Arres Guardião Palid,Proteção do Conselho de Brilhantismo,,[]
383302,90,0,10836000,1,1,0,Monster_Name_383302,Monster_Title_383302,0,0,2,102,False,0,0,2,0,True,True,40,60,120,3000.0,"[7017401,7017402]",False,0,0,0,0,Arres Mentalista Palid,Proteção do Conselho de Brilhantismo,,[]
383303,90,0,10837000,1,1,0,Monster_Name_383303,Monster_Title_383303,0,0,2,102,False,0,0,2,0,True,True,30,40,50,3000.0,[7018101],False,0,0,0,0,Arres Feiticeiro Palid,Proteção do Conselho de Brilhantismo,,[]
383311,90,0,18780000,1,1,0,Monster_Name_383311,Monster_Title_383311,0,0,2,102,False,0,0,2,0,True,True,40,60,200,3000.0,"[7013501,7013502,7013503]",False,0,0,0,0,Arres Recon,Esquadrão Véu de Ferro,,[]
383312,90,0,18790000,1,1,0,Monster_Name_383312,Monster_Title_383312,0,0,2,102,False,0,0,2,0,True,True,40,60,200,3000.0,"[7013601,7013602]",False,0,0,0,0,Arres Striker,Esquadrão Véu de Ferro,,[]
383313,90,0,18800000,1,1,0,Monster_Name_383313,Monster_Title_383313,0,0,2,102,False,0,0,2,0,True,True,40,60,200,3000.0,"[7013701,7013702,7013703]",False,0,0,0,0,Arres Vanguarda,Esquadrão Véu de Ferro,,[]
383321,89,0,10770000,383124,4,0,Monster_Name_383321,Monster_Title_383321,0,0,2,103,False,0,2,2,1,True,True,200,300,500,3000.0,[7022001],False,0,0,0,0,Auto-Torreta,Sistema de Defesa da Instalação de Produção,,[]
383322,3,0,31410000,0,1,0,Monster_Name_383322,,0,0,2,0,False,0,0,2,0,False,False,0,90,90,3000.0,[],False,0,1,0,0,Escudo da Torreta,,,[]
383323,89,0,30940001,0,383123,0,Monster_Name_383323,,0,0,2,102,False,0,0,2,0,True,True,25,30,90,3000.0,[],False,0,0,0,0,Unidade de Potência de Escudo,,,[]
383324,89,0,10770000,383124,4,0,Monster_Name_383324,Monster_Title_383324,0,0,2,103,False,0,2,2,1,True,True,200,300,500,3000.0,[7022001],False,0,0,0,0,Auto-Torreta,Sistema de Defesa da Instalação de Produção,,[]
383325,3,0,31410000,0,1,0,Monster_Name_383325,,0,0,2,0,False,0,0,2,0,False,False,0,90,90,3000.0,[],False,0,1,0,0,Escudo da Torreta,,,[]
383326,89,0,30940001,0,383126,0,Monster_Name_383326,,0,0,2,102,False,0,0,2,0,True,True,25,30,90,3000.0,[],False,0,0,0,0,Unidade de Potência do Escudo,,,[]
383331,89,0,10501001,1,383131,0,Monster_Name_383331,Monster_Title_383131,0,0,2,102,False,0,0,2,0,True,True,40,50,200,3000.0,[7009401],False,0,0,0,0,Arres Alto Reitor,Invocador de Ilusões,,[]
383332,89,0,10040002,1,383132,0,Monster_Name_383332,Monster_Title_383332,0,0,2,102,False,0,0,2,1,True,True,40,50,200,3000.0,[7001201],True,0,0,0,0,Mahr,Ilusão Invocada,,[]
383333,89,0,10041001,1,383133,0,Monster_Name_383333,Monster_Title_383333,0,0,2,102,False,0,0,2,1,True,True,40,80,200,3000.0,"[7001111,7001112]",True,0,0,0,0,Criador Mahr,Ilusão Invocada,,[]
383334,89,0,10810004,1,383134,0,Monster_Name_383334,Monster_Title_383334,0,0,2,102,False,0,0,2,1,True,True,40,60,200,3000.0,"[7012401,7012402]",True,0,0,0,0,Bork de Assalto,Ilusão Invocada,,[]
383335,89,0,10370002,1,383135,0,Monster_Name_383335,Monster_Title_383335,0,0,2,102,False,0,0,2,1,True,True,40,50,200,3000.0,"[7008301,7008302]",True,0,0,0,0,Larva Infernal,Ilusão Invocada,,[]
383336,89,0,10500001,1,383136,0,Monster_Name_383336,Monster_Title_383336,0,0,2,102,False,0,0,2,1,True,True,50,50,200,5000.0,[7003301],True,0,0,0,0,Reitor,Ilusão Invocada,,[]
383341,89,0,10821000,383141,383141,0,Monster_Name_383341,Monster_Title_383341,0,0,2,102,False,0,0,2,1,True,True,40,60,200,3000.0,[],False,0,0,0,0,Arres Guardião da Pedra Sagrada,Rastreador Base,,[]
383342,89,0,31180001,1,1,0,Monster_Name_383342,,0,0,2,0,False,0,0,2,1,False,False,0,90,90,3000.0,[7020801],False,0,1,0,0,Mina Eletrônica,,,[]
383351,89,0,10480051,383151,383151,0,Monster_Name_383351,Monster_Title_383351,0,0,2,102,False,0,0,2,0,True,True,40,90,90,3000.0,[],False,0,0,0,0,Drone Sobrecarregado,Robô de Combate da Instalação de Produção,,[]
383391,90,0,16420002,640,4,0,Monster_Name_383391,Monster_Title_383391,0,0,2,103,False,0,2,2,0,True,True,150,300,300,5000.0,"[7105201,7105202]",False,0,0,0,0,Arres Sarpedon,Proteção de Brilliance,,[]
383392,90,0,16430002,643,4,0,Monster_Name_383392,Monster_Title_383392,0,0,2,103,False,0,2,2,0,True,True,150,600,500,5000.0,"[7105101,7105102]",False,0,0,0,0,Arres Castelo MPF-01,Véu de Ferro,,[]
395101,40,1300000,10220000,1,1,0,Monster_Name_395101,,0,0,2,0,False,0,0,2,0,True,True,40,50,200,3000.0,[7001901],False,0,0,0,0,,,,[477]
395102,40,1300001,10320000,1,1,0,Monster_Name_395102,,0,0,2,0,False,0,0,2,0,True,True,40,50,200,3000.0,"[7009001,7009002,7009003]",False,0,0,0,0,,,,[477]
395103,40,1300002,10813000,1,1,0,Monster_Name_395103,,0,0,2,0,False,0,0,2,0,True,True,40,50,80,3000.0,"[7014901,7014902]",False,0,0,0,0,,,,[477]
395104,40,1300003,10842000,1,1,0,Monster_Name_395104,,0,0,2,0,False,0,0,2,0,True,True,40,40,50,3000.0,[7018301],False,0,0,0,0,,,,[477]
395105,40,1300004,10838000,1,1,0,Monster_Name_395105,,0,0,2,0,False,0,0,2,0,True,True,30,40,40,3000.0,[7017601],False,0,0,0,0,,,,[477]
395106,40,1300005,10814000,1,1,0,Monster_Name_395106,,0,0,2,0,False,0,0,2,0,True,True,40,50,80,3000.0,[7015501],False,0,0,0,0,,,,[477]
395107,40,1300006,10480000,1,1,0,Monster_Name_395107,,0,0,2,0,False,0,0,2,0,True,True,40,50,200,3000.0,[7002901],False,0,0,0,0,,,,[477]
395108,40,1300007,10815000,1,1,0,Monster_Name_395108,,0,0,2,0,False,0,0,2,0,True,True,40,50,100,3000.0,[7015401],False,0,0,0,0,,,,[477]
395109,40,1300008,10832000,1,1,0,Monster_Name_395109,,0,0,2,0,False,0,0,2,0,True,True,60,150,130,3000.0,"[7016101,7016102,7016103]",False,0,0,0,0,,,,[477]
395201,45,1300009,10220000,1,1,0,Monster_Name_395101,,0,0,2,0,False,0,0,2,0,True,True,40,50,200,3000.0,[7001901],False,0,0,0,0,,,,[1077]
395202,45,1300010,10320000,1,1,0,Monster_Name_395102,,0,0,2,0,False,0,0,2,0,True,True,40,50,200,3000.0,"[7009001,7009002,7009003]",False,0,0,0,0,,,,[1077]
395203,45,1300011,10813000,1,1,0,Monster_Name_395103,,0,0,2,0,False,0,0,2,0,True,True,40,50,80,3000.0,"[7014901,7014902]",False,0,0,0,0,,,,[1077]
395204,45,1300012,10842000,1,1,0,Monster_Name_395104,,0,0,2,0,False,0,0,2,0,True,True,40,40,50,3000.0,[7018301],False,0,0,0,0,,,,[1077]
395205,45,1300013,10838000,1,1,0,Monster_Name_395105,,0,0,2,0,False,0,0,2,0,True,True,30,40,40,3000.0,[7017601],False,0,0,0,0,,,,[1077]
395206,45,1300014,10814000,1,1,0,Monster_Name_395106,,0,0,2,0,False,0,0,2,0,True,True,40,50,80,3000.0,[7015501],False,0,0,0,0,,,,[1077]
395207,45,1300015,10480000,1,1,0,Monster_Name_395107,,0,0,2,0,False,0,0,2,0,True,True,40,50,200,3000.0,[7002901],False,0,0,0,0,,,,[1077]
395208,45,1300016,10815000,1,1,0,Monster_Name_395108,,0,0,2,0,False,0,0,2,0,True,True,40,50,100,3000.0,[7015401],False,0,0,0,0,,,,[1077]
395209,45,1300017,10832000,1,1,0,Monster_Name_395109,,0,0,2,0,False,0,0,2,0,True,True,60,150,130,3000.0,"[7016101,7016102,7016103]",False,0,0,0,0,,,,[1077]
395301,50,1300018,10220000,1,1,0,Monster_Name_395101,,0,0,2,0,False,0,0,2,0,True,True,40,50,200,3000.0,[7001901],False,0,0,0,0,,,,[2337]
395302,50,1300019,10320000,1,1,0,Monster_Name_395102,,0,0,2,0,False,0,0,2,0,True,True,40,50,200,3000.0,"[7009001,7009002,7009003]",False,0,0,0,0,,,,[2337]
395303,50,1300020,10813000,1,1,0,Monster_Name_395103,,0,0,2,0,False,0,0,2,0,True,True,40,50,80,3000.0,"[7014901,7014902]",False,0,0,0,0,,,,[2337]
395304,50,1300021,10842000,1,1,0,Monster_Name_395104,,0,0,2,0,False,0,0,2,0,True,True,40,40,50,3000.0,[7018301],False,0,0,0,0,,,,[2337]
395305,50,1300022,10838000,1,1,0,Monster_Name_395105,,0,0,2,0,False,0,0,2,0,True,True,30,40,40,3000.0,[7017601],False,0,0,0,0,,,,[2337]
395306,50,1300023,10814000,1,1,0,Monster_Name_395106,,0,0,2,0,False,0,0,2,0,True,True,40,50,80,3000.0,[7015501],False,0,0,0,0,,,,[2337]
395307,50,1300024,10480000,1,1,0,Monster_Name_395107,,0,0,2,0,False,0,0,2,0,True,True,40,50,200,3000.0,[7002901],False,0,0,0,0,,,,[2337]
395308,50,1300025,10815000,1,1,0,Monster_Name_395108,,0,0,2,0,False,0,0,2,0,True,True,40,50,100,3000.0,[7015401],False,0,0,0,0,,,,[2337]
395309,50,1300026,10832000,1,1,0,Monster_Name_395109,,0,0,2,0,False,0,0,2,0,True,True,60,150,130,3000.0,"[7016101,7016102,7016103]",False,0,0,0,0,,,,[2337]
395401,55,1300027,10220000,1,1,0,Monster_Name_395101,,0,0,2,0,False,0,0,2,0,True,True,40,50,200,3000.0,[7001901],False,0,0,0,0,,,,[3807]
395402,55,1300028,10320000,1,1,0,Monster_Name_395102,,0,0,2,0,False,0,0,2,0,True,True,40,50,200,3000.0,"[7009001,7009002,7009003]",False,0,0,0,0,,,,[3807]
395403,55,1300029,10813000,1,1,0,Monster_Name_395103,,0,0,2,0,False,0,0,2,0,True,True,40,50,80,3000.0,"[7014901,7014902]",False,0,0,0,0,,,,[3807]
395404,55,1300030,10842000,1,1,0,Monster_Name_395104,,0,0,2,0,False,0,0,2,0,True,True,40,40,50,3000.0,[7018301],False,0,0,0,0,,,,[3807]
395405,55,1300031,10838000,1,1,0,Monster_Name_395105,,0,0,2,0,False,0,0,2,0,True,True,30,40,40,3000.0,[7017601],False,0,0,0,0,,,,[3807]
395406,55,1300032,10814000,1,1,0,Monster_Name_395106,,0,0,2,0,False,0,0,2,0,True,True,40,50,80,3000.0,[7015501],False,0,0,0,0,,,,[3807]
395407,55,1300033,10480000,1,1,0,Monster_Name_395107,,0,0,2,0,False,0,0,2,0,True,True,40,50,200,3000.0,[7002901],False,0,0,0,0,,,,[3807]
395408,55,1300034,10815000,1,1,0,Monster_Name_395108,,0,0,2,0,False,0,0,2,0,True,True,40,50,100,3000.0,[7015401],False,0,0,0,0,,,,[3807]
395409,55,1300035,10832000,1,1,0,Monster_Name_395109,,0,0,2,0,False,0,0,2,0,True,True,60,150,130,3000.0,"[7016101,7016102,7016103]",False,0,0,0,0,,,,[3807]
395501,60,1300036,10220000,1,1,0,Monster_Name_395101,,0,0,2,0,False,0,0,2,0,True,True,40,50,200,3000.0,[7001901],False,0,0,0,0,,,,[5307]
395502,60,1300037,10320000,1,1,0,Monster_Name_395102,,0,0,2,0,False,0,0,2,0,True,True,40,50,200,3000.0,"[7009001,7009002,7009003]",False,0,0,0,0,,,,[5307]
395503,60,1300038,10813000,1,1,0,Monster_Name_395103,,0,0,2,0,False,0,0,2,0,True,True,40,50,80,3000.0,"[7014901,7014902]",False,0,0,0,0,,,,[5307]
395504,60,1300039,10842000,1,1,0,Monster_Name_395104,,0,0,2,0,False,0,0,2,0,True,True,40,40,50,3000.0,[7018301],False,0,0,0,0,,,,[5307]
395505,60,1300040,10838000,1,1,0,Monster_Name_395105,,0,0,2,0,False,0,0,2,0,True,True,30,40,40,3000.0,[7017601],False,0,0,0,0,,,,[5307]
395506,60,1300041,10814000,1,1,0,Monster_Name_395106,,0,0,2,0,False,0,0,2,0,True,True,40,50,80,3000.0,[7015501],False,0,0,0,0,,,,[5307]
395507,60,1300042,10480000,1,1,0,Monster_Name_395107,,0,0,2,0,False,0,0,2,0,True,True,40,50,200,3000.0,[7002901],False,0,0,0,0,,,,[5307]
395508,60,1300043,10815000,1,1,0,Monster_Name_395108,,0,0,2,0,False,0,0,2,0,True,True,40,50,100,3000.0,[7015401],False,0,0,0,0,,,,[5307]
395509,60,1300044,10832000,1,1,0,Monster_Name_395109,,0,0,2,0,False,0,0,2,0,True,True,60,150,130,3000.0,"[7016101,7016102,7016103]",False,0,0,0,0,,,,[5307]
395601,65,1300045,10220000,1,1,0,Monster_Name_395101,,0,0,2,0,False,0,0,2,0,True,True,40,50,200,3000.0,[7001901],False,0,0,0,0,,,,[10107]
395602,65,1300046,10320000,1,1,0,Monster_Name_395102,,0,0,2,0,False,0,0,2,0,True,True,40,50,200,3000.0,"[7009001,7009002,7009003]",False,0,0,0,0,,,,[10107]
395603,65,1300047,10813000,1,1,0,Monster_Name_395103,,0,0,2,0,False,0,0,2,0,True,True,40,50,80,3000.0,"[7014901,7014902]",False,0,0,0,0,,,,[10107]
395604,65,1300048,10842000,1,1,0,Monster_Name_395104,,0,0,2,0,False,0,0,2,0,True,True,40,40,50,3000.0,[7018301],False,0,0,0,0,,,,[10107]
395605,65,1300049,10838000,1,1,0,Monster_Name_395105,,0,0,2,0,False,0,0,2,0,True,True,30,40,40,3000.0,[7017601],False,0,0,0,0,,,,[10107]
395606,65,1300050,10814000,1,1,0,Monster_Name_395106,,0,0,2,0,False,0,0,2,0,True,True,40,50,80,3000.0,[7015501],False,0,0,0,0,,,,[10107]
395607,65,1300051,10480000,1,1,0,Monster_Name_395107,,0,0,2,0,False,0,0,2,0,True,True,40,50,200,3000.0,[7002901],False,0,0,0,0,,,,[10107]
395608,65,1300052,10815000,1,1,0,Monster_Name_395108,,0,0,2,0,False,0,0,2,0,True,True,40,50,100,3000.0,[7015401],False,0,0,0,0,,,,[10107]
395609,65,1300053,10832000,1,1,0,Monster_Name_395109,,0,0,2,0,False,0,0,2,0,True,True,60,150,130,3000.0,"[7016101,7016102,7016103]",False,0,0,0,0,,,,[10107]
395701,70,1300054,10220000,1,1,0,Monster_Name_395101,,0,0,2,0,False,0,0,2,0,True,True,40,50,200,3000.0,[7001901],False,0,0,0,0,,,,[19707]
395702,70,1300055,10320000,1,1,0,Monster_Name_395102,,0,0,2,0,False,0,0,2,0,True,True,40,50,200,3000.0,"[7009001,7009002,7009003]",False,0,0,0,0,,,,[19707]
395703,70,1300056,10813000,1,1,0,Monster_Name_395103,,0,0,2,0,False,0,0,2,0,True,True,40,50,80,3000.0,"[7014901,7014902]",False,0,0,0,0,,,,[19707]
395704,70,1300057,10842000,1,1,0,Monster_Name_395104,,0,0,2,0,False,0,0,2,0,True,True,40,40,50,3000.0,[7018301],False,0,0,0,0,,,,[19707]
395705,70,1300058,10838000,1,1,0,Monster_Name_395105,,0,0,2,0,False,0,0,2,0,True,True,30,40,40,3000.0,[7017601],False,0,0,0,0,,,,[19707]
395706,70,1300059,10814000,1,1,0,Monster_Name_395106,,0,0,2,0,False,0,0,2,0,True,True,40,50,80,3000.0,[7015501],False,0,0,0,0,,,,[19707]
395707,70,1300060,10480000,1,1,0,Monster_Name_395107,,0,0,2,0,False,0,0,2,0,True,True,40,50,200,3000.0,[7002901],False,0,0,0,0,,,,[19707]
395708,70,1300061,10815000,1,1,0,Monster_Name_395108,,0,0,2,0,False,0,0,2,0,True,True,40,50,100,3000.0,[7015401],False,0,0,0,0,,,,[19707]
395709,70,1300062,10832000,1,1,0,Monster_Name_395109,,0,0,2,0,False,0,0,2,0,True,True,60,150,130,3000.0,"[7016101,7016102,7016103]",False,0,0,0,0,,,,[19707]
395801,75,1300063,10220000,1,1,0,Monster_Name_395101,,0,0,2,0,False,0,0,2,0,True,True,40,50,200,3000.0,[7001901],False,0,0,0,0,,,,[32607]
395802,75,1300064,10320000,1,1,0,Monster_Name_395102,,0,0,2,0,False,0,0,2,0,True,True,40,50,200,3000.0,"[7009001,7009002,7009003]",False,0,0,0,0,,,,[32607]
395803,75,1300065,10813000,1,1,0,Monster_Name_395103,,0,0,2,0,False,0,0,2,0,True,True,40,50,80,3000.0,"[7014901,7014902]",False,0,0,0,0,,,,[32607]
395804,75,1300066,10842000,1,1,0,Monster_Name_395104,,0,0,2,0,False,0,0,2,0,True,True,40,40,50,3000.0,[7018301],False,0,0,0,0,,,,[32607]
395805,75,1300067,10838000,1,1,0,Monster_Name_395105,,0,0,2,0,False,0,0,2,0,True,True,30,40,40,3000.0,[7017601],False,0,0,0,0,,,,[32607]
395806,75,1300068,10814000,1,1,0,Monster_Name_395106,,0,0,2,0,False,0,0,2,0,True,True,40,50,80,3000.0,[7015501],False,0,0,0,0,,,,[32607]
395807,75,1300069,10480000,1,1,0,Monster_Name_395107,,0,0,2,0,False,0,0,2,0,True,True,40,50,200,3000.0,[7002901],False,0,0,0,0,,,,[32607]
395808,75,1300070,10815000,1,1,0,Monster_Name_395108,,0,0,2,0,False,0,0,2,0,True,True,40,50,100,3000.0,[7015401],False,0,0,0,0,,,,[32607]
395809,75,1300071,10832000,1,1,0,Monster_Name_395109,,0,0,2,0,False,0,0,2,0,True,True,60,150,130,3000.0,"[7016101,7016102,7016103]",False,0,0,0,0,,,,[32607]
395901,80,1300072,10220000,1,1,0,Monster_Name_395101,,0,0,2,0,False,0,0,2,0,True,True,40,50,200,3000.0,[7001901],False,0,0,0,0,,,,[52407]
395902,80,1300073,10320000,1,1,0,Monster_Name_395102,,0,0,2,0,False,0,0,2,0,True,True,40,50,200,3000.0,"[7009001,7009002,7009003]",False,0,0,0,0,,,,[52407]
395903,80,1300074,10813000,1,1,0,Monster_Name_395103,,0,0,2,0,False,0,0,2,0,True,True,40,50,80,3000.0,"[7014901,7014902]",False,0,0,0,0,,,,[52407]
395904,80,1300075,10842000,1,1,0,Monster_Name_395104,,0,0,2,0,False,0,0,2,0,True,True,40,40,50,3000.0,[7018301],False,0,0,0,0,,,,[52407]
395905,80,1300076,10838000,1,1,0,Monster_Name_395105,,0,0,2,0,False,0,0,2,0,True,True,30,40,40,3000.0,[7017601],False,0,0,0,0,,,,[52407]
395906,80,1300077,10814000,1,1,0,Monster_Name_395106,,0,0,2,0,False,0,0,2,0,True,True,40,50,80,3000.0,[7015501],False,0,0,0,0,,,,[52407]
395907,80,1300078,10480000,1,1,0,Monster_Name_395107,,0,0,2,0,False,0,0,2,0,True,True,40,50,200,3000.0,[7002901],False,0,0,0,0,,,,[52407]
395908,80,1300079,10815000,1,1,0,Monster_Name_395108,,0,0,2,0,False,0,0,2,0,True,True,40,50,100,3000.0,[7015401],False,0,0,0,0,,,,[52407]
395909,80,1300080,10832000,1,1,0,Monster_Name_395109,,0,0,2,0,False,0,0,2,0,True,True,60,150,130,3000.0,"[7016101,7016102,7016103]",False,0,0,0,0,,,,[52407]
398001,3,0,10824000,1,1,0,Monster_Name_398001,,0,0,2,0,False,0,0,2,0,True,True,40,80,200,3000.0,"[7014301,7014302]",False,0,0,0,0,G-Box,,,[]
398002,5,0,10810000,1,1,0,Monster_Name_398002,,0,0,2,0,False,0,0,2,0,True,True,40,60,200,3000.0,"[7012401,7012402]",False,0,0,0,0,Bork de Assalto,,,[]
398003,5,0,10811000,1,1,0,Monster_Name_398003,,0,0,2,0,False,0,0,2,0,True,True,40,60,200,3000.0,"[7012501,7012502]",False,0,0,0,0,Bork Laser,,,[]
398004,5,0,10822001,1,1,0,Monster_Name_398004,,0,0,2,0,False,0,0,2,0,True,True,40,70,200,3000.0,[7014101],False,0,0,0,0,Fantasma Sting,,,[]
398005,5,0,10821002,1,1,0,Monster_Name_398005,,0,0,2,0,False,0,0,2,1,True,True,40,100,200,3000.0,"[7014401,7014402,7014403]",False,0,0,0,0,Guardião da Pedra Sagrada,,,[]
398006,3,0,10820000,1,1,0,Monster_Name_398006,,0,0,2,0,False,0,0,2,1,True,True,40,80,200,3000.0,"[7014201,7014202,7014203]",False,0,0,0,0,Buscador da Pedra Sagrada,,,[]
398007,5,0,10819000,1,1,0,Monster_Name_398007,,0,0,2,0,False,0,0,2,1,True,True,40,150,200,3000.0,[7013801],False,0,0,0,0,Purificador da Pedra Sagrada,,,[]
398008,5,0,10823000,1,1,0,Monster_Name_398008,,0,0,2,0,False,0,0,2,0,True,True,40,80,80,3000.0,"[7016401,7016402]",False,0,0,0,0,Fantasma Blindado_Ghost,,,[]
398009,5,0,10823000,1,1,0,Monster_Name_398009,,0,0,2,0,False,0,0,2,0,True,True,40,80,80,3000.0,"[7016401,7016402]",False,0,0,0,0,Fantasma Blindado_Ghost,,,[]
398010,5,0,10823000,1,1,0,Monster_Name_398010,,0,0,2,0,False,0,0,2,0,True,True,40,80,80,3000.0,"[7016401,7016402]",False,0,0,0,0,Fantasma Blindado_Ghost,,,[]
398011,5,0,16320000,330,3,0,Monster_Name_398011,,0,0,2,103,False,0,2,2,0,True,True,150,200,200,3000.0,[7103501],False,0,0,0,0,Espécime 13,,,[]
398021,5,0,18400000,1,1,0,Monster_Name_398021,,0,0,1,0,False,0,0,2,1,True,True,40,50,200,1000.0,[7003001],False,0,1,0,0,Guarda Accretia,,,[]
398022,5,0,17700000,1,1,0,Monster_Name_398022,,0,0,1,0,False,0,0,2,1,True,True,40,80,200,1000.0,[7005301],False,0,0,0,0,Guarda Bellato,,,[]
398023,5,0,18650000,243,1,0,Monster_Name_398023,,0,0,1,0,False,0,0,2,1,True,True,40,100,200,1000.0,"[7011701,7011702]",False,0,0,0,0,Cora Guarda,,,[]
400001,1,0,17380000,0,1,1,NPC_Name_400001,,11,0,1,2,False,1,0,2,0,True,False,40,50,200,3000.0,[],False,0,0,0,0,Comerciante Geral,,,[]
400002,1,0,17600000,0,1,2,NPC_Name_400002,,12,0,1,3,False,2,0,2,0,True,False,40,50,200,3000.0,[],False,0,0,0,0,Comerciante de Equipamentos,,,[]
400003,1,0,17350000,0,1,3,NPC_Name_400003,,13,0,1,4,False,3,0,2,0,True,False,40,50,200,3000.0,[],False,0,0,0,0,Habilidade Comerciante,,,[]
400004,1,0,17380000,0,1,4,NPC_Name_400004,,24,0,1,11,False,0,0,2,0,True,False,40,50,200,3000.0,[],False,0,0,0,0,Comerciante de Conversão de Arma,,,[]
400005,1,0,18100000,0,1,5,NPC_Name_400005,,25,0,1,8,False,5,0,2,0,True,False,40,50,200,3000.0,[],False,0,0,0,0,Mercador da Guilda,,,[]
400006,1,0,17350000,0,1,6,NPC_Name_400006,,18,0,1,9,False,0,0,2,0,True,False,40,50,200,3000.0,[],False,0,0,0,0,Comerciante de Mudança de Aparência,,,[]
400007,1,0,17421000,0,1,7,NPC_Name_400007,,14,0,1,5,False,7,0,2,0,True,False,40,50,200,3000.0,[],False,0,0,0,0,Comerciante de Contribuição Accretia,,,[]
400008,1,0,17421000,0,1,8,NPC_Name_400008,,22,0,1,6,False,6,0,2,0,True,False,40,50,200,3000.0,[],False,0,0,0,0,Comerciante de Contribuição Bellato,,,[]
400009,1,0,17421000,0,1,9,NPC_Name_400009,,30,0,1,7,False,8,0,2,0,True,False,40,50,200,3000.0,[],False,0,0,0,0,Comerciante de Contribuição Cora,,,[]
400010,1,0,17421000,0,1,10,NPC_Name_400010,,15,0,1,10,False,0,0,2,0,True,False,40,50,200,3000.0,[],False,0,0,0,0,Gerente de Armazenamento,,,[]
400011,1,0,17421000,0,1,11,NPC_Name_400011,,20,0,1,10,False,0,0,2,0,True,False,40,50,200,3000.0,[],False,0,0,0,0,Gerente,,,[]
400012,1,0,17800000,0,1,21,NPC_Name_400001,,19,0,1,1,False,99,0,2,0,True,False,40,50,200,3000.0,[],False,0,0,0,0,Comerciante Geral,,,[]
410001,1,0,17900000,0,1,13,NPC_Name_400001,,11,0,1,2,False,1,0,2,0,True,False,40,50,200,3000.0,[],False,0,0,0,0,Comerciante Geral,,,[]
410002,1,0,18000000,0,1,14,NPC_Name_400002,,12,0,1,3,False,2,0,2,0,True,False,40,50,200,3000.0,[],False,0,0,0,0,Comerciante de Equipamentos,,,[]
410003,1,0,18000001,0,1,15,NPC_Name_400003,,13,0,1,4,False,3,0,2,0,True,False,40,50,200,3000.0,[],False,0,0,0,0,Habilidade Comerciante,,,[]
410004,1,0,17900001,0,1,16,NPC_Name_400007,,14,0,1,5,False,7,0,2,0,True,False,40,50,200,3000.0,[],False,0,0,0,0,Comerciante de Contribuição Accretia,,,[]
410005,1,0,17900002,0,1,17,NPC_Name_400010,,15,0,1,10,False,0,0,2,0,True,False,40,50,200,3000.0,[],False,0,0,0,0,Gerente de Armazenamento,,,[]
410006,1,0,18000002,0,1,18,NPC_Name_400004,,16,0,1,11,False,5,0,2,0,True,False,40,50,200,3000.0,[],False,0,0,0,0,Comerciante de Conversão de Arma,,,[]
410007,1,0,17900003,0,1,19,NPC_Name_400005,,17,0,1,8,False,5,0,2,0,True,False,40,50,200,3000.0,[],False,0,0,0,0,Mercador da Guilda,,,[]
410008,1,0,17900004,0,1,20,NPC_Name_400006,,18,0,1,9,False,0,0,2,0,True,False,40,50,200,3000.0,[],False,0,0,0,0,Comerciante de Mudança de Aparência,,,[]
410009,1,0,17420000,0,1,37,NPC_Name_410009,,18,0,1,17,False,0,0,2,0,True,False,40,50,200,3000.0,[],False,0,0,0,0,Oficial Accretia,,,[]
410010,1,0,18930000,0,1,16,NPC_Name_410010,,35,0,1,20,False,4,0,2,0,True,False,40,50,200,3000.0,[],False,0,0,0,0,Mercador Imperial de Moeda de Aventura,,,[]
410011,1,0,17900013,0,1,42,NPC_Name_410011,,38,0,1,25,False,9,0,2,0,True,False,40,50,200,3000.0,[],False,0,0,0,0,Comerciante de Jogo de Guerra,,,[]
410012,1,0,18000052,0,1,46,NPC_Name_410012,,39,0,1,28,False,10,0,2,0,True,False,40,50,200,3000.0,[],False,0,0,0,0,,,,[]
420001,1,0,17800000,0,1,21,NPC_Name_400001,,19,0,1,2,False,1,0,2,0,True,False,40,50,200,3000.0,[],False,0,0,0,0,Comerciante Geral,,,[]
420002,1,0,18000003,0,1,22,NPC_Name_400002,,20,0,1,3,False,2,0,2,0,True,False,40,50,200,3000.0,[],False,0,0,0,0,Comerciante de Equipamentos,,,[]
420003,1,0,18000004,0,1,23,NPC_Name_400003,,21,0,1,4,False,3,0,2,0,True,False,40,50,200,3000.0,[],False,0,0,0,0,Habilidade Comerciante,,,[]
420004,1,0,17900005,0,1,24,NPC_Name_400008,,22,0,1,6,False,6,0,2,0,True,False,40,50,200,3000.0,[],False,0,0,0,0,Comerciante de Contribuição Bellato,,,[]
420005,1,0,17800001,0,1,25,NPC_Name_400010,,23,0,1,10,False,0,0,2,0,True,False,40,50,200,3000.0,[],False,0,0,0,0,Gerente de Armazenamento,,,[]
420006,1,0,18000005,0,1,26,NPC_Name_400004,,24,0,1,11,False,5,0,2,0,True,False,40,50,200,3000.0,[],False,0,0,0,0,Comerciante de Conversão de Arma,,,[]
420007,1,0,18100000,0,1,27,NPC_Name_400005,,25,0,1,8,False,5,0,2,0,True,False,40,50,200,3000.0,[],False,0,0,0,0,Mercador da Guilda,,,[]
420008,1,0,18200000,0,1,28,NPC_Name_400006,,26,0,1,9,False,0,0,2,0,True,False,40,50,200,3000.0,[],False,0,0,0,0,Comerciante de Mudança de Aparência,,,[]
420009,1,0,18750000,0,1,38,NPC_Name_420009,,26,0,1,18,False,0,0,2,0,True,False,40,50,200,3000.0,[],False,0,0,0,0,Oficial Bellato,,,[]
420010,1,0,18940000,0,1,24,NPC_Name_420010,,36,0,1,20,False,4,0,2,0,True,False,40,50,200,3000.0,[],False,0,0,0,0,Comerciante Federal de Moeda de Aventura,,,[]
420011,1,0,18100010,0,1,42,NPC_Name_420011,,40,0,1,25,False,9,0,2,0,True,False,40,50,200,3000.0,[],False,0,0,0,0,Jogo de Guerra Comerciante de Moedas,,,[]
420012,1,0,18000052,0,1,46,NPC_Name_410012,,39,0,1,28,False,10,0,2,0,True,False,40,50,200,3000.0,[],False,0,0,0,0,,,,[]
430001,1,0,17900006,0,1,29,NPC_Name_400001,,27,0,1,2,False,1,0,2,0,True,False,40,50,200,3000.0,[],False,0,0,0,0,Comerciante Geral,,,[]
430002,1,0,18000006,0,1,30,NPC_Name_400002,,28,0,1,3,False,2,0,2,0,True,False,40,50,200,3000.0,[],False,0,0,0,0,Comerciante de Equipamentos,,,[]
430003,1,0,18000007,0,1,31,NPC_Name_400003,,29,0,1,4,False,3,0,2,0,True,False,40,50,200,3000.0,[],False,0,0,0,0,Habilidade Comerciante,,,[]
430004,1,0,17900007,0,1,32,NPC_Name_400009,,30,0,1,7,False,8,0,2,0,True,False,40,50,200,3000.0,[],False,0,0,0,0,Comerciante de Contribuição Cora,,,[]
430005,1,0,17800002,0,1,33,NPC_Name_400010,,31,0,1,10,False,0,0,2,0,True,False,40,50,200,3000.0,[],False,0,0,0,0,Gerente de Armazenamento,,,[]
430006,1,0,18920000,0,1,34,NPC_Name_400004,,32,0,1,11,False,5,0,2,0,True,False,40,50,200,3000.0,[],False,0,0,0,0,Comerciante de Conversão de Arma,,,[]
430007,1,0,17900008,0,1,35,NPC_Name_400005,,33,0,1,8,False,5,0,2,0,True,False,40,50,200,3000.0,[],False,0,0,0,0,Mercador da Guilda,,,[]
430008,1,0,17900009,0,1,36,NPC_Name_400006,,34,0,1,9,False,0,0,2,0,True,False,40,50,200,3000.0,[],False,0,0,0,0,Comerciante de Mudança de Aparência,,,[]
430009,1,0,18680001,0,1,39,NPC_Name_430009,,34,0,1,19,False,0,0,2,0,True,False,40,50,200,3000.0,[],False,0,0,0,0,Oficial Cora,,,[]
430010,1,0,18000008,0,1,32,NPC_Name_430010,,37,0,1,20,False,4,0,2,0,True,False,40,50,200,3000.0,[],False,0,0,0,0,Mercador de Moeda de Aventura da Aliança,,,[]
430011,1,0,17900018,0,1,42,NPC_Name_430011,,41,0,1,25,False,9,0,2,0,True,False,40,50,200,3000.0,[],False,0,0,0,0,Jogo de Guerra Comerciante de Moedas,,,[]
430012,1,0,18000052,0,1,46,NPC_Name_410012,,39,0,1,28,False,10,0,2,0,True,False,40,50,200,3000.0,[],False,0,0,0,0,,,,[]
430099,1,0,18000008,0,1,43,NPC_Name_430010,,37,0,1,26,False,51,0,2,0,True,False,40,50,200,3000.0,[],False,0,0,0,0,Mercador de Moeda de Aventura da Aliança,,,[]
441301,1,0,31200000,0,1,40,NPC_Name_441301,,0,0,1,15,False,0,0,2,0,True,False,30,50,200,3000.0,[],False,0,0,0,0,Raid de Guilda,,,[]
441302,1,0,31200000,0,1,41,NPC_Name_441302,,0,0,1,16,False,0,0,2,0,True,False,30,50,200,3000.0,[],False,0,0,0,0,Habilidade da Guilda,,,[]
441303,1,0,31200000,0,1,44,NPC_Name_441303,,0,0,1,27,False,0,0,2,0,True,False,30,50,200,3000.0,[],False,0,0,0,0,Expedição da Guilda,,,[]
450001,1,0,19065000,0,1,43,NPC_Name_450002,NPC_Title_450002,42,0,1,26,False,51,0,2,0,True,False,30,50,200,3000.0,[],False,0,0,0,0,[Evento] Comerciante de Troca de Gás Sagrado,...,,[]
460001,1,0,19066000,0,1,21,NPC_Name_400001,,11,0,1,2,False,1,0,2,0,True,False,30,50,200,3000.0,[],False,0,0,0,0,Comerciante Geral,,,[]
460002,1,0,19088000,0,1,35,NPC_Name_400005,,33,0,1,8,False,5,0,2,0,True,False,30,50,200,3000.0,[],False,0,0,0,0,Mercador da Guilda,,,[]
460003,1,0,17800001,0,1,17,NPC_Name_400010,,15,0,1,10,False,0,0,2,0,True,False,30,50,200,3000.0,[],False,0,0,0,0,Gerente de Armazenamento,,,[]
460004,1,0,18000005,0,1,47,NPC_Name_400004,,43,0,1,11,False,5,0,2,0,True,False,30,50,200,3000.0,[],False,0,0,0,0,Comerciante de Conversão de Arma,,,[]
460005,1,0,19087000,0,1,48,NPC_Name_400006,,44,0,1,9,False,0,0,2,0,True,False,30,50,200,3000.0,[],False,0,0,0,0,Comerciante de Mudança de Aparência,,,[]
460010,1,0,18930000,0,1,16,NPC_Name_460010,,45,0,1,20,False,4,0,2,0,True,False,40,50,200,3000.0,[],False,0,0,0,0,Comerciante de Moeda de Aventura,,,[]
500000,1,0,30320000,999999,1,1323,Object_Name_500000,,0,0,1,107,False,0,0,2,0,True,False,40,100,180,3000.0,[],False,0,0,0,0,Ponto de Vista,,,[]
500001,1,0,30060000,999999,1,1324,Object_Name_500001,,0,0,1,108,False,0,0,2,0,True,False,40,100,180,3000.0,[],False,0,0,0,0,Cápsula de Tesouro,,,[]
505100,1,0,30320000,999999,1,1323,Object_Name_505100,,0,0,1,107,False,0,0,2,0,True,False,40,100,180,3000.0,[],False,0,0,0,0,Ver: Colônia Saura,,,[]
505101,1,0,30060000,999999,1,1324,Object_Name_500001,,0,0,1,108,False,0,0,2,0,True,False,40,100,180,3000.0,[],False,0,0,0,0,Cápsula de Tesouro,,,[]
505102,1,0,30061000,999999,1,1324,Object_Name_500001,,0,0,1,108,False,0,0,2,0,True,False,40,100,180,3000.0,[],False,0,0,0,0,Cápsula de Tesouro,,,[]
505103,1,0,30061000,999999,1,1324,Object_Name_500001,,0,0,1,108,False,0,0,2,0,True,False,40,100,180,3000.0,[],False,0,0,0,0,Cápsula de Tesouro,,,[]
505104,1,0,30062000,999999,1,1324,Object_Name_500001,,0,0,1,108,False,0,0,2,0,True,False,40,100,180,3000.0,[],False,0,0,0,0,Cápsula de Tesouro,,,[]
505200,1,0,30320000,999999,1,1323,Object_Name_505200,,0,0,1,107,False,0,0,2,0,True,False,40,100,180,3000.0,[],False,0,0,0,0,Ver: Deserto de Ramon,,,[]
505201,1,0,30060000,999999,1,1324,Object_Name_500001,,0,0,1,108,False,0,0,2,0,True,False,40,100,180,3000.0,[],False,0,0,0,0,Cápsula de Tesouro,,,[]
505202,1,0,30061000,999999,1,1324,Object_Name_500001,,0,0,1,108,False,0,0,2,0,True,False,40,100,180,3000.0,[],False,0,0,0,0,Cápsula de Tesouro,,,[]
505203,1,0,30061000,999999,1,1324,Object_Name_500001,,0,0,1,108,False,0,0,2,0,True,False,40,100,180,3000.0,[],False,0,0,0,0,Cápsula de Tesouro,,,[]
505204,1,0,30062000,999999,1,1324,Object_Name_500001,,0,0,1,108,False,0,0,2,0,True,False,40,100,180,3000.0,[],False,0,0,0,0,Cápsula de Tesouro,,,[]
505300,1,0,30320000,999999,1,1323,Object_Name_505300,,0,0,1,107,False,0,0,2,0,True,False,40,100,180,3000.0,[],False,0,0,0,0,Ver: Ermo Rambler,,,[]
505301,1,0,30060000,999999,1,1324,Object_Name_500001,,0,0,1,108,False,0,0,2,0,True,False,40,100,180,3000.0,[],False,0,0,0,0,Cápsula de Tesouro,,,[]
505302,1,0,30061000,999999,1,1324,Object_Name_500001,,0,0,1,108,False,0,0,2,0,True,False,40,100,180,3000.0,[],False,0,0,0,0,Cápsula de Tesouro,,,[]
505303,1,0,30061000,999999,1,1324,Object_Name_500001,,0,0,1,108,False,0,0,2,0,True,False,40,100,180,3000.0,[],False,0,0,0,0,Cápsula de Tesouro,,,[]
505304,1,0,30062000,999999,1,1324,Object_Name_500001,,0,0,1,108,False,0,0,2,0,True,False,40,100,180,3000.0,[],False,0,0,0,0,Cápsula de Tesouro,,,[]
505400,1,0,30320000,999999,1,1323,Object_Name_505400,,0,0,1,107,False,0,0,2,0,True,False,40,100,180,3000.0,[],False,0,0,0,0,Ver: Vale de Skadi,,,[]
505401,1,0,30060000,999999,1,1324,Object_Name_500001,,0,0,1,108,False,0,0,2,0,True,False,40,100,180,3000.0,[],False,0,0,0,0,Cápsula de Tesouro,,,[]
505402,1,0,30061000,999999,1,1324,Object_Name_500001,,0,0,1,108,False,0,0,2,0,True,False,40,100,180,3000.0,[],False,0,0,0,0,Cápsula de Tesouro,,,[]
505403,1,0,30061000,999999,1,1324,Object_Name_500001,,0,0,1,108,False,0,0,2,0,True,False,40,100,180,3000.0,[],False,0,0,0,0,Cápsula de Tesouro,,,[]
505404,1,0,30062000,999999,1,1324,Object_Name_500001,,0,0,1,108,False,0,0,2,0,True,False,40,100,180,3000.0,[],False,0,0,0,0,Cápsula de Tesouro,,,[]
505500,1,0,30320000,999999,1,1323,Object_Name_505500,,0,0,1,107,False,0,0,2,0,True,False,40,100,180,3000.0,[],False,0,0,0,0,Ver: Favelas de Seth,,,[]
505501,1,0,30060000,999999,1,1324,Object_Name_500001,,0,0,1,108,False,0,0,2,0,True,False,40,100,180,3000.0,[],False,0,0,0,0,Cápsula de Tesouro,,,[]
505502,1,0,30061000,999999,1,1324,Object_Name_500001,,0,0,1,108,False,0,0,2,0,True,False,40,100,180,3000.0,[],False,0,0,0,0,Cápsula de Tesouro,,,[]
505503,1,0,30061000,999999,1,1324,Object_Name_500001,,0,0,1,108,False,0,0,2,0,True,False,40,100,180,3000.0,[],False,0,0,0,0,Cápsula de Tesouro,,,[]
505504,1,0,30062000,999999,1,1324,Object_Name_500001,,0,0,1,108,False,0,0,2,0,True,False,40,100,180,3000.0,[],False,0,0,0,0,Cápsula de Tesouro,,,[]
505600,1,0,30320000,999999,1,1323,Object_Name_505600,,0,0,1,107,False,0,0,2,0,True,False,40,100,180,3000.0,[],False,0,0,0,0,Ver: Floresta de Mayazar,,,[]
505601,1,0,30060000,999999,1,1324,Object_Name_500001,,0,0,1,108,False,0,0,2,0,True,False,40,100,180,3000.0,[],False,0,0,0,0,Cápsula de Tesouro,,,[]
505602,1,0,30061000,999999,1,1324,Object_Name_500001,,0,0,1,108,False,0,0,2,0,True,False,40,100,180,3000.0,[],False,0,0,0,0,Cápsula de Tesouro,,,[]
505603,1,0,30061000,999999,1,1324,Object_Name_500001,,0,0,1,108,False,0,0,2,0,True,False,40,100,180,3000.0,[],False,0,0,0,0,Cápsula de Tesouro,,,[]
505604,1,0,30062000,999999,1,1324,Object_Name_500001,,0,0,1,108,False,0,0,2,0,True,False,40,100,180,3000.0,[],False,0,0,0,0,Cápsula de Tesouro,,,[]
505700,1,0,30320000,999999,1,1323,Object_Name_505700,,0,0,1,107,False,0,0,2,0,True,False,40,100,180,3000.0,[],False,0,0,0,0,Ver: Campo de Treinamento de Mayazar,,,[]
505701,1,0,30060000,999999,1,1324,Object_Name_500001,,0,0,1,108,False,0,0,2,0,True,False,40,100,180,3000.0,[],False,0,0,0,0,Cápsula de Tesouro,,,[]
505702,1,0,30061000,999999,1,1324,Object_Name_500001,,0,0,1,108,False,0,0,2,0,True,False,40,100,180,3000.0,[],False,0,0,0,0,Cápsula de Tesouro,,,[]
505703,1,0,30061000,999999,1,1324,Object_Name_500001,,0,0,1,108,False,0,0,2,0,True,False,40,100,180,3000.0,[],False,0,0,0,0,Cápsula de Tesouro,,,[]
505704,1,0,30062000,999999,1,1324,Object_Name_500001,,0,0,1,108,False,0,0,2,0,True,False,40,100,180,3000.0,[],False,0,0,0,0,Cápsula de Tesouro,,,[]
505800,1,0,30320000,999999,1,1323,Object_Name_505800,,0,0,1,107,False,0,0,2,0,True,False,40,100,180,3000.0,[],False,0,0,0,0,Ver: Floresta de Lowed,,,[]
505801,1,0,30060000,999999,1,1324,Object_Name_500001,,0,0,1,108,False,0,0,2,0,True,False,40,100,180,3000.0,[],False,0,0,0,0,Cápsula de Tesouro,,,[]
505802,1,0,30061000,999999,1,1324,Object_Name_500001,,0,0,1,108,False,0,0,2,0,True,False,40,100,180,3000.0,[],False,0,0,0,0,Cápsula de Tesouro,,,[]
505803,1,0,30061000,999999,1,1324,Object_Name_500001,,0,0,1,108,False,0,0,2,0,True,False,40,100,180,3000.0,[],False,0,0,0,0,Cápsula de Tesouro,,,[]
505804,1,0,30062000,999999,1,1324,Object_Name_500001,,0,0,1,108,False,0,0,2,0,True,False,40,100,180,3000.0,[],False,0,0,0,0,Cápsula de Tesouro,,,[]
506000,1,0,30320000,999999,1,1323,Object_Name_506000,,0,0,1,107,False,0,0,2,0,True,False,40,100,180,3000.0,[],False,0,0,0,0,Ver: Floresta Norte de Dorian,,,[]
506001,1,0,30060000,999999,1,1324,Object_Name_500001,,0,0,1,108,False,0,0,2,0,True,False,40,100,180,3000.0,[],False,0,0,0,0,Cápsula de Tesouro,,,[]
506002,1,0,30061000,999999,1,1324,Object_Name_500001,,0,0,1,108,False,0,0,2,0,True,False,40,100,180,3000.0,[],False,0,0,0,0,Cápsula de Tesouro,,,[]
506003,1,0,30061000,999999,1,1324,Object_Name_500001,,0,0,1,108,False,0,0,2,0,True,False,40,100,180,3000.0,[],False,0,0,0,0,Cápsula de Tesouro,,,[]
506004,1,0,30062000,999999,1,1324,Object_Name_500001,,0,0,1,108,False,0,0,2,0,True,False,40,100,180,3000.0,[],False,0,0,0,0,Cápsula de Tesouro,,,[]
506100,1,0,30320000,999999,1,1323,Object_Name_506100,,0,0,1,107,False,0,0,2,0,True,False,40,100,180,3000.0,[],False,0,0,0,0,Ver: Floresta Sul de Dorian,,,[]
506101,1,0,30060000,999999,1,1324,Object_Name_500001,,0,0,1,108,False,0,0,2,0,True,False,40,100,180,3000.0,[],False,0,0,0,0,Cápsula de Tesouro,,,[]
506102,1,0,30061000,999999,1,1324,Object_Name_500001,,0,0,1,108,False,0,0,2,0,True,False,40,100,180,3000.0,[],False,0,0,0,0,Cápsula de Tesouro,,,[]
506103,1,0,30061000,999999,1,1324,Object_Name_500001,,0,0,1,108,False,0,0,2,0,True,False,40,100,180,3000.0,[],False,0,0,0,0,Cápsula de Tesouro,,,[]
506104,1,0,30062000,999999,1,1324,Object_Name_500001,,0,0,1,108,False,0,0,2,0,True,False,40,100,180,3000.0,[],False,0,0,0,0,Cápsula de Tesouro,,,[]
506200,1,0,30320000,999999,1,1323,Object_Name_506200,,0,0,1,107,False,0,0,2,0,True,False,40,100,180,3000.0,[],False,0,0,0,0,Ver: Velha Fronteira,,,[]
506201,1,0,30060000,999999,1,1324,Object_Name_500001,,0,0,1,108,False,0,0,2,0,True,False,40,100,180,3000.0,[],False,0,0,0,0,Cápsula de Tesouro,,,[]
506202,1,0,30061000,999999,1,1324,Object_Name_500001,,0,0,1,108,False,0,0,2,0,True,False,40,100,180,3000.0,[],False,0,0,0,0,Cápsula de Tesouro,,,[]
506203,1,0,30061000,999999,1,1324,Object_Name_500001,,0,0,1,108,False,0,0,2,0,True,False,40,100,180,3000.0,[],False,0,0,0,0,Cápsula de Tesouro,,,[]
506204,1,0,30062000,999999,1,1324,Object_Name_500001,,0,0,1,108,False,0,0,2,0,True,False,40,100,180,3000.0,[],False,0,0,0,0,Cápsula de Tesouro,,,[]
506300,1,0,30320000,999999,1,1323,Object_Name_506300,,0,0,1,107,False,0,0,2,0,True,False,40,100,180,3000.0,[],False,0,0,0,0,Ver: Colina do Pioneiro,,,[]
506301,1,0,30060000,999999,1,1324,Object_Name_500001,,0,0,1,108,False,0,0,2,0,True,False,40,100,180,3000.0,[],False,0,0,0,0,Cápsula de Tesouro,,,[]
506302,1,0,30061000,999999,1,1324,Object_Name_500001,,0,0,1,108,False,0,0,2,0,True,False,40,100,180,3000.0,[],False,0,0,0,0,Cápsula de Tesouro,,,[]
506303,1,0,30061000,999999,1,1324,Object_Name_500001,,0,0,1,108,False,0,0,2,0,True,False,40,100,180,3000.0,[],False,0,0,0,0,Cápsula de Tesouro,,,[]
506304,1,0,30062000,999999,1,1324,Object_Name_500001,,0,0,1,108,False,0,0,2,0,True,False,40,100,180,3000.0,[],False,0,0,0,0,Cápsula de Tesouro,,,[]
506400,1,0,30320000,999999,1,1323,Object_Name_506400,,0,0,1,107,False,0,0,2,0,True,False,40,100,180,3000.0,[],False,0,0,0,0,Ver: Planícies de Spire,,,[]
506401,1,0,30060000,999999,1,1324,Object_Name_500001,,0,0,1,108,False,0,0,2,0,True,False,40,100,180,3000.0,[],False,0,0,0,0,Cápsula de Tesouro,,,[]
506402,1,0,30061000,999999,1,1324,Object_Name_500001,,0,0,1,108,False,0,0,2,0,True,False,40,100,180,3000.0,[],False,0,0,0,0,Cápsula de Tesouro,,,[]
506403,1,0,30061000,999999,1,1324,Object_Name_500001,,0,0,1,108,False,0,0,2,0,True,False,40,100,180,3000.0,[],False,0,0,0,0,Cápsula de Tesouro,,,[]
506404,1,0,30062000,999999,1,1324,Object_Name_500001,,0,0,1,108,False,0,0,2,0,True,False,40,100,180,3000.0,[],False,0,0,0,0,Cápsula de Tesouro,,,[]
506500,1,0,30320000,999999,1,1323,Object_Name_506500,,0,0,1,107,False,0,0,2,0,True,False,40,100,180,3000.0,[],False,0,0,0,0,Ver: Colina do Errante,,,[]
506501,1,0,30060000,999999,1,1324,Object_Name_500001,,0,0,1,108,False,0,0,2,0,True,False,40,100,180,3000.0,[],False,0,0,0,0,Cápsula de Tesouro,,,[]
506502,1,0,30061000,999999,1,1324,Object_Name_500001,,0,0,1,108,False,0,0,2,0,True,False,40,100,180,3000.0,[],False,0,0,0,0,Cápsula de Tesouro,,,[]
506503,1,0,30061000,999999,1,1324,Object_Name_500001,,0,0,1,108,False,0,0,2,0,True,False,40,100,180,3000.0,[],False,0,0,0,0,Cápsula de Tesouro,,,[]
506504,1,0,30062000,999999,1,1324,Object_Name_500001,,0,0,1,108,False,0,0,2,0,True,False,40,100,180,3000.0,[],False,0,0,0,0,Cápsula de Tesouro,,,[]
506600,1,0,30320000,999999,1,1323,Object_Name_506600,,0,0,1,107,False,0,0,2,0,True,False,40,100,180,3000.0,[],False,0,0,0,0,Ver: Floresta dos Exilados,,,[]
506601,1,0,30060000,999999,1,1324,Object_Name_500001,,0,0,1,108,False,0,0,2,0,True,False,40,100,180,3000.0,[],False,0,0,0,0,Cápsula de Tesouro,,,[]
506602,1,0,30061000,999999,1,1324,Object_Name_500001,,0,0,1,108,False,0,0,2,0,True,False,40,100,180,3000.0,[],False,0,0,0,0,Cápsula de Tesouro,,,[]
506603,1,0,30061000,999999,1,1324,Object_Name_500001,,0,0,1,108,False,0,0,2,0,True,False,40,100,180,3000.0,[],False,0,0,0,0,Cápsula de Tesouro,,,[]
506604,1,0,30062000,999999,1,1324,Object_Name_500001,,0,0,1,108,False,0,0,2,0,True,False,40,100,180,3000.0,[],False,0,0,0,0,Cápsula de Tesouro,,,[]
506700,1,0,30320000,999999,1,1323,Object_Name_506700,,0,0,1,107,False,0,0,2,0,True,False,40,100,180,3000.0,[],False,0,0,0,0,Ver: Floresta dos Mortos,,,[]
506701,1,0,30060000,999999,1,1324,Object_Name_500001,,0,0,1,108,False,0,0,2,0,True,False,40,100,180,3000.0,[],False,0,0,0,0,Cápsula de Tesouro,,,[]
506702,1,0,30061000,999999,1,1324,Object_Name_500001,,0,0,1,108,False,0,0,2,0,True,False,40,100,180,3000.0,[],False,0,0,0,0,Cápsula de Tesouro,,,[]
506703,1,0,30061000,999999,1,1324,Object_Name_500001,,0,0,1,108,False,0,0,2,0,True,False,40,100,180,3000.0,[],False,0,0,0,0,Cápsula de Tesouro,,,[]
506704,1,0,30062000,999999,1,1324,Object_Name_500001,,0,0,1,108,False,0,0,2,0,True,False,40,100,180,3000.0,[],False,0,0,0,0,Cápsula de Tesouro,,,[]
506800,1,0,30320000,999999,1,1323,Object_Name_506800,,0,0,1,107,False,0,0,2,0,True,False,40,100,180,3000.0,[],False,0,0,0,0,Ver: Planície Negra,,,[]
506801,1,0,30060000,999999,1,1324,Object_Name_500001,,0,0,1,108,False,0,0,2,0,True,False,40,100,180,3000.0,[],False,0,0,0,0,Cápsula de Tesouro,,,[]
506802,1,0,30061000,999999,1,1324,Object_Name_500001,,0,0,1,108,False,0,0,2,0,True,False,40,100,180,3000.0,[],False,0,0,0,0,Cápsula de Tesouro,,,[]
506803,1,0,30061000,999999,1,1324,Object_Name_500001,,0,0,1,108,False,0,0,2,0,True,False,40,100,180,3000.0,[],False,0,0,0,0,Cápsula de Tesouro,,,[]
506804,1,0,30062000,999999,1,1324,Object_Name_500001,,0,0,1,108,False,0,0,2,0,True,False,40,100,180,3000.0,[],False,0,0,0,0,Cápsula de Tesouro,,,[]
506900,1,0,30320000,999999,1,1323,Object_Name_506900,,0,0,1,107,False,0,0,2,0,True,False,40,100,180,3000.0,[],False,0,0,0,0,Visualizar: Pântano da Névoa,,,[]
506901,1,0,30060000,999999,1,1324,Object_Name_500001,,0,0,1,108,False,0,0,2,0,True,False,40,100,180,3000.0,[],False,0,0,0,0,Cápsula de Tesouro,,,[]
506902,1,0,30061000,999999,1,1324,Object_Name_500001,,0,0,1,108,False,0,0,2,0,True,False,40,100,180,3000.0,[],False,0,0,0,0,Cápsula de Tesouro,,,[]
506903,1,0,30061000,999999,1,1324,Object_Name_500001,,0,0,1,108,False,0,0,2,0,True,False,40,100,180,3000.0,[],False,0,0,0,0,Cápsula de Tesouro,,,[]
506904,1,0,30062000,999999,1,1324,Object_Name_500001,,0,0,1,108,False,0,0,2,0,True,False,40,100,180,3000.0,[],False,0,0,0,0,Cápsula de Tesouro,,,[]
507000,1,0,30320000,999999,1,1323,Object_Name_507000,,0,0,1,107,False,0,0,2,0,True,False,40,100,180,3000.0,[],False,0,0,0,0,Ver: Ilha do Peregrino,,,[]
507001,1,0,30060000,999999,1,1324,Object_Name_500001,,0,0,1,108,False,0,0,2,0,True,False,40,100,180,3000.0,[],False,0,0,0,0,Cápsula de Tesouro,,,[]
507002,1,0,30061000,999999,1,1324,Object_Name_500001,,0,0,1,108,False,0,0,2,0,True,False,40,100,180,3000.0,[],False,0,0,0,0,Cápsula de Tesouro,,,[]
507003,1,0,30061000,999999,1,1324,Object_Name_500001,,0,0,1,108,False,0,0,2,0,True,False,40,100,180,3000.0,[],False,0,0,0,0,Cápsula de Tesouro,,,[]
507004,1,0,30062000,999999,1,1324,Object_Name_500001,,0,0,1,108,False,0,0,2,0,True,False,40,100,180,3000.0,[],False,0,0,0,0,Cápsula de Tesouro,,,[]
507100,1,0,30320000,999999,1,1323,Object_Name_507100,,0,0,1,107,False,0,0,2,0,True,False,40,100,180,3000.0,[],False,0,0,0,0,Ver: Planaltos de Numerus,,,[]
507101,1,0,30060000,999999,1,1324,Object_Name_500001,,0,0,1,108,False,0,0,2,0,True,False,40,100,180,3000.0,[],False,0,0,0,0,Cápsula de Tesouro,,,[]
507102,1,0,30061000,999999,1,1324,Object_Name_500001,,0,0,1,108,False,0,0,2,0,True,False,40,100,180,3000.0,[],False,0,0,0,0,Cápsula de Tesouro,,,[]
507103,1,0,30061000,999999,1,1324,Object_Name_500001,,0,0,1,108,False,0,0,2,0,True,False,40,100,180,3000.0,[],False,0,0,0,0,Cápsula de Tesouro,,,[]
507104,1,0,30062000,999999,1,1324,Object_Name_500001,,0,0,1,108,False,0,0,2,0,True,False,40,100,180,3000.0,[],False,0,0,0,0,Cápsula de Tesouro,,,[]
507200,1,0,30320000,999999,1,1323,Object_Name_507200,,0,0,1,107,False,0,0,2,0,True,False,40,100,180,3000.0,[],False,0,0,0,0,Ver: Templo em Ruínas,,,[]
507201,1,0,30060000,999999,1,1324,Object_Name_500001,,0,0,1,108,False,0,0,2,0,True,False,40,100,180,3000.0,[],False,0,0,0,0,Cápsula de Tesouro,,,[]
507202,1,0,30061000,999999,1,1324,Object_Name_500001,,0,0,1,108,False,0,0,2,0,True,False,40,100,180,3000.0,[],False,0,0,0,0,Cápsula de Tesouro,,,[]
507203,1,0,30061000,999999,1,1324,Object_Name_500001,,0,0,1,108,False,0,0,2,0,True,False,40,100,180,3000.0,[],False,0,0,0,0,Cápsula de Tesouro,,,[]
507204,1,0,30062000,999999,1,1324,Object_Name_500001,,0,0,1,108,False,0,0,2,0,True,False,40,100,180,3000.0,[],False,0,0,0,0,Cápsula de Tesouro,,,[]
507300,1,0,30320000,999999,1,1323,Object_Name_507300,,0,0,1,107,False,0,0,2,0,True,False,40,100,180,3000.0,[],False,0,0,0,0,Ver: Ruínas da Mina de Ghent,,,[]
507301,1,0,30060000,999999,1,1324,Object_Name_500001,,0,0,1,108,False,0,0,2,0,True,False,40,100,180,3000.0,[],False,0,0,0,0,Cápsula de Tesouro,,,[]
507302,1,0,30061000,999999,1,1324,Object_Name_500001,,0,0,1,108,False,0,0,2,0,True,False,40,100,180,3000.0,[],False,0,0,0,0,Cápsula de Tesouro,,,[]
507303,1,0,30061000,999999,1,1324,Object_Name_500001,,0,0,1,108,False,0,0,2,0,True,False,40,100,180,3000.0,[],False,0,0,0,0,Cápsula de Tesouro,,,[]
507304,1,0,30062000,999999,1,1324,Object_Name_500001,,0,0,1,108,False,0,0,2,0,True,False,40,100,180,3000.0,[],False,0,0,0,0,Cápsula de Tesouro,,,[]
507400,1,0,30320000,999999,1,1323,Object_Name_507400,,0,0,1,107,False,0,0,2,0,True,False,40,100,180,3000.0,[],False,0,0,0,0,Visualizar: Terras Submersas de Galio,,,[]
507401,1,0,30060000,999999,1,1324,Object_Name_500001,,0,0,1,108,False,0,0,2,0,True,False,40,100,180,3000.0,[],False,0,0,0,0,Cápsula de Tesouro,,,[]
507402,1,0,30061000,999999,1,1324,Object_Name_500001,,0,0,1,108,False,0,0,2,0,True,False,40,100,180,3000.0,[],False,0,0,0,0,Cápsula de Tesouro,,,[]
507403,1,0,30061000,999999,1,1324,Object_Name_500001,,0,0,1,108,False,0,0,2,0,True,False,40,100,180,3000.0,[],False,0,0,0,0,Cápsula de Tesouro,,,[]
507404,1,0,30062000,999999,1,1324,Object_Name_500001,,0,0,1,108,False,0,0,2,0,True,False,40,100,180,3000.0,[],False,0,0,0,0,Cápsula de Tesouro,,,[]
507500,1,0,30320000,999999,1,1323,Object_Name_507500,,0,0,1,107,False,0,0,2,0,True,False,40,100,180,3000.0,[],False,0,0,0,0,Ver: Colina de Cauldron,,,[]
507501,1,0,30060000,999999,1,1324,Object_Name_500001,,0,0,1,108,False,0,0,2,0,True,False,40,100,180,3000.0,[],False,0,0,0,0,Cápsula de Tesouro,,,[]
507502,1,0,30061000,999999,1,1324,Object_Name_500001,,0,0,1,108,False,0,0,2,0,True,False,40,100,180,3000.0,[],False,0,0,0,0,Cápsula de Tesouro,,,[]
507503,1,0,30061000,999999,1,1324,Object_Name_500001,,0,0,1,108,False,0,0,2,0,True,False,40,100,180,3000.0,[],False,0,0,0,0,Cápsula de Tesouro,,,[]
507504,1,0,30062000,999999,1,1324,Object_Name_500001,,0,0,1,108,False,0,0,2,0,True,False,40,100,180,3000.0,[],False,0,0,0,0,Cápsula de Tesouro,,,[]
507600,1,0,30320000,999999,1,1323,Object_Name_507600,,0,0,1,107,False,0,0,2,0,True,False,40,100,180,3000.0,[],False,0,0,0,0,Ver: Complexo de Pesquisa Anakade,,,[]
507601,1,0,30060000,999999,1,1324,Object_Name_500001,,0,0,1,108,False,0,0,2,0,True,False,40,100,180,3000.0,[],False,0,0,0,0,Cápsula de Tesouro,,,[]
507602,1,0,30061000,999999,1,1324,Object_Name_500001,,0,0,1,108,False,0,0,2,0,True,False,40,100,180,3000.0,[],False,0,0,0,0,Cápsula de Tesouro,,,[]
507603,1,0,30061000,999999,1,1324,Object_Name_500001,,0,0,1,108,False,0,0,2,0,True,False,40,100,180,3000.0,[],False,0,0,0,0,Cápsula de Tesouro,,,[]
507604,1,0,30062000,999999,1,1324,Object_Name_500001,,0,0,1,108,False,0,0,2,0,True,False,40,100,180,3000.0,[],False,0,0,0,0,Cápsula de Tesouro,,,[]
507700,1,0,30320000,999999,1,1323,Object_Name_507700,,0,0,1,107,False,0,0,2,0,True,False,40,100,180,3000.0,[],False,0,0,0,0,Ver: Praça do Grande Templo,,,[]
507701,1,0,30060000,999999,1,1324,Object_Name_500001,,0,0,1,108,False,0,0,2,0,True,False,40,100,180,3000.0,[],False,0,0,0,0,Cápsula de Tesouro,,,[]
507702,1,0,30061000,999999,1,1324,Object_Name_500001,,0,0,1,108,False,0,0,2,0,True,False,40,100,180,3000.0,[],False,0,0,0,0,Cápsula de Tesouro,,,[]
507703,1,0,30061000,999999,1,1324,Object_Name_500001,,0,0,1,108,False,0,0,2,0,True,False,40,100,180,3000.0,[],False,0,0,0,0,Cápsula de Tesouro,,,[]
507704,1,0,30062000,999999,1,1324,Object_Name_500001,,0,0,1,108,False,0,0,2,0,True,False,40,100,180,3000.0,[],False,0,0,0,0,Cápsula de Tesouro,,,[]
507800,1,0,30320000,999999,1,1323,Object_Name_507800,,0,0,1,107,False,0,0,2,0,True,False,40,100,180,3000.0,[],False,0,0,0,0,Ver: Deserto da Morte,,,[]
507801,1,0,30060000,999999,1,1324,Object_Name_500001,,0,0,1,108,False,0,0,2,0,True,False,40,100,180,3000.0,[],False,0,0,0,0,Cápsula de Tesouro,,,[]
507802,1,0,30061000,999999,1,1324,Object_Name_500001,,0,0,1,108,False,0,0,2,0,True,False,40,100,180,3000.0,[],False,0,0,0,0,Cápsula de Tesouro,,,[]
507803,1,0,30061000,999999,1,1324,Object_Name_500001,,0,0,1,108,False,0,0,2,0,True,False,40,100,180,3000.0,[],False,0,0,0,0,Cápsula de Tesouro,,,[]
507804,1,0,30062000,999999,1,1324,Object_Name_500001,,0,0,1,108,False,0,0,2,0,True,False,40,100,180,3000.0,[],False,0,0,0,0,Cápsula de Tesouro,,,[]
507900,1,0,30320000,999999,1,1323,Object_Name_507900,,0,0,1,107,False,0,0,2,0,True,False,40,100,180,3000.0,[],False,0,0,0,0,Ver: Terra do Descanso,,,[]
507901,1,0,30060000,999999,1,1324,Object_Name_500001,,0,0,1,108,False,0,0,2,0,True,False,40,100,180,3000.0,[],False,0,0,0,0,Cápsula de Tesouro,,,[]
507902,1,0,30061000,999999,1,1324,Object_Name_500001,,0,0,1,108,False,0,0,2,0,True,False,40,100,180,3000.0,[],False,0,0,0,0,Cápsula de Tesouro,,,[]
507903,1,0,30061000,999999,1,1324,Object_Name_500001,,0,0,1,108,False,0,0,2,0,True,False,40,100,180,3000.0,[],False,0,0,0,0,Cápsula de Tesouro,,,[]
507904,1,0,30062000,999999,1,1324,Object_Name_500001,,0,0,1,108,False,0,0,2,0,True,False,40,100,180,3000.0,[],False,0,0,0,0,Cápsula de Tesouro,,,[]
508100,1,0,30320000,999999,1,1323,Object_Name_508100,,0,0,1,107,False,0,0,2,0,True,False,40,100,180,3000.0,[],False,0,0,0,0,Ver: Base de Perfuração Byrosa,,,[]
508101,1,0,30060000,999999,1,1324,Object_Name_500001,,0,0,1,108,False,0,0,2,0,True,False,40,100,180,3000.0,[],False,0,0,0,0,Cápsula de Tesouro,,,[]
508102,1,0,30061000,999999,1,1324,Object_Name_500001,,0,0,1,108,False,0,0,2,0,True,False,40,100,180,3000.0,[],False,0,0,0,0,Cápsula de Tesouro,,,[]
508103,1,0,30061000,999999,1,1324,Object_Name_500001,,0,0,1,108,False,0,0,2,0,True,False,40,100,180,3000.0,[],False,0,0,0,0,Cápsula de Tesouro,,,[]
508104,1,0,30062000,999999,1,1324,Object_Name_500001,,0,0,1,108,False,0,0,2,0,True,False,40,100,180,3000.0,[],False,0,0,0,0,Cápsula de Tesouro,,,[]
508200,1,0,30320000,999999,1,1323,Object_Name_508200,,0,0,1,107,False,0,0,2,0,True,False,40,100,180,3000.0,[],False,0,0,0,0,Ver: Vale Esquecido,,,[]
508201,1,0,30060000,999999,1,1324,Object_Name_500001,,0,0,1,108,False,0,0,2,0,True,False,40,100,180,3000.0,[],False,0,0,0,0,Cápsula de Tesouro,,,[]
508202,1,0,30061000,999999,1,1324,Object_Name_500001,,0,0,1,108,False,0,0,2,0,True,False,40,100,180,3000.0,[],False,0,0,0,0,Cápsula de Tesouro,,,[]
508203,1,0,30061000,999999,1,1324,Object_Name_500001,,0,0,1,108,False,0,0,2,0,True,False,40,100,180,3000.0,[],False,0,0,0,0,Cápsula de Tesouro,,,[]
508204,1,0,30062000,999999,1,1324,Object_Name_500001,,0,0,1,108,False,0,0,2,0,True,False,40,100,180,3000.0,[],False,0,0,0,0,Cápsula de Tesouro,,,[]
508300,1,0,30320000,999999,1,1323,Object_Name_508300,,0,0,1,107,False,0,0,2,0,True,False,40,100,180,3000.0,[],False,0,0,0,0,Ver: Colina dos Predadores,,,[]
508301,1,0,30060000,999999,1,1324,Object_Name_500001,,0,0,1,108,False,0,0,2,0,True,False,40,100,180,3000.0,[],False,0,0,0,0,Cápsula de Tesouro,,,[]
508302,1,0,30061000,999999,1,1324,Object_Name_500001,,0,0,1,108,False,0,0,2,0,True,False,40,100,180,3000.0,[],False,0,0,0,0,Cápsula de Tesouro,,,[]
508303,1,0,30061000,999999,1,1324,Object_Name_500001,,0,0,1,108,False,0,0,2,0,True,False,40,100,180,3000.0,[],False,0,0,0,0,Cápsula de Tesouro,,,[]
508304,1,0,30062000,999999,1,1324,Object_Name_500001,,0,0,1,108,False,0,0,2,0,True,False,40,100,180,3000.0,[],False,0,0,0,0,Cápsula de Tesouro,,,[]
508400,1,0,30320000,999999,1,1323,Object_Name_508400,,0,0,1,107,False,0,0,2,0,True,False,40,100,180,3000.0,[],False,0,0,0,0,Ver: Vale Vulcan,,,[]
508401,1,0,30060000,999999,1,1324,Object_Name_500001,,0,0,1,108,False,0,0,2,0,True,False,40,100,180,3000.0,[],False,0,0,0,0,Cápsula de Tesouro,,,[]
508402,1,0,30061000,999999,1,1324,Object_Name_500001,,0,0,1,108,False,0,0,2,0,True,False,40,100,180,3000.0,[],False,0,0,0,0,Cápsula de Tesouro,,,[]
508403,1,0,30061000,999999,1,1324,Object_Name_500001,,0,0,1,108,False,0,0,2,0,True,False,40,100,180,3000.0,[],False,0,0,0,0,Cápsula de Tesouro,,,[]
508404,1,0,30062000,999999,1,1324,Object_Name_500001,,0,0,1,108,False,0,0,2,0,True,False,40,100,180,3000.0,[],False,0,0,0,0,Cápsula de Tesouro,,,[]
508500,1,0,30320000,999999,1,1323,Object_Name_508500,,0,0,1,107,False,0,0,2,0,True,False,40,100,180,3000.0,[],False,0,0,0,0,Visualizar: Ermo de Somora,,,[]
508501,1,0,30060000,999999,1,1324,Object_Name_500001,,0,0,1,108,False,0,0,2,0,True,False,40,100,180,3000.0,[],False,0,0,0,0,Cápsula de Tesouro,,,[]
508502,1,0,30061000,999999,1,1324,Object_Name_500001,,0,0,1,108,False,0,0,2,0,True,False,40,100,180,3000.0,[],False,0,0,0,0,Cápsula de Tesouro,,,[]
508503,1,0,30061000,999999,1,1324,Object_Name_500001,,0,0,1,108,False,0,0,2,0,True,False,40,100,180,3000.0,[],False,0,0,0,0,Cápsula de Tesouro,,,[]
508504,1,0,30062000,999999,1,1324,Object_Name_500001,,0,0,1,108,False,0,0,2,0,True,False,40,100,180,3000.0,[],False,0,0,0,0,Cápsula de Tesouro,,,[]
508600,1,0,30320000,999999,1,1323,Object_Name_508600,,0,0,1,107,False,0,0,2,0,True,False,40,100,180,3000.0,[],False,0,0,0,0,Ver: Portão de Romulus,,,[]
508601,1,0,30060000,999999,1,1324,Object_Name_500001,,0,0,1,108,False,0,0,2,0,True,False,40,100,180,3000.0,[],False,0,0,0,0,Cápsula de Tesouro,,,[]
508602,1,0,30061000,999999,1,1324,Object_Name_500001,,0,0,1,108,False,0,0,2,0,True,False,40,100,180,3000.0,[],False,0,0,0,0,Cápsula de Tesouro,,,[]
508603,1,0,30061000,999999,1,1324,Object_Name_500001,,0,0,1,108,False,0,0,2,0,True,False,40,100,180,3000.0,[],False,0,0,0,0,Cápsula de Tesouro,,,[]
508604,1,0,30062000,999999,1,1324,Object_Name_500001,,0,0,1,108,False,0,0,2,0,True,False,40,100,180,3000.0,[],False,0,0,0,0,Cápsula de Tesouro,,,[]
508700,1,0,30320000,999999,1,1323,Object_Name_508700,,0,0,1,107,False,0,0,2,0,True,False,40,100,180,3000.0,[],False,0,0,0,0,Visualizar: Jardim dos Deuses,,,[]
508701,1,0,30060000,999999,1,1324,Object_Name_500001,,0,0,1,108,False,0,0,2,0,True,False,40,100,180,3000.0,[],False,0,0,0,0,Cápsula de Tesouro,,,[]
508702,1,0,30061000,999999,1,1324,Object_Name_500001,,0,0,1,108,False,0,0,2,0,True,False,40,100,180,3000.0,[],False,0,0,0,0,Cápsula de Tesouro,,,[]
508703,1,0,30061000,999999,1,1324,Object_Name_500001,,0,0,1,108,False,0,0,2,0,True,False,40,100,180,3000.0,[],False,0,0,0,0,Cápsula de Tesouro,,,[]
508704,1,0,30062000,999999,1,1324,Object_Name_500001,,0,0,1,108,False,0,0,2,0,True,False,40,100,180,3000.0,[],False,0,0,0,0,Cápsula de Tesouro,,,[]
508800,1,0,30320000,999999,1,1323,Object_Name_508800,,0,0,1,107,False,0,0,2,0,True,False,40,100,180,3000.0,[],False,0,0,0,0,Ver: Posto Avançado de Lowed,,,[]
508801,1,0,30060000,999999,1,1324,Object_Name_500001,,0,0,1,108,False,0,0,2,0,True,False,40,100,180,3000.0,[],False,0,0,0,0,Cápsula de Tesouro,,,[]
508802,1,0,30061000,999999,1,1324,Object_Name_500001,,0,0,1,108,False,0,0,2,0,True,False,40,100,180,3000.0,[],False,0,0,0,0,Cápsula de Tesouro,,,[]
508803,1,0,30061000,999999,1,1324,Object_Name_500001,,0,0,1,108,False,0,0,2,0,True,False,40,100,180,3000.0,[],False,0,0,0,0,Cápsula de Tesouro,,,[]
508804,1,0,30062000,999999,1,1324,Object_Name_500001,,0,0,1,108,False,0,0,2,0,True,False,40,100,180,3000.0,[],False,0,0,0,0,Cápsula de Tesouro,,,[]
512500,1,0,30320000,999999,1,1323,Object_Name_512500,,0,0,1,107,False,0,0,2,0,True,False,40,100,180,3000.0,[],False,0,0,0,0,Ver: Fábrica de Munições Blackstone,,,[]
512501,1,0,30060000,999999,1,1324,Object_Name_500001,,0,0,1,108,False,0,0,2,0,True,False,40,100,180,3000.0,[],False,0,0,0,0,Cápsula de Tesouro,,,[]
512502,1,0,30061000,999999,1,1324,Object_Name_500001,,0,0,1,108,False,0,0,2,0,True,False,40,100,180,3000.0,[],False,0,0,0,0,Cápsula de Tesouro,,,[]
512503,1,0,30061000,999999,1,1324,Object_Name_500001,,0,0,1,108,False,0,0,2,0,True,False,40,100,180,3000.0,[],False,0,0,0,0,Cápsula de Tesouro,,,[]
512504,1,0,30062000,999999,1,1324,Object_Name_500001,,0,0,1,108,False,0,0,2,0,True,False,40,100,180,3000.0,[],False,0,0,0,0,Cápsula de Tesouro,,,[]
512600,1,0,30320000,999999,1,1323,Object_Name_512600,,0,0,1,107,False,0,0,2,0,True,False,40,100,180,3000.0,[],False,0,0,0,0,Ver: Ferro-Velho de Seth,,,[]
512601,1,0,30060000,999999,1,1324,Object_Name_500001,,0,0,1,108,False,0,0,2,0,True,False,40,100,180,3000.0,[],False,0,0,0,0,Cápsula de Tesouro,,,[]
512602,1,0,30061000,999999,1,1324,Object_Name_500001,,0,0,1,108,False,0,0,2,0,True,False,40,100,180,3000.0,[],False,0,0,0,0,Cápsula de Tesouro,,,[]
512603,1,0,30061000,999999,1,1324,Object_Name_500001,,0,0,1,108,False,0,0,2,0,True,False,40,100,180,3000.0,[],False,0,0,0,0,Cápsula de Tesouro,,,[]
512604,1,0,30062000,999999,1,1324,Object_Name_500001,,0,0,1,108,False,0,0,2,0,True,False,40,100,180,3000.0,[],False,0,0,0,0,Cápsula de Tesouro,,,[]
512800,1,0,30320000,999999,1,1323,Object_Name_512800,,0,0,1,107,False,0,0,2,0,True,False,40,100,180,3000.0,[],False,0,0,0,0,Ver: Ruínas Despedaçadas,,,[]
512801,1,0,30060000,999999,1,1324,Object_Name_500001,,0,0,1,108,False,0,0,2,0,True,False,40,100,180,3000.0,[],False,0,0,0,0,Cápsula de Tesouro,,,[]
512802,1,0,30061000,999999,1,1324,Object_Name_500001,,0,0,1,108,False,0,0,2,0,True,False,40,100,180,3000.0,[],False,0,0,0,0,Cápsula de Tesouro,,,[]
512803,1,0,30061000,999999,1,1324,Object_Name_500001,,0,0,1,108,False,0,0,2,0,True,False,40,100,180,3000.0,[],False,0,0,0,0,Cápsula de Tesouro,,,[]
512804,1,0,30062000,999999,1,1324,Object_Name_500001,,0,0,1,108,False,0,0,2,0,True,False,40,100,180,3000.0,[],False,0,0,0,0,Cápsula de Tesouro,,,[]
512900,1,0,30320000,999999,1,1323,Object_Name_512900,,0,0,1,107,False,0,0,2,0,True,False,40,100,180,3000.0,[],False,0,0,0,0,Ver: Base Horizon,,,[]
512901,1,0,30060000,999999,1,1324,Object_Name_500001,,0,0,1,108,False,0,0,2,0,True,False,40,100,180,3000.0,[],False,0,0,0,0,Cápsula de Tesouro,,,[]
512902,1,0,30061000,999999,1,1324,Object_Name_500001,,0,0,1,108,False,0,0,2,0,True,False,40,100,180,3000.0,[],False,0,0,0,0,Cápsula de Tesouro,,,[]
512903,1,0,30061000,999999,1,1324,Object_Name_500001,,0,0,1,108,False,0,0,2,0,True,False,40,100,180,3000.0,[],False,0,0,0,0,Cápsula de Tesouro,,,[]
512904,1,0,30062000,999999,1,1324,Object_Name_500001,,0,0,1,108,False,0,0,2,0,True,False,40,100,180,3000.0,[],False,0,0,0,0,Cápsula de Tesouro,,,[]
513000,1,0,30320000,999999,1,1323,Object_Name_513000,,0,0,1,107,False,0,0,2,0,True,False,40,100,180,3000.0,[],False,0,0,0,0,Visualizar: Vale dos Gritos,,,[]
513001,1,0,30060000,999999,1,1324,Object_Name_500001,,0,0,1,108,False,0,0,2,0,True,False,40,100,180,3000.0,[],False,0,0,0,0,Cápsula de Tesouro,,,[]
513002,1,0,30061000,999999,1,1324,Object_Name_500001,,0,0,1,108,False,0,0,2,0,True,False,40,100,180,3000.0,[],False,0,0,0,0,Cápsula de Tesouro,,,[]
513003,1,0,30061000,999999,1,1324,Object_Name_500001,,0,0,1,108,False,0,0,2,0,True,False,40,100,180,3000.0,[],False,0,0,0,0,Cápsula de Tesouro,,,[]
513004,1,0,30062000,999999,1,1324,Object_Name_500001,,0,0,1,108,False,0,0,2,0,True,False,40,100,180,3000.0,[],False,0,0,0,0,Cápsula de Tesouro,,,[]
513200,1,0,30320000,999999,1,1323,Object_Name_513200,,0,0,1,107,False,0,0,2,0,True,False,40,100,180,3000.0,[],False,0,0,0,0,Visualizar: Base de Pesquisa Severin,,,[]
513201,1,0,30060000,999999,1,1324,Object_Name_500001,,0,0,1,108,False,0,0,2,0,True,False,40,100,180,3000.0,[],False,0,0,0,0,Cápsula de Tesouro,,,[]
513202,1,0,30061000,999999,1,1324,Object_Name_500001,,0,0,1,108,False,0,0,2,0,True,False,40,100,180,3000.0,[],False,0,0,0,0,Cápsula de Tesouro,,,[]
513203,1,0,30061000,999999,1,1324,Object_Name_500001,,0,0,1,108,False,0,0,2,0,True,False,40,100,180,3000.0,[],False,0,0,0,0,Cápsula de Tesouro,,,[]
513204,1,0,30062000,999999,1,1324,Object_Name_500001,,0,0,1,108,False,0,0,2,0,True,False,40,100,180,3000.0,[],False,0,0,0,0,Cápsula de Tesouro,,,[]
513300,1,0,30320000,999999,1,1323,Object_Name_513300,,0,0,1,107,False,0,0,2,0,True,False,40,100,180,3000.0,[],False,0,0,0,0,Ver: Zona de Quarentena Pumus,,,[]
513301,1,0,30060000,999999,1,1324,Object_Name_500001,,0,0,1,108,False,0,0,2,0,True,False,40,100,180,3000.0,[],False,0,0,0,0,Cápsula de Tesouro,,,[]
513302,1,0,30061000,999999,1,1324,Object_Name_500001,,0,0,1,108,False,0,0,2,0,True,False,40,100,180,3000.0,[],False,0,0,0,0,Cápsula de Tesouro,,,[]
513303,1,0,30061000,999999,1,1324,Object_Name_500001,,0,0,1,108,False,0,0,2,0,True,False,40,100,180,3000.0,[],False,0,0,0,0,Cápsula de Tesouro,,,[]
513304,1,0,30062000,999999,1,1324,Object_Name_500001,,0,0,1,108,False,0,0,2,0,True,False,40,100,180,3000.0,[],False,0,0,0,0,Cápsula de Tesouro,,,[]
513400,1,0,30320000,999999,1,1323,Object_Name_513400,,0,0,1,107,False,0,0,2,0,True,False,40,100,180,3000.0,[],False,0,0,0,0,Ver: Vale Karma,,,[]
513401,1,0,30060000,999999,1,1324,Object_Name_500001,,0,0,1,108,False,0,0,2,0,True,False,40,100,180,3000.0,[],False,0,0,0,0,Cápsula de Tesouro,,,[]
513402,1,0,30061000,999999,1,1324,Object_Name_500001,,0,0,1,108,False,0,0,2,0,True,False,40,100,180,3000.0,[],False,0,0,0,0,Cápsula de Tesouro,,,[]
513403,1,0,30061000,999999,1,1324,Object_Name_500001,,0,0,1,108,False,0,0,2,0,True,False,40,100,180,3000.0,[],False,0,0,0,0,Cápsula de Tesouro,,,[]
513404,1,0,30062000,999999,1,1324,Object_Name_500001,,0,0,1,108,False,0,0,2,0,True,False,40,100,180,3000.0,[],False,0,0,0,0,Cápsula de Tesouro,,,[]
513500,1,0,30320000,999999,1,1323,Object_Name_513500,,0,0,1,107,False,0,0,2,0,True,False,40,100,180,3000.0,[],False,0,0,0,0,Ver: Campo de Mineração Nable,,,[]
513501,1,0,30060000,999999,1,1324,Object_Name_500001,,0,0,1,108,False,0,0,2,0,True,False,40,100,180,3000.0,[],False,0,0,0,0,Cápsula de Tesouro,,,[]
513502,1,0,30061000,999999,1,1324,Object_Name_500001,,0,0,1,108,False,0,0,2,0,True,False,40,100,180,3000.0,[],False,0,0,0,0,Cápsula de Tesouro,,,[]
513503,1,0,30061000,999999,1,1324,Object_Name_500001,,0,0,1,108,False,0,0,2,0,True,False,40,100,180,3000.0,[],False,0,0,0,0,Cápsula de Tesouro,,,[]
513504,1,0,30062000,999999,1,1324,Object_Name_500001,,0,0,1,108,False,0,0,2,0,True,False,40,100,180,3000.0,[],False,0,0,0,0,Cápsula de Tesouro,,,[]
513600,1,0,30320000,999999,1,1323,Object_Name_513600,,0,0,1,107,False,0,0,2,0,True,False,40,100,180,3000.0,[],False,0,0,0,0,Ver: Floresta de Inewt,,,[]
513601,1,0,30060000,999999,1,1324,Object_Name_500001,,0,0,1,108,False,0,0,2,0,True,False,40,100,180,3000.0,[],False,0,0,0,0,Cápsula de Tesouro,,,[]
513602,1,0,30061000,999999,1,1324,Object_Name_500001,,0,0,1,108,False,0,0,2,0,True,False,40,100,180,3000.0,[],False,0,0,0,0,Cápsula de Tesouro,,,[]
513603,1,0,30061000,999999,1,1324,Object_Name_500001,,0,0,1,108,False,0,0,2,0,True,False,40,100,180,3000.0,[],False,0,0,0,0,Cápsula de Tesouro,,,[]
513604,1,0,30062000,999999,1,1324,Object_Name_500001,,0,0,1,108,False,0,0,2,0,True,False,40,100,180,3000.0,[],False,0,0,0,0,Cápsula de Tesouro,,,[]
600001,74,0,16070000,101,3,0,Monster_Name_600001,,0,10,2,105,False,0,2,2,0,True,True,100,220,200,3000.0,[7100008],False,0,0,0,0,Vastus,,,[]
600002,68,0,16050000,332,3,0,Monster_Name_600002,,0,10,2,105,False,0,2,2,0,True,True,40,120,110,3000.0,[7103601],False,0,0,0,0,Locust,,,[]
600003,81,0,16090000,198,3,0,Monster_Name_600003,,0,10,2,105,False,0,2,2,0,True,True,40,120,200,3000.0,[7101801],False,0,0,0,0,Eldrige,,,[]
600004,40,0,16320000,330,3,0,Monster_Name_600004,,0,10,2,105,False,0,2,2,0,True,True,150,200,200,3000.0,[7103501],False,0,0,0,0,Espécime 13,,,[]
600005,42,0,16040000,246,3,0,Monster_Name_600005,,0,10,2,105,False,0,2,2,0,True,True,150,200,200,3000.0,[],False,0,0,0,0,Flor da Corrupção,,,[]
600007,49,0,16060000,248,3,0,Monster_Name_600007,,0,10,2,105,False,0,2,2,0,True,True,150,200,200,3000.0,[7102101],False,0,0,0,0,Foice Enferrujada,,,[]
600008,62,0,16080000,165,3,0,Monster_Name_600008,,0,10,2,105,False,0,2,2,0,True,True,40,300,200,3000.0,[7100301],False,0,0,0,0,Draco Prime,,,[]
600011,36,0,16100000,175,3,0,Monster_Name_600011,,0,10,2,105,False,0,2,2,0,True,True,40,250,200,3000.0,[7100401],False,0,0,0,0,Mecha Yusigula,,,[]
600012,80,0,16110000,187,3,0,Monster_Name_600012,,0,10,2,105,False,0,2,2,0,True,True,40,300,200,3000.0,[7101001],False,0,0,0,0,Grumble Gancho Mecha,,,[]
600013,48,0,16120000,188,3,0,Monster_Name_600013,,0,10,2,105,False,0,2,2,0,True,True,40,300,200,3000.0,[7101101],False,0,0,0,0,Fera Selvagem Mecha,,,[]
600014,50,0,16130000,177,3,0,Monster_Name_600014,,0,10,2,105,False,0,2,2,0,True,True,40,250,200,3000.0,[7100601],False,0,0,0,0,Lunker Mecha,,,[]
600015,52,0,16140000,178,3,0,Monster_Name_600015,,0,10,2,105,False,0,2,2,0,True,True,40,180,200,3000.0,[7100701],False,0,0,0,0,Lagarto Mecha,,,[]
600016,60,0,16150000,176,3,0,Monster_Name_600016,,0,10,2,105,False,0,2,2,0,True,True,40,250,200,3000.0,[7100501],False,0,0,0,0,Temizl Mecha,,,[]
600017,70,0,16160000,189,3,0,Monster_Name_600017,,0,10,2,105,False,0,2,2,0,True,True,40,300,200,3000.0,[7101201],False,0,0,0,0,Pinça Mecha,,,[]
600018,67,0,16170000,190,3,0,Monster_Name_600018,,0,10,2,105,False,0,2,2,0,True,True,40,250,200,3000.0,[7101301],False,0,0,0,0,Larva Infernal Mecha,,,[]
600019,76,0,16180000,191,3,0,Monster_Name_600019,,0,10,2,105,False,0,2,2,0,True,True,40,350,200,3000.0,[7101401],False,0,0,0,0,Fera de Guerra Mecha,,,[]
600020,77,0,16190000,192,3,0,Monster_Name_600020,,0,10,2,105,False,0,2,2,0,True,True,40,200,200,3000.0,[7101501],False,0,0,0,0,Ertelem Mecha,,,[]
600021,79,0,16230000,199,3,0,Monster_Name_600021,,0,10,2,105,False,0,2,2,0,True,True,40,300,200,3000.0,[7102201],False,0,0,0,0,Ravenous Mecha,,,[]
600022,50,0,16250000,201,3,0,Monster_Name_600022,,0,0,2,105,False,0,2,2,0,True,True,40,250,200,3000.0,[7102401],False,0,0,0,0,Lapis Mecha,,,[]
600023,50,0,16260000,202,3,0,Monster_Name_600023,,0,0,2,105,False,0,2,2,0,True,True,100,400,200,3000.0,[7102501],False,0,0,0,0,Nyoka Mecha,,,[]
600024,38,0,16270000,203,3,0,Monster_Name_600024,,0,10,2,105,False,0,2,2,0,True,True,40,300,200,3000.0,[7102601],False,0,0,0,0,Dagan Mecha,,,[]
600025,50,0,16280000,204,3,0,Monster_Name_600025,,0,0,2,105,False,0,2,2,0,True,True,40,300,200,3000.0,[7102701],False,0,0,0,0,Silex Mecha,,,[]
600026,66,0,16290000,338,3,0,Monster_Name_600026,,0,10,2,105,False,0,2,2,0,True,True,40,200,150,3000.0,[7102801],False,0,0,0,0,Tamac Mecha,,,[]
600027,48,0,16240000,200,3,0,Monster_Name_600027,,0,10,2,105,False,0,2,2,0,True,True,40,250,200,3000.0,[7102301],False,0,0,0,0,Larva Óptica Mecha,,,[]
600028,94,0,16430000,544,3,0,Monster_Name_600028,,0,10,2,105,False,0,2,2,0,True,True,150,600,500,5000.0,"[7105101,7105102]",False,0,0,0,0,Castelo MPF-01,,,[]
600029,88,0,16420000,547,3,0,Monster_Name_600029,,0,10,2,105,False,0,2,2,0,True,True,150,300,300,5000.0,"[7105201,7105202]",False,0,0,0,0,Sarpedon,,,[]
600030,100,0,16560000,687,3,0,Monster_Name_600030,,0,10,2,105,False,0,2,2,0,True,True,150,650,500,5000.0,[7106601],False,0,0,0,0,Corruptor de Mecha,,,[]
600031,106,0,16550000,679,3,0,Monster_Name_600031,,0,10,2,105,False,0,2,2,0,True,True,150,600,500,5000.0,"[7106301,7106302]",False,0,0,0,0,Orkus,,,[]
600032,118,0,16583000,952,3,0,Monster_Name_600032,,0,10,2,105,False,0,2,2,0,True,True,40,300,600,5000.0,"[7109001,7109002]",False,0,0,0,0,Sondador,,,[]
600033,123,0,16580000,894,3,0,Monster_Name_600033,,0,10,2,105,False,0,2,2,0,True,True,150,600,700,5000.0,[7108901],False,0,0,0,0,Hydra,,,[]
600201,50,0,16340001,466,3,0,Monster_Name_600201,,0,10,2,105,False,0,2,2,0,True,True,80,300,150,3000.0,"[7103801,7103802,7103803]",False,0,0,0,0,Caminhante Dourado,,,[]
600202,35,0,16340001,466,3,0,Monster_Name_600202,,0,10,2,105,False,0,2,2,0,True,True,80,300,150,3000.0,"[7103801,7103802,7103803]",False,0,0,0,0,Andador Dourado MK2,,,[]
600203,55,0,16340001,466,3,0,Monster_Name_600203,,0,10,2,105,False,0,2,2,0,True,True,80,300,150,3000.0,"[7103801,7103802,7103803]",False,0,0,0,0,Walker Dourado Z,,,[]
600204,35,0,16340001,466,3,0,Monster_Name_600204,,0,10,2,105,False,0,2,2,0,True,True,80,300,150,3000.0,"[7103801,7103802,7103803]",False,0,0,0,0,Caminhante Dourado X,,,[]
600301,70,0,16340003,466,600301,0,Monster_Name_600301,Monster_Title_600301,0,10,2,130,False,0,2,2,0,True,True,80,300,150,5000.0,"[7103801,7103802,7103803]",False,0,0,0,0,Incinerador Rakan,Piratas Rakan,,[]
600302,70,0,16330002,532,600302,0,Monster_Name_600302,Monster_Title_600301,0,10,2,130,False,0,2,2,0,True,True,150,300,300,5000.0,"[7103709,7103710,7103711]",False,0,0,0,0,Triturador Rakan,Piratas Rakan,,[]
600303,70,0,16370001,533,600303,0,Monster_Name_600303,Monster_Title_600301,0,10,2,130,False,0,2,2,0,True,True,150,300,300,5000.0,"[7104601,7104602]",False,0,0,0,0,Titã Rakan,Piratas Rakan,,[]
600304,70,0,16340003,466,600301,0,Monster_Name_600301,Monster_Title_600301,0,10,2,130,False,0,2,2,0,True,True,80,300,150,5000.0,"[7103801,7103802,7103803]",False,0,0,0,0,Incinerador Rakan,Piratas Rakan,,[]
600305,70,0,16330002,532,600302,0,Monster_Name_600302,Monster_Title_600301,0,10,2,130,False,0,2,2,0,True,True,150,300,300,5000.0,"[7103709,7103710,7103711]",False,0,0,0,0,Triturador Rakan,Piratas Rakan,,[]
600306,70,0,16370001,533,600303,0,Monster_Name_600303,Monster_Title_600301,0,10,2,130,False,0,2,2,0,True,True,150,300,300,5000.0,"[7104601,7104602]",False,0,0,0,0,Titã Rakan,Piratas Rakan,,[]
600311,70,7151000,10541002,1,600311,0,Monster_Name_600311,Monster_Title_600301,0,0,2,0,False,0,0,2,0,True,True,40,50,200,3000.0,[7002801],False,0,0,0,0,Atirador Equesian,Piratas Rakan,,[]
600312,70,7151000,10540003,1,600312,0,Monster_Name_600312,Monster_Title_600301,0,0,2,0,False,0,0,2,0,True,True,40,50,200,3000.0,[7002701],False,0,0,0,0,Saqueador Equesian,Piratas Rakan,,[]
600313,70,7151000,10551003,1,600313,0,Monster_Name_600313,Monster_Title_600301,0,0,2,0,False,0,0,2,0,True,True,40,50,200,3000.0,[7006301],False,0,0,0,0,Batedor Crawler,Piratas Rakan,,[]
600314,70,7151000,10550005,1,600314,0,Monster_Name_600314,Monster_Title_600301,0,0,2,0,False,0,0,2,0,True,True,40,50,200,3000.0,"[7006201,7006202]",False,0,0,0,0,Guerreiro Crawler,Piratas Rakan,,[]
600315,70,7151000,10530003,1,600315,0,Monster_Name_600315,Monster_Title_600301,0,0,2,0,False,0,0,2,0,True,True,40,50,200,3000.0,"[7003601,7003602]",False,0,0,0,0,Saqueador Predo,Piratas Rakan,,[]
600316,70,7151000,10531002,1,600316,0,Monster_Name_600316,Monster_Title_600301,0,0,2,0,False,0,0,2,0,True,True,40,50,200,3000.0,[7003501],False,0,0,0,0,Atirador Predo,Piratas Rakan,,[]
600321,70,7151000,10541002,1,600311,0,Monster_Name_600321,Monster_Title_600301,0,0,2,0,False,0,0,2,0,True,True,40,50,200,3000.0,[7002801],False,0,0,0,0,Atirador Equesian,Piratas Rakan,,[]
600322,70,7151000,10540003,1,600312,0,Monster_Name_600322,Monster_Title_600301,0,0,2,0,False,0,0,2,0,True,True,40,50,200,3000.0,[7002701],False,0,0,0,0,Saqueador Equesian,Piratas Rakan,,[]
600323,70,7151000,10551003,1,600313,0,Monster_Name_600323,Monster_Title_600301,0,0,2,0,False,0,0,2,0,True,True,40,50,200,3000.0,[7006301],False,0,0,0,0,Batedor Crawler,Piratas Rakan,,[]
600324,70,7151000,10550005,1,600314,0,Monster_Name_600324,Monster_Title_600301,0,0,2,0,False,0,0,2,0,True,True,40,50,200,3000.0,"[7006201,7006202]",False,0,0,0,0,Guerreiro Crawler,Piratas Rakan,,[]
600325,70,7151000,10530003,1,600315,0,Monster_Name_600325,Monster_Title_600301,0,0,2,0,False,0,0,2,0,True,True,40,50,200,3000.0,"[7003601,7003602]",False,0,0,0,0,Saqueador Predo,Piratas Rakan,,[]
600326,70,7151000,10531002,1,600316,0,Monster_Name_600326,Monster_Title_600301,0,0,2,0,False,0,0,2,0,True,True,40,50,200,3000.0,[7003501],False,0,0,0,0,Atirador Predo,Piratas Rakan,,[]
600331,70,7151000,10541002,1,600311,0,Monster_Name_600331,Monster_Title_600301,0,0,2,0,False,0,0,2,0,True,True,40,50,200,3000.0,[7002801],False,0,0,0,0,Atirador Equesian,Piratas Rakan,,[]
600332,70,7151000,10540003,1,600312,0,Monster_Name_600332,Monster_Title_600301,0,0,2,0,False,0,0,2,0,True,True,40,50,200,3000.0,[7002701],False,0,0,0,0,Saqueador Equesian,Piratas Rakan,,[]
600333,70,7151000,10551003,1,600313,0,Monster_Name_600333,Monster_Title_600301,0,0,2,0,False,0,0,2,0,True,True,40,50,200,3000.0,[7006301],False,0,0,0,0,Batedor Crawler,Piratas Rakan,,[]
600334,70,7151000,10550005,1,600314,0,Monster_Name_600334,Monster_Title_600301,0,0,2,0,False,0,0,2,0,True,True,40,50,200,3000.0,"[7006201,7006202]",False,0,0,0,0,Guerreiro Crawler,Piratas Rakan,,[]
600335,70,7151000,10530003,1,600315,0,Monster_Name_600335,Monster_Title_600301,0,0,2,0,False,0,0,2,0,True,True,40,50,200,3000.0,"[7003601,7003602]",False,0,0,0,0,Saqueador Predo,Piratas Rakan,,[]
600336,70,7151000,10531002,1,600316,0,Monster_Name_600336,Monster_Title_600301,0,0,2,0,False,0,0,2,0,True,True,40,50,200,3000.0,[7003501],False,0,0,0,0,Atirador Predo,Piratas Rakan,,[]
600401,50,0,16100001,701,5,0,Monster_Name_600401,,0,0,2,128,False,0,2,2,0,True,True,40,250,200,3000.0,[7100401],True,0,0,0,0,Projeção Mecha Yusigula,,,[]
600402,50,0,16270002,702,5,0,Monster_Name_600402,,0,0,2,128,False,0,2,2,0,True,True,60,350,200,3000.0,[7102601],True,0,0,0,0,Projeção de Dagan Mecha,,,[]
600403,50,0,16320001,703,5,0,Monster_Name_600403,,0,0,2,128,False,0,2,2,0,True,True,150,200,200,3000.0,[7103501],True,0,0,0,0,Projeção de Espécime 13,,,[]
600404,50,0,16040002,704,5,0,Monster_Name_600404,,0,0,2,128,False,0,2,2,0,True,True,150,200,200,3000.0,[],True,0,0,0,0,Projeção da Flor da Corrupção,,,[]
600405,50,0,16120002,705,5,0,Monster_Name_600405,,0,0,2,128,False,0,2,2,0,True,True,40,300,200,3000.0,[7101101],True,0,0,0,0,Projeção da Fera Selvagem Mecha,,,[]
600406,50,0,16240001,706,5,0,Monster_Name_600406,,0,0,2,128,False,0,2,2,0,True,True,120,300,200,3000.0,[7102301],True,0,0,0,0,Projeção de Larva Óptica Mecha,,,[]
600407,50,0,16060001,707,5,0,Monster_Name_600407,,0,0,2,128,False,0,2,2,0,True,True,150,200,200,3000.0,[7102101],True,0,0,0,0,Projeção de Foice Enferrujada,,,[]
600408,50,0,16130002,708,5,0,Monster_Name_600408,,0,0,2,128,False,0,2,2,0,True,True,40,250,200,3000.0,[7100601],True,0,0,0,0,Projeção de Lunker Mecha,,,[]
600409,52,0,16140002,709,5,0,Monster_Name_600409,,0,0,2,128,False,0,2,2,0,True,True,40,180,200,3000.0,[7100701],True,0,0,0,0,Projeção de Lagarto Mecha,,,[]
600410,60,0,16150002,710,5,0,Monster_Name_600410,,0,0,2,128,False,0,2,2,0,True,True,40,250,200,3000.0,[7100501],True,0,0,0,0,Projeção Temizl Mecha,,,[]
600411,62,0,16080001,711,5,0,Monster_Name_600411,,0,0,2,128,False,0,2,2,0,True,True,40,300,200,3000.0,[7100301],True,0,0,0,0,Projeção de Draco Prime,,,[]
600412,66,0,16290001,712,5,0,Monster_Name_600412,,0,0,2,128,False,0,2,2,0,True,True,230,300,150,3000.0,[7102801],True,0,0,0,0,Projeção Tamac Mecha,,,[]
600413,67,0,16170002,713,5,0,Monster_Name_600413,,0,0,2,128,False,0,2,2,0,True,True,40,250,200,3000.0,[7101301],True,0,0,0,0,Projeção de Larva Infernal Mecha,,,[]
600414,68,0,16050001,714,5,0,Monster_Name_600414,,0,0,2,128,False,0,2,2,0,True,True,40,200,110,3000.0,[7103601],True,0,0,0,0,Projeção Locust,,,[]
600415,70,0,16160003,715,5,0,Monster_Name_600415,,0,0,2,128,False,0,2,2,0,True,True,40,300,200,3000.0,[7101201],True,0,0,0,0,Projeção de Pinça Mecha,,,[]
600416,74,0,16070002,716,5,0,Monster_Name_600416,,0,0,2,128,False,0,2,2,0,True,True,100,220,200,2500.0,[7100008],True,0,0,0,0,Projeção Vastus,,,[]
600417,76,0,16180002,717,5,0,Monster_Name_600417,,0,0,2,128,False,0,2,2,0,True,True,40,350,200,3000.0,[7101401],True,0,0,0,0,Projeção da Fera de Guerra Mecha,,,[]
600418,77,0,16190002,718,5,0,Monster_Name_600418,,0,0,2,128,False,0,2,2,0,True,True,40,200,200,3000.0,[7101501],True,0,0,0,0,Projeção de Ertelem Mecha,,,[]
600419,79,0,16230002,719,5,0,Monster_Name_600419,,0,0,2,128,False,0,2,2,0,True,True,100,350,200,3000.0,[7102201],True,0,0,0,0,Projeção do Ravenous Mecha,,,[]
600420,80,0,16110002,720,5,0,Monster_Name_600420,,0,0,2,128,False,0,2,2,0,True,True,40,300,200,3000.0,[7101001],True,0,0,0,0,Projeção Grumble Gancho Mecha,,,[]
600421,81,0,16090001,721,5,0,Monster_Name_600421,,0,0,2,128,False,0,2,2,0,True,True,40,200,200,3000.0,[7101801],True,0,0,0,0,Projeção Eldrige,,,[]
600422,57,0,16250003,722,5,0,Monster_Name_600422,,0,0,2,128,False,0,2,2,0,True,True,100,300,200,3000.0,[7012201],True,0,0,0,0,Projeção de Lapis Mecha,,,[]
600423,59,0,16280002,723,5,0,Monster_Name_600423,,0,0,2,128,False,0,2,2,0,True,True,100,300,200,3000.0,[7102701],True,0,0,0,0,Projeção de Silex Mecha,,,[]
600424,61,0,16260001,724,5,0,Monster_Name_600424,,0,0,2,128,False,0,2,2,0,True,True,150,350,200,3000.0,[7102501],True,0,0,0,0,Projeção Nyoka Mecha,,,[]
600425,72,0,16330003,725,5,0,Monster_Name_600425,,0,0,2,128,False,0,2,2,0,True,True,150,600,300,5000.0,"[7103709,7103710,7103711]",True,0,0,0,0,Projeção do Esmagador de Estrada,,,[]
600426,74,0,16340004,726,5,0,Monster_Name_600426,,0,0,2,128,False,0,2,2,0,True,True,80,400,150,5000.0,"[7103801,7103802,7103803]",True,0,0,0,0,Projeção de Incinerador,,,[]
600427,76,0,16350002,727,5,0,Monster_Name_600427,,0,0,2,128,False,0,2,2,0,True,True,250,600,400,5000.0,"[7103901,7103903,7103905]",True,0,0,0,0,Projeção de Pisoteio Insano,,,[]
600428,78,0,16360001,728,5,0,Monster_Name_600428,,0,0,2,128,False,0,2,2,0,True,True,200,300,600,5000.0,[7104001],True,0,0,0,0,Projeção do Guardião da Torre,,,[]
600429,94,0,16430001,729,5,0,Monster_Name_600429,,0,0,2,128,False,0,2,2,0,True,True,150,600,500,5000.0,"[7105101,7105102]",True,0,0,0,0,Projeção do Castelo MPF-01,,,[]
600430,88,0,16420001,731,5,0,Monster_Name_600430,,0,0,2,128,False,0,2,2,0,True,True,150,300,300,5000.0,"[7105201,7105202]",True,0,0,0,0,Projeção de Sarpedon,,,[]
600431,94,0,16410002,733,5,0,Monster_Name_600431,,0,0,2,128,False,0,2,2,0,True,True,150,250,400,5000.0,"[7105001,7105002]",True,0,0,0,0,Projeção de Dagon,,,[]
600432,92,0,16370002,736,5,0,Monster_Name_600432,,0,0,2,128,False,0,2,2,0,True,True,150,400,300,5000.0,"[7104601,7104602]",True,0,0,0,0,Projeção de Titã,,,[]
600433,96,0,16440001,768,5,0,Monster_Name_600433,,0,0,2,128,False,0,2,2,0,True,True,150,300,480,5000.0,"[7105301,7105302]",True,0,0,0,0,Projeção de Brontes,,,[]
600434,97,0,16400001,769,5,0,Monster_Name_600434,,0,0,2,128,False,0,2,2,0,True,True,150,300,500,5000.0,"[7104902,7104904]",False,0,0,0,0,Projeção de Xenogeyser,,,[]
600435,98,0,16450002,770,5,0,Monster_Name_600435,,0,0,2,128,False,0,2,2,0,True,True,150,350,500,5000.0,[7105507],False,0,0,0,0,Projeção de Casulo,,,[]
600436,99,0,16460001,771,5,0,Monster_Name_600436,,0,0,2,128,False,0,2,2,0,True,True,150,300,500,5000.0,"[7105601,7105602]",False,0,0,0,0,Projeção Morposi,,,[]
600437,100,0,16470001,772,5,0,Monster_Name_600437,,0,0,2,128,False,0,2,2,0,True,True,150,300,500,5000.0,[7105701],False,0,0,0,0,Projeção de Gigas,,,[]
600438,100,0,16560002,773,5,0,Monster_Name_600438,,0,0,2,128,False,0,2,2,0,True,True,150,650,500,5000.0,[7106601],True,0,0,0,0,Projeção do Corruptor de Mecha,,,[]
600439,106,0,16550001,774,5,0,Monster_Name_600439,,0,0,2,128,False,0,2,2,0,True,True,150,600,500,5000.0,"[7106301,7106302]",True,0,0,0,0,Projeção Orkus,,,[]
600440,102,0,16572001,60040,5,0,Monster_Name_600440,,0,0,2,128,False,0,2,2,0,True,True,150,600,500,5000.0,[7106901],True,0,0,0,0,Projeção do Bombardeiro Louco,,,[]
600441,104,0,16573001,60041,5,0,Monster_Name_600441,,0,0,2,128,False,0,2,2,0,True,True,150,600,500,5000.0,"[7107001,7107002]",True,0,0,0,0,Projeção do Grande Caçador,,,[]
600442,106,0,16571002,60042,5,0,Monster_Name_600442,,0,0,2,128,False,0,2,2,0,True,True,150,600,500,5000.0,[7106700],True,0,0,0,0,Projeção de Vespa Dançante,,,[]
600443,108,0,16570001,60043,5,0,Monster_Name_600443,,0,0,2,128,False,0,2,2,0,True,True,150,600,500,5000.0,[7107101],True,0,0,0,0,Projeção do Sentinela Orbital,,,[]
600444,99,0,16450002,770,5,0,Monster_Name_600435,,0,0,2,128,False,0,2,2,0,True,True,150,350,500,5000.0,[7105507],False,0,0,0,0,Projeção de Casulo,,,[]
600445,101,0,16460001,771,5,0,Monster_Name_600436,,0,0,2,128,False,0,2,2,0,True,True,150,300,500,5000.0,"[7105601,7105602]",False,0,0,0,0,Projeção Morposi,,,[]
600446,103,0,16470001,772,5,0,Monster_Name_600437,,0,0,2,128,False,0,2,2,0,True,True,150,300,500,5000.0,[7105701],False,0,0,0,0,Projeção de Gigas,,,[]
600447,102,0,16520020,600447,5,0,Monster_Name_600447,,0,0,2,128,False,0,2,2,0,True,True,150,300,300,5000.0,"[7106001,7106002]",False,0,0,0,0,Projeção Xenopsíquico,,,[]
600448,118,0,16579001,600448,5,0,Monster_Name_600448,,0,0,2,128,False,0,2,2,0,True,True,250,450,500,5000.0,"[7108701,7108702]",False,0,0,0,0,Projeção Bestia 6,,,[]
600449,112,0,16574002,600449,5,0,Monster_Name_600449,,0,0,2,128,False,0,2,2,0,True,True,250,400,800,5000.0,[7107901],False,0,0,0,0,Projeção Dazrah,,,[]
600450,118,0,16583001,600450,5,0,Monster_Name_600450,,0,0,2,128,False,0,2,2,0,True,True,40,300,600,5000.0,"[7109001,7109002]",False,0,0,0,0,Projeção Sondador,,,[]
600451,123,0,16580001,600451,5,0,Monster_Name_600451,,0,0,2,128,False,0,2,2,0,True,True,150,600,700,5000.0,[7108901],False,0,0,0,0,Projeção de Hydra,,,[]
600501,50,0,10060001,737,6,0,Monster_Name_600501,,0,0,2,129,False,0,0,2,0,True,True,40,80,200,3000.0,[7004901],True,0,0,0,0,Projeção Yusigula,,,[]
600502,50,0,10350001,738,6,0,Monster_Name_600502,,0,0,2,129,False,0,0,2,0,True,True,40,50,200,3000.0,"[7005701,7005702]",True,0,0,0,0,Projeção Dagan,,,[]
600503,50,0,10010005,739,6,0,Monster_Name_600503,,0,0,2,129,False,0,0,2,0,True,True,40,100,200,3000.0,[7000101],True,0,0,0,0,Projeção de Estilhaçador,,,[]
600504,50,0,10040001,740,6,0,Monster_Name_600504,,0,0,2,129,False,0,0,2,0,True,True,40,50,200,3000.0,[7001201],True,0,0,0,0,Projeção Mahr,,,[]
600505,50,0,10270002,741,6,0,Monster_Name_600505,,0,0,2,129,False,0,0,2,0,True,True,40,100,200,3000.0,[7009201],True,0,0,0,0,Projeção de Fera Selvagem,,,[]
600506,50,0,10360002,742,6,0,Monster_Name_600506,,0,0,2,129,False,0,0,2,0,True,True,40,50,200,3000.0,[7004201],True,0,0,0,0,Projeção de Larva Óptica,,,[]
600507,50,0,10310005,743,6,0,Monster_Name_600507,,0,0,2,129,False,0,0,2,0,True,True,40,130,200,3000.0,"[7005801,7005802]",True,0,0,0,0,Projeção Brutal,,,[]
600508,50,0,10160002,744,6,0,Monster_Name_600508,,0,0,2,129,False,0,0,2,0,True,True,40,50,200,3000.0,[7000901],True,0,0,0,0,Projeção Lunker,,,[]
600509,52,0,10290005,745,6,0,Monster_Name_600509,,0,0,2,129,False,0,0,2,0,True,True,40,80,200,3000.0,"[7004101,7004102]",True,0,0,0,0,Projeção de Lagarto,,,[]
600510,60,0,10210003,746,6,0,Monster_Name_600510,,0,0,2,129,False,0,0,2,0,True,True,40,80,200,3000.0,[7005001],True,0,0,0,0,Projeção Temizl,,,[]
600511,62,0,10430003,747,6,0,Monster_Name_600511,,0,0,2,129,False,0,0,2,0,True,True,40,50,200,3000.0,[7008601],True,0,0,0,0,Projeção de Draco Infernal,,,[]
600512,66,0,10110001,748,6,0,Monster_Name_600512,,0,0,2,129,False,0,0,2,0,True,True,40,120,200,3000.0,[7008701],True,0,0,0,0,Projeção Tamac,,,[]
600513,67,0,10370001,749,6,0,Monster_Name_600513,,0,0,2,129,False,0,0,2,0,True,True,40,50,200,3000.0,"[7008301,7008302]",True,0,0,0,0,Projeção de Larva Infernal,,,[]
600514,68,0,10540004,750,6,0,Monster_Name_600514,,0,0,2,129,False,0,0,2,0,True,True,40,50,200,3000.0,[7002701],True,0,0,0,0,Projeção de Saqueador Equesian,,,[]
600515,70,0,10300003,751,6,0,Monster_Name_600515,,0,0,2,129,False,0,0,2,0,True,True,40,80,200,3000.0,"[7004301,7004302]",True,0,0,0,0,Projeção de Pinça,,,[]
600516,74,0,10200003,752,6,0,Monster_Name_600516,,0,0,2,129,False,0,0,2,0,True,True,50,120,200,3000.0,[7000801],True,0,0,0,0,Projeção de Clod,,,[]
600517,76,0,10260003,753,6,0,Monster_Name_600517,,0,0,2,129,False,0,0,2,0,True,True,40,80,200,3000.0,[7004401],True,0,0,0,0,Projeção de Fera de Guerra,,,[]
600518,77,0,10100003,754,6,0,Monster_Name_600518,,0,0,2,129,False,0,0,2,0,True,True,40,50,200,3000.0,[7005101],True,0,0,0,0,Projeção Ertelem,,,[]
600519,79,0,10120003,755,6,0,Monster_Name_600519,,0,0,2,129,False,0,0,2,0,True,True,40,80,200,3000.0,"[7007701,7007702]",True,0,0,0,0,Projeção do Devorador,,,[]
600520,80,0,10030002,756,6,0,Monster_Name_600520,,0,0,2,129,False,0,0,2,0,True,True,40,80,200,3000.0,[7000701],True,0,0,0,0,Projeção Grumble,,,[]
600521,81,0,10550006,757,6,0,Monster_Name_600521,,0,0,2,129,False,0,0,2,0,True,True,40,50,200,3000.0,"[7006201,7006202]",True,0,0,0,0,Projeção de Guerreiro Crawler,,,[]
600522,57,0,10450003,758,6,0,Monster_Name_600522,,0,0,2,129,False,0,0,2,0,True,True,40,100,200,3000.0,[7012201],True,0,0,0,0,Projeção de Lápis,,,[]
600523,59,0,10080004,759,6,0,Monster_Name_600523,,0,0,2,129,False,0,0,2,0,True,True,40,80,200,3000.0,[7005601],True,0,0,0,0,Projeção de Silex,,,[]
600524,61,0,10070002,760,6,0,Monster_Name_600524,,0,0,2,129,False,0,0,2,0,True,True,80,80,200,3000.0,[7007801],True,0,0,0,0,Projeção Nyoka,,,[]
600525,72,0,10824001,761,6,0,Monster_Name_600525,,0,0,2,129,False,0,0,2,0,True,True,30,40,200,3000.0,"[7014301,7014302]",True,0,0,0,0,Projeção Gbox,,,[]
600526,74,0,10410003,762,6,0,Monster_Name_600526,,0,0,2,129,False,0,0,2,0,True,True,40,50,200,3000.0,[7008201],True,0,0,0,0,Projeção Passer Alpha,,,[]
600527,76,0,10842005,763,6,0,Monster_Name_600527,,0,0,2,129,False,0,0,2,0,True,True,40,40,50,3000.0,[7018301],True,0,0,0,0,Projeção Pathfinder,,,[]
600528,78,0,10849001,764,6,0,Monster_Name_600528,,0,0,2,129,False,0,0,2,0,True,True,40,90,90,3000.0,[7019301],True,0,0,0,0,Projeção de Anciles,,,[]
600529,94,0,10410003,762,6,0,Monster_Name_600529,,0,0,2,129,False,0,0,2,0,True,True,40,50,200,3000.0,[7008201],True,0,0,0,0,Projeção Passer Alpha,,,[]
600530,88,0,10837001,765,6,0,Monster_Name_600530,,0,0,2,129,False,0,0,2,0,True,True,40,60,120,3000.0,[7018101],True,0,0,0,0,Projeção do Feiticeiro Palid,,,[]
600531,94,0,10350001,738,6,0,Monster_Name_600531,,0,0,2,129,False,0,0,2,0,True,True,40,50,200,3000.0,"[7005701,7005702]",True,0,0,0,0,Projeção Dagan,,,[]
600532,92,0,10832004,766,6,0,Monster_Name_600532,,0,0,2,129,False,0,0,2,0,True,True,60,150,130,3000.0,"[7016101,7016102,7016103]",True,0,0,0,0,Projeção do Portuário Lydian,,,[]
600533,96,0,10831004,767,6,0,Monster_Name_600533,,0,0,2,129,False,0,0,2,0,True,True,40,80,140,3000.0,"[7015801,7015802,7015803,7015804]",True,0,0,0,0,Projeção Junker,,,[]
600534,98,0,10846004,1,6,0,Monster_Name_600534,,0,0,2,129,False,0,0,2,0,True,True,40,120,120,3000.0,"[7018901,7018902,7018903]",False,0,0,0,0,Projeção do Uivador do Nether,,,[]
600535,98,0,10960001,1,6,0,Monster_Name_600535,,0,0,2,129,False,0,0,2,0,True,True,40,120,200,3000.0,[7020901],True,0,0,0,0,Projeção do Regenerador Carmesim,,,[]
600536,98,0,10970001,1,6,0,Monster_Name_600536,,0,0,2,129,False,0,0,2,0,True,True,40,120,200,3000.0,[7020701],True,0,0,0,0,Projeção do Arremessador Carmesim,,,[]
600537,98,0,10980001,1,6,0,Monster_Name_600537,,0,0,2,129,False,0,0,2,0,True,True,40,120,200,3000.0,"[7021001,7021002]",True,0,0,0,0,Projeção do Cão Carmesim,,,[]
600538,98,0,11030001,1,6,0,Monster_Name_600538,,0,0,2,129,False,0,0,2,0,True,True,40,120,200,3000.0,"[7021501,7021502,7021503]",True,0,0,0,0,Projeção Skorm Skarz,,,[]
600539,98,0,11040001,1,6,0,Monster_Name_600539,,0,0,2,129,False,0,0,2,0,True,True,40,120,200,3000.0,"[7021601,7021602]",True,0,0,0,0,Projeção de Presa de Skorm,,,[]
600540,99,0,10843002,1,6,0,Monster_Name_600540,,0,0,2,129,False,0,0,2,0,True,True,40,40,80,3000.0,[7018201],True,0,0,0,0,Projeção de Mula Armada,,,[]
600541,99,0,10834002,1,6,0,Monster_Name_600541,,0,0,2,129,False,0,0,2,0,True,True,30,40,50,3000.0,"[7016301,7016302]",True,0,0,0,0,Projeção de Médico Lydian,,,[]
600542,99,0,10812002,1,6,0,Monster_Name_600542,,0,0,2,129,False,0,0,2,0,True,True,40,50,200,3000.0,"[7013101,7013102]",True,0,0,0,0,Projeção de Bork de Controle de Combate,,,[]
600543,99,0,10811002,1,6,0,Monster_Name_600543,,0,0,2,129,False,0,0,2,0,True,True,40,60,200,3000.0,"[7012501,7012502]",True,0,0,0,0,Projeção de Bork Laser,,,[]
600544,106,0,10960001,1,6,0,Monster_Name_600535,,0,0,2,129,False,0,0,2,0,True,True,40,120,200,3000.0,[7020901],True,0,0,0,0,Projeção do Regenerador Carmesim,,,[]
600545,106,0,10970001,1,6,0,Monster_Name_600536,,0,0,2,129,False,0,0,2,0,True,True,40,120,200,3000.0,[7020701],True,0,0,0,0,Projeção do Arremessador Carmesim,,,[]
600546,106,0,10980001,1,6,0,Monster_Name_600537,,0,0,2,129,False,0,0,2,0,True,True,40,120,200,3000.0,"[7021001,7021002]",True,0,0,0,0,Projeção do Cão Carmesim,,,[]
600547,106,0,10844003,1,6,0,Monster_Name_600547,,0,0,2,129,False,0,0,2,0,True,True,40,50,120,3000.0,"[7019101,7019102,7019103]",True,0,0,0,0,Projeção do Guerreiro Nether,,,[]
600548,106,0,10845003,1,6,0,Monster_Name_600548,,0,0,2,129,False,0,0,2,0,True,True,40,50,120,3000.0,[7019001],True,0,0,0,0,Projeção de Sentinela Nether,,,[]
600549,106,0,10850051,1,6,0,Monster_Name_600549,,0,0,2,129,False,0,0,2,0,True,True,40,90,90,3000.0,"[7019501,7019502,7019503]",True,0,0,0,0,Projeção de Thanat,,,[]
600550,110,0,11122001,1,6,0,Monster_Name_600550,,0,0,2,129,False,0,0,2,0,True,True,40,80,150,3000.0,"[7022701,7022702]",True,0,0,0,0,Projeção Hyburn Baria,,,[]
600551,110,0,11124001,1,6,0,Monster_Name_600551,,0,0,2,129,False,0,0,2,0,True,True,40,80,200,3000.0,[7022901],True,0,0,0,0,Projeção Hyburn Nepa,,,[]
600601,96,0,16100001,701,5,0,Monster_Name_600601,,0,0,2,128,False,0,2,2,0,True,True,40,250,200,3000.0,[7100401],True,0,0,0,0,Ilusão de Mecha Yusigula,,,[]
600602,96,0,16270002,702,5,0,Monster_Name_600602,,0,0,2,128,False,0,2,2,0,True,True,60,350,200,3000.0,[7102601],True,0,0,0,0,Ilusão de Dagan Mecha,,,[]
600603,96,0,16320001,703,5,0,Monster_Name_600603,,0,0,2,128,False,0,2,2,0,True,True,150,200,200,3000.0,[7103501],True,0,0,0,0,Ilusão de Espécime 13,,,[]
600604,96,0,16040002,704,5,0,Monster_Name_600604,,0,0,2,128,False,0,2,2,0,True,True,150,200,200,3000.0,[],True,0,0,0,0,Ilusão da Flor da Corrupção,,,[]
600605,96,0,16120002,705,5,0,Monster_Name_600605,,0,0,2,128,False,0,2,2,0,True,True,40,300,200,3000.0,[7101101],True,0,0,0,0,Ilusão de Fera Selvagem Mecha,,,[]
600606,96,0,16240001,706,5,0,Monster_Name_600606,,0,0,2,128,False,0,2,2,0,True,True,120,300,200,3000.0,[7102301],True,0,0,0,0,Ilusão de Larva Óptica Mecha,,,[]
600607,96,0,16060001,707,5,0,Monster_Name_600607,,0,0,2,128,False,0,2,2,0,True,True,150,200,200,3000.0,[7102101],True,0,0,0,0,Ilusão de Foice Enferrujada,,,[]
600608,96,0,16130002,708,5,0,Monster_Name_600608,,0,0,2,128,False,0,2,2,0,True,True,40,250,200,3000.0,[7100601],True,0,0,0,0,Ilusão de Lunker Mecha,,,[]
600609,96,0,16140002,709,5,0,Monster_Name_600609,,0,0,2,128,False,0,2,2,0,True,True,40,180,200,3000.0,[7100701],True,0,0,0,0,Ilusão de Lagarto Mecha,,,[]
600610,96,0,16150002,710,5,0,Monster_Name_600610,,0,0,2,128,False,0,2,2,0,True,True,40,250,200,3000.0,[7100501],True,0,0,0,0,Ilusão de Temizl Mecha,,,[]
600611,96,0,16080001,711,5,0,Monster_Name_600611,,0,0,2,128,False,0,2,2,0,True,True,40,300,200,3000.0,[7100301],True,0,0,0,0,Ilusão de Draco Prime,,,[]
600612,96,0,16290001,712,5,0,Monster_Name_600612,,0,0,2,128,False,0,2,2,0,True,True,230,300,150,3000.0,[7102801],True,0,0,0,0,Ilusão de Tamac Mecha,,,[]
600613,96,0,16170002,713,5,0,Monster_Name_600613,,0,0,2,128,False,0,2,2,0,True,True,40,250,200,3000.0,[7101301],True,0,0,0,0,Ilusão de Larva Infernal Mecha,,,[]
600614,96,0,16050001,714,5,0,Monster_Name_600614,,0,0,2,128,False,0,2,2,0,True,True,40,200,110,3000.0,[7103601],True,0,0,0,0,Ilusão de Locust,,,[]
600615,96,0,16160003,715,5,0,Monster_Name_600615,,0,0,2,128,False,0,2,2,0,True,True,40,300,200,3000.0,[7101201],True,0,0,0,0,Ilusão de Pinça Mecha,,,[]
600616,96,0,16070002,716,5,0,Monster_Name_600616,,0,0,2,128,False,0,2,2,0,True,True,100,220,200,2500.0,[7100008],True,0,0,0,0,Ilusão de Vastus,,,[]
600617,96,0,16180002,717,5,0,Monster_Name_600617,,0,0,2,128,False,0,2,2,0,True,True,40,350,200,3000.0,[7101401],True,0,0,0,0,Ilusão de Fera de Guerra Mecha,,,[]
600618,96,0,16190002,718,5,0,Monster_Name_600618,,0,0,2,128,False,0,2,2,0,True,True,40,200,200,3000.0,[7101501],True,0,0,0,0,Ilusão de Ertelem Mecha,,,[]
600619,96,0,16230002,719,5,0,Monster_Name_600619,,0,0,2,128,False,0,2,2,0,True,True,100,350,200,3000.0,[7102201],True,0,0,0,0,Ilusão do Ravenous Mecha,,,[]
600620,96,0,16110002,720,5,0,Monster_Name_600620,,0,0,2,128,False,0,2,2,0,True,True,40,300,200,3000.0,[7101001],True,0,0,0,0,Ilusão de Grumble Gancho Mecha,,,[]
600621,96,0,16090001,721,5,0,Monster_Name_600621,,0,0,2,128,False,0,2,2,0,True,True,40,200,200,3000.0,[7101801],True,0,0,0,0,Ilusão de Eldrige,,,[]
600622,96,0,16250003,722,5,0,Monster_Name_600622,,0,0,2,128,False,0,2,2,0,True,True,100,300,200,3000.0,[7012201],True,0,0,0,0,Ilusão de Lapis Mecha,,,[]
600623,96,0,16280002,723,5,0,Monster_Name_600623,,0,0,2,128,False,0,2,2,0,True,True,100,300,200,3000.0,[7102701],True,0,0,0,0,Ilusão de Silex Mecha,,,[]
600624,96,0,16260001,724,5,0,Monster_Name_600624,,0,0,2,128,False,0,2,2,0,True,True,150,350,200,3000.0,[7102501],True,0,0,0,0,Ilusão de Nyoka Mecha,,,[]
600625,96,0,16330003,725,5,0,Monster_Name_600625,,0,0,2,128,False,0,2,2,0,True,True,150,600,300,5000.0,"[7103709,7103710,7103711]",True,0,0,0,0,Esmagador de Estrada Ilusão,,,[]
600626,96,0,16340004,726,5,0,Monster_Name_600626,,0,0,2,128,False,0,2,2,0,True,True,80,400,150,5000.0,"[7103801,7103802,7103803]",True,0,0,0,0,Ilusão do Incinerador,,,[]
600627,96,0,16350002,727,5,0,Monster_Name_600627,,0,0,2,128,False,0,2,2,0,True,True,250,600,400,5000.0,"[7103901,7103903,7103905]",True,0,0,0,0,Ilusão de Pisoteio Insano,,,[]
600628,96,0,16360001,728,5,0,Monster_Name_600628,,0,0,2,128,False,0,2,2,0,True,True,200,300,600,5000.0,[7104001],True,0,0,0,0,Ilusão do Guardião da Torre,,,[]
600629,96,0,16430001,729,5,0,Monster_Name_600629,,0,0,2,128,False,0,2,2,0,True,True,150,600,500,5000.0,"[7105101,7105102]",True,0,0,0,0,Ilusão do Castelo MPF-01,,,[]
600630,96,0,16420001,731,5,0,Monster_Name_600630,,0,0,2,128,False,0,2,2,0,True,True,150,300,300,5000.0,"[7105201,7105202]",True,0,0,0,0,Ilusão de Sarpedon,,,[]
600631,96,0,16410002,733,5,0,Monster_Name_600631,,0,0,2,128,False,0,2,2,0,True,True,150,250,400,5000.0,"[7105001,7105002]",True,0,0,0,0,Ilusão de Dagon,,,[]
600632,96,0,16370002,736,5,0,Monster_Name_600632,,0,0,2,128,False,0,2,2,0,True,True,150,400,300,5000.0,"[7104601,7104602]",True,0,0,0,0,Ilusão de Titã,,,[]
600633,96,0,16440001,768,5,0,Monster_Name_600633,,0,0,2,128,False,0,2,2,0,True,True,150,300,480,5000.0,"[7105301,7105302]",True,0,0,0,0,Ilusão de Brontes,,,[]
600634,86,0,16400001,769,5,0,Monster_Name_600634,,0,0,2,128,False,0,2,2,0,True,True,150,300,500,5000.0,"[7104902,7104904]",False,0,1,0,0,Ilusão de Xenogeyser,,,[]
600635,93,0,16450002,770,5,0,Monster_Name_600635,,0,0,2,128,False,0,2,2,0,True,True,150,350,500,5000.0,[7105507],False,0,0,0,0,Ilusão de Casulo,,,[]
600636,95,0,16460001,771,5,0,Monster_Name_600636,,0,0,2,128,False,0,2,2,0,True,True,150,300,500,5000.0,"[7105601,7105602]",False,0,1,0,0,Ilusão de Morposi,,,[]
600637,97,0,16470001,772,5,0,Monster_Name_600637,,0,0,2,128,False,0,2,2,0,True,True,150,300,500,5000.0,[7105701],False,0,1,0,0,Ilusão de Gigas,,,[]
600638,100,0,16560002,773,5,0,Monster_Name_600638,,0,0,2,128,False,0,2,2,0,True,True,150,650,500,5000.0,[7106601],True,0,0,0,0,Ilusão de Corruptor Mecha,,,[]
600639,106,0,16550001,774,5,0,Monster_Name_600639,,0,0,2,128,False,0,2,2,0,True,True,150,600,500,5000.0,"[7106301,7106302]",True,0,0,0,0,Ilusão de Orkus,,,[]
600640,108,0,16572001,60040,5,0,Monster_Name_600640,,0,0,2,128,False,0,2,2,0,True,True,150,600,500,5000.0,[7106901],True,0,0,0,0,Ilusão do Bombardeiro Louco,,,[]
600641,106,0,16573001,60041,5,0,Monster_Name_600641,,0,0,2,128,False,0,2,2,0,True,True,150,600,500,5000.0,"[7107001,7107002]",True,0,0,0,0,Grande Ilusão do Caçador,,,[]
600642,102,0,16571002,60042,5,0,Monster_Name_600642,,0,0,2,128,False,0,2,2,0,True,True,150,600,500,5000.0,[7106700],True,0,0,0,0,Ilusão de Vespa Dançante,,,[]
600643,104,0,16570001,60043,5,0,Monster_Name_600643,,0,0,2,128,False,0,2,2,0,True,True,150,600,500,5000.0,[7107101],True,0,0,0,0,Ilusão do Sentinela Orbital,,,[]
600644,99,0,16450002,770,5,0,Monster_Name_600635,,0,0,2,128,False,0,2,2,0,True,True,150,350,500,5000.0,[7105507],False,0,0,0,0,Ilusão de Casulo,,,[]
600645,101,0,16460001,771,5,0,Monster_Name_600636,,0,0,2,128,False,0,2,2,0,True,True,150,300,500,5000.0,"[7105601,7105602]",False,0,0,0,0,Ilusão de Morposi,,,[]
600646,103,0,16470001,772,5,0,Monster_Name_600637,,0,0,2,128,False,0,2,2,0,True,True,150,300,500,5000.0,[7105701],False,0,0,0,0,Ilusão de Gigas,,,[]
600647,102,0,16520020,600447,5,0,Monster_Name_600647,,0,0,2,128,False,0,2,2,0,True,True,150,300,300,5000.0,"[7106001,7106002]",False,0,0,0,0,Ilusão Xenopsíquico,,,[]
600648,118,0,16579001,600448,5,0,Monster_Name_600648,,0,0,2,128,False,0,2,2,0,True,True,250,450,500,5000.0,"[7108701,7108702]",False,0,0,0,0,Ilusão Bestia 6,,,[]
600649,112,0,16574002,600449,5,0,Monster_Name_600649,,0,0,2,128,False,0,2,2,0,True,True,250,400,800,5000.0,[7107901],False,0,0,0,0,Ilusão de Dazrah,,,[]
600650,118,0,16583001,600450,5,0,Monster_Name_600650,,0,0,2,128,False,0,2,2,0,True,True,40,300,600,5000.0,"[7109001,7109002]",False,0,0,0,0,Ilusão de Sondador,,,[]
600651,123,0,16580001,600451,5,0,Monster_Name_600651,,0,0,2,128,False,0,2,2,0,True,True,150,600,700,5000.0,[7108901],False,0,0,0,0,Ilusão de Hydra,,,[]
600701,96,0,10060001,737,6,0,Monster_Name_600701,,0,0,2,129,False,0,0,2,0,True,True,40,80,200,3000.0,[7004901],True,0,0,0,0,Ilusão de Yusigula,,,[]
600702,96,0,10350001,738,6,0,Monster_Name_600702,,0,0,2,129,False,0,0,2,0,True,True,40,50,200,3000.0,"[7005701,7005702]",True,0,0,0,0,Ilusão de Dagan,,,[]
600703,96,0,10010005,739,6,0,Monster_Name_600703,,0,0,2,129,False,0,0,2,0,True,True,40,100,200,3000.0,[7000101],True,0,0,0,0,Ilusão de Estilhaçador,,,[]
600704,96,0,10040001,740,6,0,Monster_Name_600704,,0,0,2,129,False,0,0,2,0,True,True,40,50,200,3000.0,[7001201],True,0,0,0,0,Ilusão de Mahr,,,[]
600705,96,0,10270002,741,6,0,Monster_Name_600705,,0,0,2,129,False,0,0,2,0,True,True,40,100,200,3000.0,[7009201],True,0,0,0,0,Ilusão de Fera Selvagem,,,[]
600706,96,0,10360002,742,6,0,Monster_Name_600706,,0,0,2,129,False,0,0,2,0,True,True,40,50,200,3000.0,[7004201],True,0,0,0,0,Ilusão de Larva Óptica,,,[]
600707,96,0,10310005,743,6,0,Monster_Name_600707,,0,0,2,129,False,0,0,2,0,True,True,40,130,200,3000.0,"[7005801,7005802]",True,0,0,0,0,Ilusão Brutal,,,[]
600708,96,0,10160002,744,6,0,Monster_Name_600708,,0,0,2,129,False,0,0,2,0,True,True,40,50,200,3000.0,[7000901],True,0,0,0,0,Ilusão de Lunker,,,[]
600709,96,0,10290005,745,6,0,Monster_Name_600709,,0,0,2,129,False,0,0,2,0,True,True,40,80,200,3000.0,"[7004101,7004102]",True,0,0,0,0,Ilusão de Lagarto,,,[]
600710,96,0,10210003,746,6,0,Monster_Name_600710,,0,0,2,129,False,0,0,2,0,True,True,40,80,200,3000.0,[7005001],True,0,0,0,0,Ilusão Temizl,,,[]
600711,96,0,10430003,747,6,0,Monster_Name_600711,,0,0,2,129,False,0,0,2,0,True,True,40,50,200,3000.0,[7008601],True,0,0,0,0,Ilusão de Draco Infernal,,,[]
600712,96,0,10110001,748,6,0,Monster_Name_600712,,0,0,2,129,False,0,0,2,0,True,True,40,120,200,3000.0,[7008701],True,0,0,0,0,Ilusão Tamac,,,[]
600713,96,0,10370001,749,6,0,Monster_Name_600713,,0,0,2,129,False,0,0,2,0,True,True,40,50,200,3000.0,"[7008301,7008302]",True,0,0,0,0,Ilusão de Larva Infernal,,,[]
600714,96,0,10540004,750,6,0,Monster_Name_600714,,0,0,2,129,False,0,0,2,0,True,True,40,50,200,3000.0,[7002701],True,0,0,0,0,Ilusão de Saqueador Equesian,,,[]
600715,96,0,10300003,751,6,0,Monster_Name_600715,,0,0,2,129,False,0,0,2,0,True,True,40,80,200,3000.0,"[7004301,7004302]",True,0,0,0,0,Ilusão de Pinça,,,[]
600716,96,0,10200003,752,6,0,Monster_Name_600716,,0,0,2,129,False,0,0,2,0,True,True,50,120,200,3000.0,[7000801],True,0,0,0,0,Ilusão de Clod,,,[]
600717,96,0,10260003,753,6,0,Monster_Name_600717,,0,0,2,129,False,0,0,2,0,True,True,40,80,200,3000.0,[7004401],True,0,0,0,0,Ilusão de Fera de Guerra,,,[]
600718,96,0,10100003,754,6,0,Monster_Name_600718,,0,0,2,129,False,0,0,2,0,True,True,40,50,200,3000.0,[7005101],True,0,0,0,0,Ilusão de Ertelem,,,[]
600719,96,0,10120003,755,6,0,Monster_Name_600719,,0,0,2,129,False,0,0,2,0,True,True,40,80,200,3000.0,"[7007701,7007702]",True,0,0,0,0,Ilusão do Devorador,,,[]
600720,96,0,10030002,756,6,0,Monster_Name_600720,,0,0,2,129,False,0,0,2,0,True,True,40,80,200,3000.0,[7000701],True,0,0,0,0,Ilusão de Grumble,,,[]
600721,96,0,10550006,757,6,0,Monster_Name_600721,,0,0,2,129,False,0,0,2,0,True,True,40,50,200,3000.0,"[7006201,7006202]",True,0,0,0,0,Ilusão de Guerreiro Crawler,,,[]
600722,96,0,10450003,758,6,0,Monster_Name_600722,,0,0,2,129,False,0,0,2,0,True,True,40,100,200,3000.0,[7012201],True,0,0,0,0,Ilusão de Lápis,,,[]
600723,96,0,10080004,759,6,0,Monster_Name_600723,,0,0,2,129,False,0,0,2,0,True,True,40,80,200,3000.0,[7005601],True,0,0,0,0,Ilusão de Silex,,,[]
600724,96,0,10070002,760,6,0,Monster_Name_600724,,0,0,2,129,False,0,0,2,0,True,True,80,80,200,3000.0,[7007801],True,0,0,0,0,Ilusão de Nyoka,,,[]
600725,96,0,10824001,761,6,0,Monster_Name_600725,,0,0,2,129,False,0,0,2,0,True,True,30,40,200,3000.0,"[7014301,7014302]",True,0,0,0,0,Ilusão Gbox,,,[]
600726,96,0,10410003,762,6,0,Monster_Name_600726,,0,0,2,129,False,0,0,2,0,True,True,40,50,200,3000.0,[7008201],True,0,0,0,0,Ilusão Passer Alpha,,,[]
600727,96,0,10842005,763,6,0,Monster_Name_600727,,0,0,2,129,False,0,0,2,0,True,True,40,40,50,3000.0,[7018301],True,0,0,0,0,Ilusão do Pathfinder,,,[]
600728,96,0,10849001,764,6,0,Monster_Name_600728,,0,0,2,129,False,0,0,2,0,True,True,40,90,90,3000.0,[7019301],True,0,0,0,0,Ilusão de Anciles,,,[]
600729,96,0,10410003,762,6,0,Monster_Name_600729,,0,0,2,129,False,0,0,2,0,True,True,40,50,200,3000.0,[7008201],True,0,0,0,0,Ilusão Passer Alpha,,,[]
600730,96,0,10837001,765,6,0,Monster_Name_600730,,0,0,2,129,False,0,0,2,0,True,True,40,60,120,3000.0,[7018101],True,0,0,0,0,Ilusão do Feiticeiro Palid,,,[]
600731,96,0,10350001,738,6,0,Monster_Name_600731,,0,0,2,129,False,0,0,2,0,True,True,40,50,200,3000.0,"[7005701,7005702]",True,0,0,0,0,Ilusão de Dagan,,,[]
600732,96,0,10832004,766,6,0,Monster_Name_600732,,0,0,2,129,False,0,0,2,0,True,True,60,150,130,3000.0,"[7016101,7016102,7016103]",True,0,0,0,0,Ilusão do Portuário Lydian,,,[]
600733,96,0,10831004,767,6,0,Monster_Name_600733,,0,0,2,129,False,0,0,2,0,True,True,40,80,140,3000.0,"[7015801,7015802,7015803,7015804]",True,0,0,0,0,Ilusão do Junker,,,[]
600734,96,0,10846004,1,6,0,Monster_Name_600734,,0,0,2,129,False,0,0,2,0,True,True,40,120,120,3000.0,"[7018901,7018902,7018903]",False,0,0,0,0,Ilusão do Uivador do Abismo,,,[]
600735,96,0,10960001,1,6,0,Monster_Name_600735,,0,0,2,129,False,0,0,2,0,True,True,40,120,200,3000.0,[7020901],True,0,0,0,0,Ilusão do Regenerador Carmesim,,,[]
600736,96,0,10970001,1,6,0,Monster_Name_600736,,0,0,2,129,False,0,0,2,0,True,True,40,120,200,3000.0,[7020701],True,0,0,0,0,Ilusão do Arremessador Carmesim,,,[]
600737,96,0,10980001,1,6,0,Monster_Name_600737,,0,0,2,129,False,0,0,2,0,True,True,40,120,200,3000.0,"[7021001,7021002]",True,0,0,0,0,Ilusão do Cão Carmesim,,,[]
600738,98,0,11030001,1,6,0,Monster_Name_600738,,0,0,2,129,False,0,0,2,0,True,True,40,90,150,3000.0,"[7021701,7021702,7021703]",True,0,0,0,0,Ilusão Skorm Skarz,,,[]
600739,98,0,11040001,1,6,0,Monster_Name_600739,,0,0,2,129,False,0,0,2,0,True,True,40,90,300,3000.0,"[7022401,7022402,7022403]",True,0,0,0,0,Ilusão de Presa de Skorm,,,[]
600740,99,0,10843002,1,6,0,Monster_Name_600740,,0,0,2,129,False,0,0,2,0,True,True,40,40,80,3000.0,[7018201],True,0,0,0,0,Ilusão de Mula Armada,,,[]
600741,99,0,10834002,1,6,0,Monster_Name_600741,,0,0,2,129,False,0,0,2,0,True,True,30,40,50,3000.0,"[7016301,7016302]",True,0,0,0,0,Ilusão de Médico Lydian,,,[]
600742,99,0,10812002,1,6,0,Monster_Name_600742,,0,0,2,129,False,0,0,2,0,True,True,40,50,200,3000.0,"[7013101,7013102]",True,0,0,0,0,Ilusão de Bork de Controle de Combate,,,[]
600743,99,0,10811002,1,6,0,Monster_Name_600743,,0,0,2,129,False,0,0,2,0,True,True,40,60,200,3000.0,"[7012501,7012502]",True,0,0,0,0,Ilusão de Bork Laser,,,[]
600744,106,0,10960001,1,6,0,Monster_Name_600735,,0,0,2,129,False,0,0,2,0,True,True,40,120,200,3000.0,[7020901],True,0,0,0,0,Ilusão do Regenerador Carmesim,,,[]
600745,106,0,10970001,1,6,0,Monster_Name_600736,,0,0,2,129,False,0,0,2,0,True,True,40,120,200,3000.0,[7020701],True,0,0,0,0,Ilusão do Arremessador Carmesim,,,[]
600746,106,0,10980001,1,6,0,Monster_Name_600737,,0,0,2,129,False,0,0,2,0,True,True,40,120,200,3000.0,"[7021001,7021002]",True,0,0,0,0,Ilusão do Cão Carmesim,,,[]
600747,106,0,10844003,1,6,0,Monster_Name_600747,,0,0,2,129,False,0,0,2,0,True,True,40,50,120,3000.0,"[7019101,7019102,7019103]",True,0,0,0,0,Ilusão do Guerreiro Nether,,,[]
600748,106,0,10845003,1,6,0,Monster_Name_600748,,0,0,2,129,False,0,0,2,0,True,True,40,50,120,3000.0,[7019001],True,0,0,0,0,Ilusão de Sentinela Nether,,,[]
600749,106,0,10850051,1,6,0,Monster_Name_600749,,0,0,2,129,False,0,0,2,0,True,True,40,90,90,3000.0,"[7019501,7019502,7019503]",True,0,0,0,0,Ilusão de Thanat,,,[]
600750,110,0,11122001,1,6,0,Monster_Name_600750,,0,0,2,129,False,0,0,2,0,True,True,40,80,150,3000.0,"[7022701,7022702]",True,0,0,0,0,Ilusão de Hyburn Baria,,,[]
600751,110,0,11124001,1,6,0,Monster_Name_600751,,0,0,2,129,False,0,0,2,0,True,True,40,80,200,3000.0,[7022901],True,0,0,0,0,Ilusão Hyburn Nepa,,,[]
900001,1,0,30390000,999999,1,900001,Object_Name_900001,,0,0,1,117,False,0,0,2,0,True,False,30,60,180,3000.0,[],False,0,0,0,0,,,,[]
900002,1,0,30390000,999999,1,900002,Object_Name_900002,,0,0,1,117,False,0,0,2,0,True,False,30,60,180,3000.0,[],False,0,0,0,0,,,,[]
900003,1,0,30390000,999999,1,900003,Object_Name_900003,,0,0,1,117,False,0,0,2,0,True,False,30,60,180,3000.0,[],False,0,0,0,0,,,,[]
900004,1,0,30390000,999999,1,900004,Object_Name_900004,,0,0,1,117,False,0,0,2,0,True,False,30,60,180,3000.0,[],False,0,0,0,0,,,,[]
900005,1,0,30390000,999999,1,900005,Object_Name_900005,,0,0,1,117,False,0,0,2,0,True,False,30,60,180,3000.0,[],False,0,0,0,0,,,,[]
900006,1,0,30390000,999999,1,900006,Object_Name_900006,,0,0,3,0,False,0,0,2,0,True,False,30,60,180,3000.0,[],False,0,0,0,0,,,,[]
900007,1,0,30390000,999999,1,900007,Object_Name_900007,,0,0,3,0,False,0,0,2,0,True,False,30,60,180,3000.0,[],False,0,0,0,0,,,,[]
900008,1,0,30390000,999999,1,900008,Object_Name_900008,,0,0,3,0,False,0,0,2,0,True,False,30,60,180,3000.0,[],False,0,0,0,0,,,,[]
900009,1,0,30390000,999999,1,900009,Object_Name_900009,,0,0,3,0,False,0,0,2,0,True,False,30,60,180,3000.0,[],False,0,0,0,0,,,,[]
900010,1,0,30390000,999999,1,900010,Object_Name_900010,,0,0,3,0,False,0,0,2,0,True,False,30,60,180,3000.0,[],False,0,0,0,0,,,,[]
900013,1,0,30020000,999999,1,1547,,,0,0,3,109,False,0,0,2,0,True,False,40,150,180,3000.0,[],True,0,1,0,0,,,,[]
900014,1,0,30020000,999999,1,1548,Object_Name_900014,,0,0,3,109,False,0,0,2,0,True,False,40,150,180,3000.0,[],True,0,1,0,0,Portal Accretia 2,,,[]
900015,1,0,30020000,999999,1,1549,Object_Name_900015,,0,0,3,110,False,0,0,2,0,True,False,40,150,180,3000.0,[],True,0,1,0,0,Portal Bellato 1,,,[]
900016,1,0,30020000,999999,1,1550,Object_Name_900016,,0,0,3,110,False,0,0,2,0,True,False,40,150,180,3000.0,[],True,0,1,0,0,Portal Bellato 2,,,[]
900017,1,0,30020000,999999,1,1551,Object_Name_900017,,0,0,3,111,False,0,0,2,0,True,False,40,150,180,3000.0,[],True,0,1,0,0,Portal Cora 1,,,[]
900018,1,0,30020000,999999,1,1552,Object_Name_900018,,0,0,3,111,False,0,0,2,0,True,False,40,150,180,3000.0,[],True,0,1,0,0,Portal Cora 2,,,[]
900023,1,0,30080001,999999,1,1557,,,0,0,4,112,False,0,0,2,0,False,False,0,150,180,3000.0,[],False,0,1,0,0,,,,[]
900024,1,0,30050000,999999,1,1558,,,0,0,4,112,False,0,0,2,0,True,False,0,150,180,3000.0,[],False,0,1,0,0,,,,[]
900026,1,0,30080001,999999,1,1560,,,0,0,4,118,False,0,0,2,0,False,False,0,150,180,3000.0,[],False,0,1,0,0,,,,[]
900027,1,0,30080001,999999,1,1560,,,0,0,4,123,False,0,0,2,0,False,False,0,150,180,3000.0,[],False,0,1,0,0,,,,[]
900028,1,0,30460001,999999,1,1557,,,0,0,4,112,False,0,0,2,0,False,False,40,150,180,3000.0,[],False,0,1,0,0,,,,[]
900100,5,0,30580000,0,1,0,Monster_Name_28,,0,0,2,116,False,0,0,2,0,True,True,150,200,400,3000.0,[],True,0,0,0,0,Portão Dimensional,,,[]
900101,45,0,40000100,9010,1,0,Monster_Name_900101,,0,0,2,0,False,0,0,2,1,True,True,40,80,200,3000.0,"[91010001,91010002,91010003]",False,0,0,0,0,Phantom de Accretia,,,[]
900102,45,0,40000200,9011,1,0,Monster_Name_900102,,0,0,2,0,False,0,0,2,1,True,True,40,80,200,3000.0,[91020001],False,0,0,0,0,Punisher Accretia,,,[]
900103,45,0,40000300,9012,1,0,Monster_Name_900103,,0,0,2,0,False,0,0,2,1,True,True,40,80,200,3000.0,"[91030001,91030002,91030003,91030004]",False,0,0,0,0,Enforcer de Accretia,,,[]
900104,45,0,40000400,9013,1,0,Monster_Name_900104,,0,0,2,0,False,0,0,2,1,True,True,40,80,200,3000.0,"[91040001,91040002,91040003]",False,0,0,0,0,Psypher Accretia,,,[]
900105,45,0,40000500,9014,1,0,Monster_Name_900105,,0,0,2,0,False,0,0,2,1,True,True,40,80,200,3000.0,"[91050001,91050002,91050003,91050004]",False,0,0,0,0,Dreadnought Accretia,,,[]
900106,45,0,40000600,9015,1,0,Monster_Name_900106,,0,0,2,0,False,0,0,2,1,True,True,40,80,200,3000.0,"[91060001,91060002,91060003]",False,0,0,0,0,Technician Accretia,,,[]
900201,45,0,40000100,9010,1,0,Monster_Name_900201,,0,0,2,0,False,0,0,2,1,True,True,40,80,200,3000.0,"[91010001,91010002,91010003]",False,0,0,0,0,Phantom Bellato,,,[]
900202,45,0,40000200,9011,1,0,Monster_Name_900202,,0,0,2,0,False,0,0,2,1,True,True,40,80,200,3000.0,[91020001],False,0,0,0,0,Punisher Bellato,,,[]
900203,45,0,40000300,9012,1,0,Monster_Name_900203,,0,0,2,0,False,0,0,2,1,True,True,40,80,200,3000.0,"[91030001,91030002,91030003,91030004]",False,0,0,0,0,Enforcer Bellato,,,[]
900204,45,0,40000400,9013,1,0,Monster_Name_900204,,0,0,2,0,False,0,0,2,1,True,True,40,80,200,3000.0,"[91040001,91040002,91040003]",False,0,0,0,0,Bellato Psypher,,,[]
900205,45,0,40000500,9014,1,0,Monster_Name_900205,,0,0,2,0,False,0,0,2,1,True,True,40,80,200,3000.0,"[91050001,91050002,91050003,91050004]",False,0,0,0,0,Dreadnought Bellato,,,[]
900206,45,0,40000600,9015,1,0,Monster_Name_900206,,0,0,2,0,False,0,0,2,1,True,True,40,80,200,3000.0,"[91060001,91060002,91060003]",False,0,0,0,0,Technician Bellato,,,[]
900301,45,0,40000100,9010,1,0,Monster_Name_900301,,0,0,2,0,False,0,0,2,1,True,True,40,80,200,3000.0,"[91010001,91010002,91010003]",False,0,0,0,0,Cora Phantom,,,[]
900302,45,0,40000200,9011,1,0,Monster_Name_900302,,0,0,2,0,False,0,0,2,1,True,True,40,80,200,3000.0,[91020001],False,0,0,0,0,Cora Punisher,,,[]
900303,45,0,40000300,9012,1,0,Monster_Name_900303,,0,0,2,0,False,0,0,2,1,True,True,40,80,200,3000.0,"[91030001,91030002,91030003,91030004]",False,0,0,0,0,Cora Enforcer,,,[]
900304,45,0,40000400,9013,1,0,Monster_Name_900304,,0,0,2,0,False,0,0,2,1,True,True,40,80,200,3000.0,"[91040001,91040002,91040003]",False,0,0,0,0,Cora Psypher,,,[]
900305,45,0,40000500,9014,1,0,Monster_Name_900305,,0,0,2,0,False,0,0,2,1,True,True,40,80,200,3000.0,"[91050001,91050002,91050003,91050004]",False,0,0,0,0,Cora Dreadnought,,,[]
900306,45,0,40000600,9015,1,0,Monster_Name_900306,,0,0,2,0,False,0,0,2,1,True,True,40,80,200,3000.0,"[91060001,91060002,91060003]",False,0,0,0,0,Cora Technician,,,[]
900401,1,0,17320000,0,1,10002,NPC_Name_105807,NPC_Title_105807,0,0,1,0,False,0,0,2,0,True,False,34,40,200,3000.0,[],False,0,0,0,0,Ada,Boticário,,[]
900402,1,0,17320002,0,1,10002,NPC_Name_105807,NPC_Title_105807,0,0,1,0,False,0,0,2,0,True,False,34,40,200,3000.0,[],False,0,0,0,0,Ada,Boticário,,[]
900403,24,0,17320001,313,2,10002,Monster_Name_320201,,0,0,2,103,False,0,2,2,1,True,True,40,100,200,5000.0,[7103301],False,0,0,0,0,Ada,,,[]
900404,1,0,19000000,0,1,0,NPC_Name_900404,,0,0,1,0,False,0,0,2,0,True,False,34,50,200,3000.0,[],False,0,0,0,0,Cena_Calçado Interno_Feminino,,,[]
900405,1,0,19037000,0,1,0,NPC_Name_900404,,0,0,1,0,False,0,0,2,0,True,False,34,50,200,3000.0,[],False,0,0,0,0,Cena_Calçado Interno_Feminino,,,[]
900406,1,0,18590000,0,1,0,NPC_Name_900522,,0,0,1,0,False,0,0,2,0,True,False,40,50,200,3000.0,[],False,0,0,0,0,Euclid Nova,,,[]
900407,1,0,18590002,0,1,0,NPC_Name_900522,,0,0,1,0,False,0,0,2,0,True,False,40,50,200,3000.0,[],False,0,0,0,0,Euclid Nova,,,[]
900408,1,0,17780007,0,1,0,NPC_Name_900408,,0,0,1,0,False,0,0,2,0,True,False,40,50,200,3000.0,[],False,0,0,0,0,Cutscene_Scalar_Headless,,,[]
900409,1,0,17780004,0,1,0,NPC_Name_900409,,0,0,1,0,False,0,0,2,0,True,False,40,50,200,3000.0,[],False,0,0,0,0,Cutscene_Phantom Assassin,,,[]
900410,1,0,17411115,0,1,0,NPC_Name_107824,NPC_Title_107824,0,0,1,0,False,0,0,2,0,True,False,40,50,200,3000.0,[],False,0,0,0,0,Berney,Oficial de Ligação,,[]
900411,60,1100342,16340002,466,3,0,Monster_Name_600204,,0,10,2,105,False,0,2,2,0,True,True,80,300,150,5000.0,"[7103801,7103802,7103803]",False,0,0,0,0,Caminhante Dourado X,,,[]
900412,1,0,19037001,0,1,0,NPC_Name_900412,,0,0,1,0,False,0,0,2,0,True,False,40,50,200,3000.0,[],False,0,0,0,0,Cena_Biosuit_Arbiter_Feminina,,,[]
900413,1,0,41001000,0,1,0,NPC_Name_900412,,0,0,1,0,False,0,0,2,0,True,False,40,50,200,3000.0,[],False,0,0,0,0,Cena_Biosuit_Arbiter_Feminina,,,[]
900414,1,0,17560002,0,1,0,NPC_Name_112907,,0,0,1,0,False,0,0,2,0,True,False,40,50,200,3000.0,[],False,0,0,0,0,Guilda de Mercadores Nekaran Android Rody,,,[]
900415,1,0,19037002,0,1,0,NPC_Name_900415,,0,0,1,0,False,0,0,2,0,True,False,40,50,200,3000.0,[],False,0,0,0,0,,,,[]
900416,1,0,17000005,0,1,0,NPC_Name_900415,,0,0,1,0,False,0,0,2,0,True,False,40,50,200,3000.0,[],False,0,0,0,0,,,,[]
900417,1,0,41001700,1,1,0,NPC_Name_900404,,0,0,1,0,False,0,0,2,0,True,False,40,50,200,3000.0,[],False,0,0,0,0,Cena_Calçado Interno_Feminino,,,[]
900501,45,1202026,40000100,9010,1,0,Monster_Name_900101,,0,0,2,0,False,0,0,2,1,True,True,40,80,200,3000.0,"[91010001,91010002,91010003]",False,0,0,0,0,Phantom de Accretia,,,[969]
900502,45,1202026,40000200,9011,1,0,Monster_Name_900102,,0,0,2,0,False,0,0,2,1,True,True,40,80,200,3000.0,[91020001],False,0,0,0,0,Punisher Accretia,,,[969]
900503,45,1202026,40000300,9012,1,0,Monster_Name_900103,,0,0,2,0,False,0,0,2,1,True,True,40,80,200,3000.0,"[91030001,91030002,91030003,91030004]",False,0,0,0,0,Enforcer de Accretia,,,[969]
900504,45,1202026,40000400,9013,1,0,Monster_Name_900104,,0,0,2,0,False,0,0,2,1,True,True,40,80,200,3000.0,"[91040001,91040002,91040003]",False,0,0,0,0,Psypher Accretia,,,[969]
900505,45,1202026,40000500,9014,1,0,Monster_Name_900105,,0,0,2,0,False,0,0,2,1,True,True,40,80,200,3000.0,"[91050001,91050002,91050003,91050004]",False,0,0,0,0,Dreadnought Accretia,,,[969]
900506,45,1202026,40000600,9015,1,0,Monster_Name_900106,,0,0,2,0,False,0,0,2,1,True,True,40,80,200,3000.0,"[91060001,91060002,91060003]",False,0,0,0,0,Technician Accretia,,,[969]
900507,45,1202026,40000104,9010,1,0,Monster_Name_46,,0,0,2,0,False,0,0,2,1,True,True,30,40,200,3000.0,"[91010001,91010002,91010003]",False,0,0,0,0,Atirador Predo,,,[969]
900508,45,1202026,40000203,9011,1,0,Monster_Name_46,,0,0,2,0,False,0,0,2,1,True,True,30,40,200,3000.0,[91020001],False,0,0,0,0,Atirador Predo,,,[969]
900509,45,1202026,40000304,9012,1,0,Monster_Name_46,,0,0,2,0,False,0,0,2,1,True,True,30,40,200,3000.0,"[91030001,91030002,91030003,91030004]",False,0,0,0,0,Atirador Predo,,,[969]
900510,45,1202026,40000403,9013,1,0,Monster_Name_46,,0,0,2,0,False,0,0,2,1,True,True,30,40,200,3000.0,"[91040001,91040002,91040003]",False,0,0,0,0,Atirador Predo,,,[969]
900511,45,1202026,40000503,9014,1,0,Monster_Name_46,,0,0,2,0,False,0,0,2,1,True,True,30,40,200,3000.0,"[91050001,91050002,91050003,91050004]",False,0,0,0,0,Atirador Predo,,,[969]
900512,45,1202026,40000603,9015,1,0,Monster_Name_46,,0,0,2,0,False,0,0,2,1,True,True,30,40,200,3000.0,"[91060001,91060002,91060003]",False,0,0,0,0,Atirador Predo,,,[969]
900513,45,1202026,40000105,9010,1,0,Monster_Name_46,,0,0,2,0,False,0,0,2,1,True,True,30,40,200,3000.0,"[91010001,91010002,91010003]",False,0,0,0,0,Atirador Predo,,,[969]
900514,45,1202026,40000204,9011,1,0,Monster_Name_46,,0,0,2,0,False,0,0,2,1,True,True,30,40,200,3000.0,[91020001],False,0,0,0,0,Atirador Predo,,,[969]
900515,45,1202026,40000305,9012,1,0,Monster_Name_46,,0,0,2,0,False,0,0,2,1,True,True,30,40,200,3000.0,"[91030001,91030002,91030003,91030004]",False,0,0,0,0,Atirador Predo,,,[969]
900516,45,1202026,40000404,9013,1,0,Monster_Name_46,,0,0,2,0,False,0,0,2,1,True,True,30,40,200,3000.0,"[91040001,91040002,91040003]",False,0,0,0,0,Atirador Predo,,,[969]
900517,45,1202026,40000504,9014,1,0,Monster_Name_46,,0,0,2,0,False,0,0,2,1,True,True,30,40,200,3000.0,"[91050001,91050002,91050003,91050004]",False,0,0,0,0,Atirador Predo,,,[969]
900518,45,1202026,40000604,9015,1,0,Monster_Name_46,,0,0,2,0,False,0,0,2,1,True,True,30,40,200,3000.0,"[91060001,91060002,91060003]",False,0,0,0,0,Atirador Predo,,,[969]
900519,1,0,41001300,1,1,0,Monster_Name_46,,0,0,1,0,False,0,0,2,1,True,True,0,40,200,3000.0,"[91040001,91040002,91040003]",False,0,1,0,0,Atirador Predo,,,[]
900520,1,0,41001400,1,1,0,Monster_Name_46,,0,0,1,0,False,0,0,2,1,True,True,0,40,200,3000.0,"[91050001,91050002,91050003,91050004]",False,0,1,0,0,Atirador Predo,,,[]
900521,1,0,41001500,1,1,0,Monster_Name_46,,0,0,1,0,False,0,0,2,1,True,True,0,40,200,3000.0,"[91060001,91060002,91060003]",False,0,1,0,0,Atirador Predo,,,[]
901501,1,0,30080000,999999,1,10007,Object_Name_201501,,0,0,1,117,True,0,0,2,0,True,False,40,50,180,3000.0,[],False,0,0,0,0,Escalada,,,[]
999901,1,0,30390000,999999,1,100,Object_Name_201501,,0,0,3,117,False,0,0,2,0,True,False,40,50,180,3000.0,[],False,0,0,0,0,Escalada,,,[]
1111101,1,0,17110002,1,1,2500,NPC_Name_1111101,NPC_Title_1111101,0,0,1,0,True,0,0,2,0,True,False,0,34,200,3000.0,[],False,0,0,0,0,Lucius Valentine Oz,Duque,,[]
1111102,1,0,17110000,1,8,10002,NPC_Name_1111102,NPC_Title_1111102,0,0,1,13,True,0,2,2,0,True,False,0,34,200,3000.0,[],False,0,0,0,0,Lucius Valentine Oz,Duque,,[]
1111103,1,0,17100000,0,1,10002,NPC_Name_1111103,NPC_Title_1111103,0,0,1,0,True,0,0,2,0,True,False,40,50,200,3000.0,[],False,0,0,0,0,Chen Grayson,Assistente de Oz,,[]
1111104,1,0,17010000,100019,1,10002,NPC_Name_1111104,NPC_Title_1111104,0,0,1,0,True,0,0,2,0,True,False,40,50,200,3000.0,"[7002201,7002202,7002203]",False,0,0,0,0,Bigbass,Mercenário Veterano,,[]
1111201,1,0,30120001,999999,1,2570,Object_Name_1111201,,0,0,1,117,True,0,0,2,0,True,False,30,60,180,3000.0,[],False,0,2,0,0,Android Desativado,,,[]
1111202,1,0,30080000,0,1,10002,NPC_Name_102190,,0,0,1,0,True,0,0,2,0,True,False,40,50,200,3000.0,[],False,0,1,0,0,Grade Dinâmica,,,[]
1111203,1,0,31650000,1,1,0,Object_Name_1111203,,0,0,1,0,True,0,0,2,0,False,False,40,100,200,3000.0,[],True,0,1,0,0,,,,[]
1111204,1,0,31650010,1,1,0,Object_Name_1111203,,0,0,1,0,True,0,0,2,0,False,False,0,100,200,3000.0,[],True,0,1,0,0,,,,[]
1111301,104,0,18530000,1,1,0,Monster_Name_1111301,Monster_Title_119101,0,119101,2,0,False,0,0,2,1,True,True,40,100,200,30000.0,[7003001],True,0,0,0,0,Guardião - V,Android Fora de Controle,,[]
1111302,104,0,18540001,1,1,0,Monster_Name_1111302,Monster_Title_119101,0,119101,2,0,False,0,0,2,1,True,True,40,100,200,30000.0,[7003101],False,0,0,0,0,Guardião - R,Android Fora de Controle,,[]
1111303,104,0,17430013,435,1111303,0,Monster_Name_1111303,Monster_Title_119101,0,119101,2,103,False,0,2,2,1,True,True,40,100,310,30000.0,[7104501],True,0,0,0,0,Guardião - X,Android Fora de Controle,,[]
1111304,104,0,18530000,1,1,0,Monster_Name_1111301,Monster_Title_119101,0,119101,2,0,False,0,0,2,1,True,True,40,100,200,30000.0,[7003001],False,0,0,0,0,Guardião - V,Android Fora de Controle,,[]
1111305,104,0,18530000,1,1,0,Monster_Name_1111301,Monster_Title_119101,0,119101,2,0,False,0,0,2,1,True,True,40,100,200,30000.0,[7003001],True,0,0,0,0,Guardião - V,Android Fora de Controle,,[]
1111306,104,0,18530000,1,1,0,Monster_Name_1111301,Monster_Title_119101,0,119101,2,0,False,0,0,2,1,True,True,40,100,200,30000.0,[7003001],False,0,0,0,0,Guardião - V,Android Fora de Controle,,[]
1111307,104,0,18540001,1,1,0,Monster_Name_1111302,Monster_Title_119101,0,119101,2,0,False,0,0,2,1,True,True,40,100,200,30000.0,[7003101],False,0,0,0,0,Guardião - R,Android Fora de Controle,,[]
1111308,104,0,17430012,435,321001,0,Monster_Name_1111303,Monster_Title_119101,0,119101,2,103,False,0,2,2,1,True,True,40,100,310,30000.0,[7104501],True,0,0,0,0,Guardião - X,Android Fora de Controle,,[]
1111309,104,0,17430012,435,321001,0,Monster_Name_1111303,Monster_Title_119101,0,119101,2,103,False,0,2,2,1,True,True,40,100,310,30000.0,[7104501],True,0,0,0,0,Guardião - X,Android Fora de Controle,,[]
1112101,1,0,18990002,1,1,10002,NPC_Name_1112101,NPC_Title_1112101,0,0,1,13,False,0,0,2,0,True,False,40,50,200,30000.0,"[7006101,7006102,7006103]",False,0,0,0,0,Redtail,Mercenário Independente,,[]
1112102,1,0,30080016,1,1,0,,,0,0,1,0,False,0,0,2,0,False,False,0,100,200,3000.0,[],False,0,2,0,0,,,,[]
1112103,1,0,14020001,1,121902,10002,NPC_Name_1112103,NPC_Title_1112103,0,0,1,0,False,0,0,2,0,True,True,110,190,190,30000.0,[3503001],True,0,0,0,0,Argos,Redtail MAU,,[]
1112104,1,0,30080000,0,1,10002,,,0,0,1,0,True,0,0,2,0,False,False,40,50,200,3000.0,[],False,0,0,0,0,,,,[]
1112105,1,0,30080000,0,1,10002,,,0,0,1,0,True,0,0,2,0,False,False,40,50,200,3000.0,[],False,0,0,0,0,,,,[]
1112201,1,0,30780001,999999,1,1112201,Object_Name_1112201,,0,0,1,117,True,0,0,2,0,True,False,0,60,180,3000.0,[],False,0,2,0,0,Traços de Combate,,,[]
1112202,1,0,30780001,999999,1,1112202,Object_Name_1112202,,0,0,1,117,True,0,0,2,0,True,False,0,60,180,3000.0,[],False,0,2,0,0,Traços de Combate,,,[]
1112203,1,0,31180002,999999,1,1112203,Object_Name_1112203,,0,0,1,117,True,0,0,2,0,True,False,30,60,180,3000.0,[],False,0,2,0,0,Cápsula de Dados Genéticos,,,[]
1112301,105,0,10690000,1,1,0,Monster_Name_1112301,Monster_Title_119201,0,119201,2,0,True,0,0,2,0,True,True,40,50,200,30000.0,[7002501],True,0,0,0,0,Batedor Helas,Caçador de Recompensas,,[]
1112302,105,0,10695000,1,1,0,Monster_Name_1112302,Monster_Title_119201,0,119201,2,0,True,0,0,2,0,True,True,40,50,200,30000.0,[7002401],True,0,0,0,0,Tropa de Choque Helas,Caçador de Recompensas,,[]
1112303,105,0,10693000,1,1,0,Monster_Name_1112303,Monster_Title_119201,0,119201,2,0,True,0,0,2,0,True,True,40,50,200,30000.0,"[7005404,7005405,7005406]",True,0,0,0,0,Mecha Helas,Caçador de Recompensas,,[]
1112304,105,0,10690001,1,1,0,Monster_Name_1112304,Monster_Title_119201,0,119201,2,0,True,0,0,2,0,True,True,40,50,200,30000.0,[7002501],True,0,0,0,0,Sentinela Helas,Caçador de Recompensas,,[]
1112305,98,0,10693001,1,1,0,Monster_Name_1112305,Monster_Title_119201,0,119201,2,0,True,0,0,2,0,True,True,40,60,200,30000.0,"[7005404,7005405,7005406]",True,0,0,0,0,Super Soldado Helas,Caçador de Recompensas,,[]
1112306,98,0,10694001,1,1,0,Monster_Name_1112306,Monster_Title_119201,0,119201,2,0,True,0,0,2,0,True,True,40,60,200,30000.0,[7005301],True,0,0,0,0,Cavalaria Pesada Helas,Caçador de Recompensas,,[]
1112307,98,0,30080016,1,1,0,,,0,0,1,0,False,0,0,2,0,False,False,0,100,200,3000.0,[],False,0,2,0,0,,,,[]
1112308,98,0,30080016,1,1,0,,,0,0,1,0,False,0,0,2,0,False,False,0,100,200,3000.0,[],False,0,2,0,0,,,,[]
1112309,98,0,30080016,1,1,0,,,0,0,1,0,False,0,0,2,0,False,False,0,100,200,3000.0,[],False,0,2,0,0,,,,[]
1112310,98,0,30080016,1,1,0,,,0,0,1,0,False,0,0,2,0,False,False,0,100,200,3000.0,[],False,0,2,0,0,,,,[]
1112311,98,0,30080016,1,1,0,,,0,0,1,0,False,0,0,2,0,False,False,0,100,200,3000.0,[],False,0,2,0,0,,,,[]
1112312,98,0,30080016,1,1,0,,,0,0,1,0,False,0,0,2,0,False,False,0,100,200,3000.0,[],False,0,2,0,0,,,,[]
1112313,105,0,14000001,9016,999998,0,Monster_Name_1112314,Monster_Title_119202,0,119202,2,0,True,0,0,2,0,True,True,95,190,360,10000.0,"[3501001,3501002,3501003]",True,0,0,0,0,Banshee,Caçador de Recompensas MAU,,[]
1112314,105,0,14080001,9024,999998,0,Monster_Name_1112313,Monster_Title_119202,0,119202,2,103,True,0,2,2,0,True,True,150,230,540,30000.0,"[3509001,3509002,3509003,3509004,3509005]",True,0,0,0,0,Kraken,Caçador de Recompensas MAU,,[]
1112315,98,0,10690009,1,1,0,Monster_Name_1112315,Monster_Title_119201,0,0,2,0,False,0,0,2,0,True,True,40,50,200,30000.0,[7002501],True,0,0,0,0,Líder Helas,Caçador de Recompensas,,[]
1112316,98,0,10690009,1,1,0,Monster_Name_1112316,Monster_Title_119201,0,0,2,0,False,0,0,2,0,True,True,40,50,200,30000.0,[7002501],True,0,0,0,0,,Caçador de Recompensas,,[]
1112317,98,0,10690009,1,1,0,Monster_Name_1112317,Monster_Title_119201,0,0,2,0,False,0,0,2,0,True,True,40,50,200,30000.0,[7002501],True,0,0,0,0,,Caçador de Recompensas,,[]
1112318,98,0,10690000,1,1,0,Monster_Name_1112301,Monster_Title_119201,0,0,2,0,False,0,0,2,0,True,True,40,50,200,30000.0,[7002501],True,0,0,0,0,Batedor Helas,Caçador de Recompensas,,[]
1112319,98,0,10695000,1,1,0,Monster_Name_1112302,Monster_Title_119201,0,0,2,0,False,0,0,2,0,True,True,40,50,200,30000.0,[7002401],True,0,0,0,0,Tropa de Choque Helas,Caçador de Recompensas,,[]
1112320,98,0,10693000,1,1,0,Monster_Name_1112303,Monster_Title_119201,0,0,2,0,False,0,0,2,0,True,True,40,50,200,30000.0,"[7005404,7005405,7005406]",True,0,0,0,0,Mecha Helas,Caçador de Recompensas,,[]
1112321,98,0,10690001,1,1,0,Monster_Name_1112304,Monster_Title_119201,0,0,2,0,False,0,0,2,0,True,True,40,50,200,30000.0,[7002501],True,0,0,0,0,Sentinela Helas,Caçador de Recompensas,,[]
1112322,98,0,10693001,1,1,0,Monster_Name_1112305,Monster_Title_119201,0,0,2,0,False,0,0,2,0,True,True,40,60,200,30000.0,"[7005404,7005405,7005406]",True,0,0,0,0,Super Soldado Helas,Caçador de Recompensas,,[]
1112323,98,0,10694001,1,1,0,Monster_Name_1112306,Monster_Title_119201,0,0,2,0,False,0,0,2,0,True,True,40,60,200,30000.0,[7005301],True,0,0,0,0,Cavalaria Pesada Helas,Caçador de Recompensas,,[]
1113101,1,0,18990002,0,1,10002,NPC_Name_1113401,NPC_Title_1113101,0,0,1,0,False,0,0,2,0,True,False,40,50,200,3000.0,[],False,0,0,0,0,Redtail,Mercenário Independente,,[]
1113401,1,0,18990002,0,1,10002,NPC_Name_1113401,NPC_Title_1113401,0,0,1,0,False,0,0,2,0,True,False,40,50,200,3000.0,[],False,0,0,0,0,Redtail,Mercenário Independente,,[]
1113402,1,0,17740013,0,1,10002,NPC_Name_1113402,NPC_Title_1113402,0,0,1,0,False,0,0,2,0,True,False,40,50,200,3000.0,[],False,0,1,0,0,Lotan,Protetor das Estrelas,,[]
1113403,1,0,18990002,0,1,10002,NPC_Name_1113403,NPC_Title_1113403,0,0,1,0,False,0,0,2,0,True,False,40,50,200,30000.0,"[7006101,7006102,7006103]",False,0,0,0,0,Redtail,Mercenário Independente,,[]
1113404,1,0,17740013,0,1,10002,NPC_Name_1113404,NPC_Title_1113404,0,0,1,0,False,0,0,2,0,True,False,40,50,200,3000.0,[],False,0,0,0,0,Lotan,Protetor das Estrelas,,[]
1113405,1,0,17140003,0,1,10002,NPC_Name_1113405,NPC_Title_1113405,0,0,1,0,False,0,0,2,0,True,False,40,50,200,3000.0,[],False,0,0,0,0,Bardo,Pesquisador de Kairax,,[]
1113406,1,0,17130000,0,1,10002,NPC_Name_1113406,NPC_Title_1113406,0,0,1,0,False,0,0,2,0,True,False,40,50,200,3000.0,[],False,0,0,0,0,Miranda Rojas,Diretor do Laboratório Kairax,,[]
1113407,1,0,17140001,0,1,10002,NPC_Name_1113407,NPC_Title_1113407,0,0,1,0,False,0,0,2,0,True,False,40,50,200,3000.0,[],False,0,0,0,0,Ian,Pesquisador de Kairax,,[]
1113408,1,0,17740013,0,1,10002,NPC_Name_1113408,NPC_Title_1113408,0,0,1,0,False,0,0,2,0,True,False,40,50,200,3000.0,[],False,0,0,0,0,Lotan,Protetor das Estrelas,,[]
1113409,1,0,18990002,0,1,10002,NPC_Name_1113409,NPC_Title_1113409,0,0,1,0,False,0,0,2,0,True,False,40,50,200,3000.0,[],False,0,0,0,0,Redtail,Mercenário Independente,,[]
1113410,1,0,17130000,0,1,10002,NPC_Name_1113410,NPC_Title_1113410,0,0,1,0,False,0,0,2,0,True,False,40,50,200,3000.0,[],False,0,0,0,0,Miranda Rojas,Diretor do Laboratório Kairax,,[]
1113411,1,0,17140000,0,1,10002,NPC_Name_1113411,NPC_Title_1113411,0,0,1,0,False,0,0,2,0,True,False,40,50,200,3000.0,[],False,0,0,0,0,Pesquisador,Pesquisador de Kairax,,[]
1113412,1,0,17140001,0,1,10002,NPC_Name_1113412,NPC_Title_1113412,0,0,1,0,False,0,0,2,0,True,False,40,50,200,3000.0,[],False,0,0,0,0,Pesquisador,Pesquisador de Kairax,,[]
1113413,1,0,17740013,0,1,10002,NPC_Name_1113413,NPC_Title_1113413,0,0,1,0,False,0,0,2,0,True,False,40,50,200,3000.0,[],False,0,0,0,0,Lotan,Protetor das Estrelas,,[]
1113414,1,0,18990002,0,1,10002,NPC_Name_1113414,NPC_Title_1113414,0,0,1,0,False,0,0,2,0,True,False,40,50,200,3000.0,[],False,0,0,0,0,Redtail,Mercenário Independente,,[]
1113415,1,0,17130000,0,1,10002,NPC_Name_1113415,NPC_Title_1113415,0,0,1,0,False,0,0,2,0,True,False,40,50,200,3000.0,[],False,0,0,0,0,Miranda Rojas,Diretor do Laboratório Kairax,,[]
1113416,1,0,17140000,0,1,10002,NPC_Name_1113416,NPC_Title_1113416,0,0,1,0,False,0,0,2,0,True,False,40,50,200,3000.0,[],False,0,0,0,0,Pesquisador,Pesquisador de Kairax,,[]
1113417,1,0,17140001,0,1,10002,NPC_Name_1113417,NPC_Title_1113417,0,0,1,0,False,0,0,2,0,True,False,40,50,200,3000.0,[],False,0,0,0,0,Pesquisador,Pesquisador de Kairax,,[]
1113501,1,0,30940003,999999,1,1113501,Object_Name_1113501,,0,0,1,117,True,0,0,2,0,True,False,30,60,180,3000.0,[],False,0,2,0,0,Núcleo de Energia,,,[]
1113502,1,0,30960000,999999,1,1113502,Object_Name_1113502,,0,0,1,117,True,0,0,2,0,True,False,0,60,180,3000.0,[],False,0,2,0,0,Console Remota,,,[]
1113503,1,0,30960000,999999,1,1113502,Object_Name_1113503,,0,0,1,117,True,0,0,2,0,True,False,0,60,180,3000.0,[],False,0,2,0,0,Console Remota,,,[]
1113504,1,0,30120002,999999,1,1113504,Object_Name_1113504,,0,0,1,117,True,0,0,2,0,True,False,0,60,180,3000.0,[],False,0,2,0,0,Android Destruído,,,[]
1113505,1,0,30960000,999999,1,1113502,Object_Name_1113505,,0,0,1,117,True,0,0,2,0,True,False,0,60,180,3000.0,[],False,0,2,0,0,Console Remota,,,[]
1113506,1,0,30680000,999999,1,10010,Object_Name_1113506,,0,0,1,117,True,0,0,2,0,True,False,30,60,180,3000.0,[],False,0,2,0,0,Eco Abissal,,,[]
1113601,105,0,10817001,1,2,0,Monster_Name_1113601,Monster_Title_1113601,0,119301,2,103,False,0,2,2,0,True,True,40,60,110,3000.0,"[7015201,7015202]",False,0,0,0,0,Lazarok,Líder Caçador de Neurônios,,[]
1113602,105,0,10818002,1,1,0,Monster_Name_1113602,Monster_Title_119301,0,119301,2,0,False,0,0,2,0,True,True,40,50,110,3000.0,[7015001],False,0,0,0,0,Enganador Clops,Caçador de Neurônios,,[]
1113603,105,0,10816001,1,1,0,Monster_Name_1113603,Monster_Title_119301,0,119301,2,0,False,0,0,2,0,True,True,40,50,110,3000.0,"[7015101,7015102]",False,0,0,0,0,Buscador Clops,Caçador de Neurônios,,[]
1113604,105,0,10817002,1,1,0,Monster_Name_1113604,Monster_Title_119301,0,119301,2,0,False,0,0,2,0,True,True,40,60,130,3000.0,"[7015201,7015202]",False,0,0,0,0,Brutamontes Clops,Caçador de Neurônios,,[]
1113605,105,0,10818002,1,1,0,Monster_Name_1113602,Monster_Title_119301,0,119301,2,0,False,0,0,2,0,True,True,40,50,110,3000.0,[7015001],False,0,0,0,0,Enganador Clops,Caçador de Neurônios,,[]
1113606,105,0,10816001,1,1,0,Monster_Name_1113603,Monster_Title_119301,0,119301,2,0,False,0,0,2,0,True,True,40,50,110,3000.0,"[7015101,7015102]",False,0,0,0,0,Buscador Clops,Caçador de Neurônios,,[]
1113607,105,0,10817002,1,1,0,Monster_Name_1113604,Monster_Title_119301,0,119301,2,0,False,0,0,2,0,True,True,40,60,130,3000.0,"[7015201,7015202]",False,0,0,0,0,Brutamontes Clops,Caçador de Neurônios,,[]
1113608,105,0,10816001,1,1,0,Monster_Name_1113603,Monster_Title_119301,0,119301,2,0,False,0,0,2,0,True,True,40,50,110,3000.0,"[7015101,7015102]",False,0,0,0,0,Buscador Clops,Caçador de Neurônios,,[]
1113651,45,0,31550001,1,1,10002,,,0,0,1,0,False,0,0,2,0,False,False,0,100,200,3000.0,[],False,0,0,0,0,,,,[]
1113652,45,0,30960000,1,1,10002,,,0,0,1,0,False,0,0,2,0,True,False,0,60,180,3000.0,[],False,0,1,0,0,,,,[]
1113691,45,0,30080000,1,1,10002,,,0,0,1,0,False,0,0,2,0,False,False,40,100,200,3000.0,[],False,0,1,0,0,,,,[]
1113692,45,0,30080000,1,1,10002,,,0,0,1,0,False,0,0,2,0,False,False,40,100,200,3000.0,[],False,0,1,0,0,,,,[]
1113693,45,0,30080000,1,1,10002,,,0,0,1,0,False,0,0,2,0,False,False,40,100,200,3000.0,[],False,0,1,0,0,,,,[]
1113694,45,0,30080000,1,1,10002,,,0,0,1,0,False,0,0,2,0,False,False,40,100,200,3000.0,[],False,0,1,0,0,,,,[]
1113695,45,0,30080000,1,1,10002,,,0,0,1,0,False,0,0,2,0,False,False,40,100,200,3000.0,[],False,0,1,0,0,,,,[]
1113696,45,0,30080000,1,1,10002,,,0,0,1,0,False,0,0,2,0,False,False,40,100,200,3000.0,[],False,0,1,0,0,,,,[]
1114101,1,0,17340000,0,1,10002,NPC_Name_1114101,NPC_Title_1114101,0,0,1,0,False,0,0,2,0,True,False,40,50,200,3000.0,[],False,0,0,0,0,Arca,IA de Gestão do Planeta Arcano,,[]
1114102,1,0,17740013,0,2,10002,NPC_Name_1114102,NPC_Title_1114102,0,0,1,0,False,0,0,2,0,True,False,40,50,200,3000.0,[],False,0,0,0,0,Lotan,Protetor das Estrelas,,[]
1114103,1,0,17740013,494,2,10002,NPC_Name_1114103,NPC_Title_1114103,0,0,1,0,False,0,0,2,0,True,False,40,50,200,30000.0,"[7104128,7104129]",False,0,0,0,0,Lotan,Protetor das Estrelas,,[]
1114104,1,0,17740013,494,2,10002,NPC_Name_1114104,NPC_Title_1114104,0,0,1,0,False,0,0,2,0,True,False,40,50,200,30000.0,"[7104128,7104129]",False,0,0,0,0,Lotan,Protetor das Estrelas,,[]
1114105,1,0,17740013,494,2,10002,NPC_Name_1114105,NPC_Title_1114105,0,0,1,0,False,0,0,2,0,True,False,40,50,200,30000.0,"[7104128,7104129]",False,0,0,0,0,Lotan,Protetor das Estrelas,,[]
1114106,1,0,17740013,494,2,10002,NPC_Name_1114105,NPC_Title_1114105,0,0,1,0,False,0,0,2,0,True,False,40,50,200,30000.0,"[7104128,7104129]",False,0,0,0,0,Lotan,Protetor das Estrelas,,[]
1114201,1,0,30550000,999999,1,1114201,Object_Name_1114201,,0,0,1,117,True,0,0,2,0,True,False,30,60,180,3000.0,[],False,0,2,0,0,Instalar Explosivo,,,[]
1114202,1,0,30530000,999999,1,5000,Object_Name_1114202,,0,0,1,117,True,0,0,2,0,True,False,30,60,180,3000.0,[],False,0,2,0,0,Pular,,,[]
1114203,1,0,30530000,999999,1,5000,Object_Name_1114203,,0,0,1,117,True,0,0,2,0,True,False,30,60,180,3000.0,[],False,0,2,0,0,Cruz,,,[]
1114204,1,0,30530000,999999,1,5000,Object_Name_1114204,,0,0,1,117,True,0,0,2,0,True,False,30,60,180,3000.0,[],False,0,2,0,0,Descer Declive,,,[]
1114301,106,0,10280005,1,1114301,0,Monster_Name_1114301,,0,119401,2,0,False,0,0,2,1,True,True,40,50,200,30000.0,"[7008501,7008502]",False,0,0,0,0,Gafftail,,,[]
1114302,106,0,10032003,1,1114302,0,Monster_Name_1114302,,0,119401,2,0,False,0,0,2,1,True,True,40,80,200,30000.0,[7000701],False,0,0,0,0,Grumble Oul,,,[]
1114303,106,0,10170001,1,1114303,0,Monster_Name_1114303,,0,119401,2,0,False,0,0,2,1,True,True,40,50,200,30000.0,[7001001],False,0,0,0,0,Percevejo fedorento,,,[]
1114304,106,0,10380003,1,1,0,Monster_Name_1114304,,0,119402,2,0,False,0,0,2,1,True,True,40,120,200,30000.0,[7009106],False,0,0,0,0,Demolis,,,[]
1114305,1,0,16574010,1,1,0,Monster_Name_1114305,,0,0,2,0,False,0,0,2,0,False,False,40,50,200,30000.0,[7107901],False,0,0,0,0,Ovo de Demolis,,,[]
1114306,106,0,10330003,1,1114306,0,Monster_Name_1114306,,0,119403,2,0,False,0,0,2,1,True,True,40,50,200,30000.0,[7005901],False,0,0,0,0,Cinzas,,,[]
1114307,106,0,10360003,1,1114307,0,Monster_Name_1114307,,0,119403,2,0,False,0,0,2,1,True,True,40,50,200,30000.0,[7004201],False,0,0,0,0,Larva Óptica,,,[]
1114308,106,0,10430005,1,1114308,0,Monster_Name_1114308,,0,119403,2,0,False,0,0,2,1,True,True,40,50,200,30000.0,[7008601],False,0,0,0,0,Dracos Infernais,,,[]
1114309,106,0,16010010,1114309,4,0,Monster_Name_1114309,,0,0,2,103,False,0,2,2,1,True,True,100,410,800,30000.0,[7100148],True,0,0,0,0,Larva de Minhoca,,,[]
1114901,1,0,31710000,1,1,10002,,,0,0,1,0,False,0,0,2,0,False,False,40,100,200,3000.0,[],False,0,1,0,0,,,,[]
1114902,1,0,30080000,1,1,10002,,,0,0,1,0,False,0,0,2,0,False,False,40,100,200,3000.0,[],False,0,1,0,0,,,,[]
1114903,1,0,30080000,1,1,10002,,,0,0,1,0,False,0,0,2,0,False,False,40,100,200,3000.0,[],False,0,1,0,0,,,,[]
1114904,1,0,30080000,1,1,10002,,,0,0,1,0,False,0,0,2,0,False,False,40,100,200,3000.0,[],False,0,1,0,0,,,,[]
1114905,1,0,30080001,1,244,10002,,,0,0,2,125,False,0,0,2,1,False,False,0,40,200,5000.0,[9999022],True,0,1,0,0,,,,[]
1114906,1,0,30080000,1,1,10002,,,0,0,1,0,False,0,0,2,0,False,False,40,100,200,3000.0,[],False,0,1,0,0,,,,[]
1115101,1,0,17740014,0,1,10002,NPC_Name_1115101,NPC_Title_1115101,0,0,1,0,False,0,0,2,0,True,False,40,50,200,3000.0,[],False,0,0,0,0,Lotan,Protetor das Estrelas,,[]
1115102,1,0,17740014,0,1,10002,NPC_Name_1115102,NPC_Title_1115102,0,0,1,0,False,0,0,2,0,True,False,40,50,200,3000.0,[],False,0,0,0,0,Lotan,Protetor das Estrelas,,[]
1115103,1,0,17140010,0,1,10002,NPC_Name_1115103,,0,0,1,0,False,0,0,2,0,True,False,0,50,200,3000.0,[],False,0,0,0,0,Pesquisador de Instalações,,,[]
1115104,1,0,19045000,0,1,10002,NPC_Name_1115104,,0,0,1,0,False,0,0,2,0,True,False,40,50,200,3000.0,[],False,0,0,0,0,Reto,,,[]
1115105,1,0,17000005,0,1,10002,NPC_Name_1115105,NPC_Title_1115105,0,0,1,0,False,0,0,2,0,True,False,40,50,200,3000.0,[],False,0,0,0,0,Inez Allen,Entidade Alucinatória,,[]
1115106,1,0,17000006,0,1,10002,NPC_Name_1115106,,0,0,1,0,False,0,0,2,0,True,False,40,50,200,3000.0,[],False,0,0,0,0,Inez Allen,,,[]
1115111,1,0,30080000,100019,1,10002,,,0,0,1,0,False,0,0,2,0,False,False,40,50,200,3000.0,[],False,0,0,0,0,,,,[]
1115191,1,0,17141012,0,1,10002,,,0,0,1,0,False,0,0,2,0,True,False,0,50,200,3000.0,[],False,0,1,0,0,,,,[]
1115192,1,0,17140008,0,1,10002,,,0,0,1,0,False,0,0,2,0,True,False,0,50,200,3000.0,[],False,0,1,0,0,,,,[]
1115193,1,0,17140010,0,1,10002,,,0,0,1,0,False,0,0,2,0,True,False,0,50,200,3000.0,[],False,0,1,0,0,,,,[]
1115194,1,0,17141013,0,1,10002,,,0,0,1,0,False,0,0,2,0,True,False,0,50,200,3000.0,[],False,0,1,0,0,,,,[]
1115195,1,0,17130003,0,1,10002,,,0,0,1,0,False,0,0,2,0,True,False,0,50,200,3000.0,[],False,0,1,0,0,,,,[]
1115196,1,0,17140009,0,1,10002,,,0,0,1,0,False,0,0,2,0,True,False,0,50,200,3000.0,[],False,0,1,0,0,,,,[]
1115201,1,0,30960000,999999,1,1115201,Object_Name_1115201,,0,0,1,117,True,0,0,2,0,True,False,30,60,180,3000.0,[],False,0,2,0,0,Console de Controle das Blast Doors,,,[]
1115202,1,0,30960000,999999,1,1115202,Object_Name_1115202,,0,0,1,117,True,0,0,2,0,True,False,30,60,180,3000.0,[],False,0,2,0,0,Console de Controle das Blast Doors,,,[]
1115203,1,0,30960000,999999,1,1115203,Object_Name_1115203,,0,0,1,117,True,0,0,2,0,True,False,30,60,180,3000.0,[],False,0,2,0,0,Console de Controle das Portas Blindadas,,,[]
1115204,1,0,30960000,999999,1,1115204,Object_Name_1115204,,0,0,1,117,True,0,0,2,0,True,False,30,60,180,3000.0,[],False,0,2,0,0,Console de Controle das Blast Doors,,,[]
1115205,1,0,30960000,999999,1,1115205,Object_Name_1115205,,0,0,1,117,True,0,0,2,0,True,False,30,60,180,3000.0,[],False,0,2,0,0,Console de Controle das Portas Blindadas,,,[]
1115206,1,0,30930003,999999,1,1115206,Object_Name_1115206,,0,0,1,117,True,0,0,2,0,True,False,15,60,180,3000.0,[],False,0,2,0,0,Núcleo Arcano,,,[]
1115311,106,0,10280002,1,1,0,Monster_Name_1115311,,0,119501,2,0,False,0,0,2,1,True,True,40,50,200,30000.0,"[7008501,7008502]",False,0,0,0,0,Gafftail,,,[]
1115312,106,0,10070001,1,1,0,Monster_Name_1115312,,0,119501,2,0,False,0,0,2,1,True,True,80,80,200,30000.0,[7007801],False,0,0,0,0,Nyoka,,,[]
1115321,106,0,10850050,1,1,0,Monster_Name_1115321,,0,119502,2,0,False,0,0,2,1,True,True,40,90,90,30000.0,"[7019501,7019502,7019503]",False,0,0,0,0,Glatt,,,[]
1115322,1,0,10010003,1,1,0,Monster_Name_1115322,,0,119502,2,0,False,0,0,2,1,True,True,40,100,200,30000.0,[7000101],False,0,0,0,0,,,,[]
1115331,106,0,10650000,1,1,0,Monster_Name_1115331,,0,119503,2,0,False,0,0,2,1,True,True,40,50,200,30000.0,"[7008101,7008102,7008103]",False,0,0,0,0,Accretia Infectado,,,[]
1115332,106,0,10630000,1,1,0,Monster_Name_1115332,,0,119503,2,0,False,0,0,2,1,True,True,40,50,200,30000.0,"[7006701,7006702,7006703]",False,0,0,0,0,Bellato Infectado,,,[]
1115333,106,0,10640000,1,1,0,Monster_Name_1115333,,0,119503,2,0,False,0,0,2,1,True,True,40,50,200,30000.0,"[7008001,7008002]",False,0,0,0,0,Cora Infectada,,,[]
1115341,106,0,17780010,1,1,0,Monster_Name_1115341,Monster_Title_119504,0,119504,2,0,False,0,0,2,1,True,True,40,50,200,30000.0,"[91010001,91010002,91010003]",False,0,0,0,0,Scalar Ion,Entidade Alucinatória,,[]
1115342,106,0,18570014,1115342,2,0,Monster_Name_1115342,Monster_Title_119504,0,119504,2,0,False,0,0,2,1,True,True,40,100,200,30000.0,"[7104801,7104802,7104803,7104804]",False,0,0,0,0,Vector Grey,Entidade Alucinatória,,[]
1115343,1,0,17190000,1,1,0,Monster_Name_1115343,Monster_Title_119504,0,119504,2,0,False,0,0,2,1,True,True,30,40,200,30000.0,[7014001],False,0,0,0,0,,Entidade Alucinatória,,[]
1115344,106,0,17020004,1,1,0,Monster_Name_1115344,Monster_Title_119504,0,119504,2,0,False,0,0,2,1,True,True,40,50,200,30000.0,"[7002001,7002002]",False,0,0,0,0,Sheera Lumen,Entidade Alucinatória,,[]
1115345,1,0,17010000,1,1,0,Monster_Name_1115345,Monster_Title_119504,0,119504,2,0,False,0,0,2,1,True,True,40,50,200,30000.0,"[7002201,7002202,7002203]",False,0,0,0,0,,Entidade Alucinatória,,[]
1115346,106,0,18810005,1,1,0,Monster_Name_1115346,Monster_Title_119504,0,119504,2,0,False,0,0,2,1,True,True,30,40,200,30000.0,"[91010001,91010002,91010003]",False,0,0,0,0,Mars Gudelj,Entidade Alucinatória,,[]
1115347,106,0,17240002,1,1,0,Monster_Name_1115347,Monster_Title_119504,0,119504,2,0,False,0,0,2,1,True,True,40,80,200,30000.0,"[7012301,7012302,7012304,7012305]",False,0,0,0,0,Kirill Everrune,Entidade Alucinatória,,[]
1115348,106,0,17250002,1,1,0,Monster_Name_1115348,Monster_Title_119504,0,119504,2,0,False,0,0,2,1,True,True,40,100,200,30000.0,"[7011901,7011902]",False,0,0,0,0,Transeo Vickers,Entidade Alucinatória,,[]
1115391,106,0,16220020,646,185,0,Monster_Name_1115391,,0,0,2,103,False,0,2,2,1,True,True,150,150,600,30000.0,[7100948],True,0,0,0,0,Protetor da Pedra Sagrada,,,[]
1412001,1,0,30330000,0,1,0,,,0,0,1,220,False,0,0,2,0,False,False,0,150,200,3000.0,[],False,0,1,0,0,,,,[]
1412002,1,0,30331000,0,1,0,,,0,0,1,220,False,0,0,2,0,False,False,0,150,200,3000.0,[],False,0,1,0,0,,,,[]
1811001,1,0,30330000,0,1,0,,,0,0,1,220,False,0,0,2,0,False,False,0,150,200,3000.0,[],False,0,1,0,0,,,,[]
1811002,1,0,30530000,999999,1,1811002,Object_Name_227401,,0,0,3,117,False,0,0,2,0,True,False,30,60,180,3000.0,[],False,0,2,0,0,Entrada Secreta,,,[]
1811003,1,0,30530000,999999,1,1811003,Object_Name_227401,,0,0,1,117,False,0,0,2,0,True,False,30,60,180,3000.0,[],False,0,2,0,0,Entrada Secreta,,,[]
2417001,1,0,31200000,0,1,2417001,Object_Name_2417001,,0,0,1,117,False,0,0,2,0,True,False,30,50,180,3000.0,[],False,0,0,0,0,Módulo de Verificação de Arma Sagrada,,,[]
2417002,1,0,31200000,0,1,2417001,Object_Name_2417001,,0,0,1,117,False,0,0,2,0,True,False,30,50,180,3000.0,[],False,0,0,0,0,Módulo de Verificação de Arma Sagrada,,,[]
2417003,1,0,31200000,0,1,2417001,Object_Name_2417001,,0,0,1,117,False,0,0,2,0,True,False,30,50,180,3000.0,[],False,0,0,0,0,Módulo de Verificação de Arma Sagrada,,,[]
2417004,1,0,31200000,0,1,2417001,Object_Name_2417001,,0,0,1,117,False,0,0,2,0,True,False,30,50,180,3000.0,[],False,0,0,0,0,Módulo de Verificação de Arma Sagrada,,,[]
2417005,1,0,31200000,0,1,2417001,Object_Name_2417001,,0,0,1,117,False,0,0,2,0,True,False,30,50,180,3000.0,[],False,0,0,0,0,Módulo de Verificação de Arma Sagrada,,,[]
2417006,1,0,31200000,0,1,2417001,Object_Name_2417001,,0,0,1,117,False,0,0,2,0,True,False,30,50,180,3000.0,[],False,0,0,0,0,Módulo de Verificação de Arma Sagrada,,,[]
2417007,1,0,30380000,0,1,2417007,Object_Name_2417007,,0,0,1,21,False,0,0,2,0,True,False,40,50,180,3000.0,[],False,0,0,0,0,Módulo de Registro de Arma Sagrada,,,[]
3110000,1,0,30320000,999999,1,1323,Object_Name_3110000,,0,0,1,107,False,0,0,2,0,True,False,40,100,180,3000.0,[],False,0,0,0,0,Ver: Baía de Ropus,,,[]
3110001,1,0,30060000,999999,1,1324,Object_Name_500001,,0,0,1,108,False,0,0,2,0,True,False,40,100,180,3000.0,[],False,0,0,0,0,Cápsula de Tesouro,,,[]
3110002,1,0,30061000,999999,1,1324,Object_Name_500001,,0,0,1,108,False,0,0,2,0,True,False,40,100,180,3000.0,[],False,0,0,0,0,Cápsula de Tesouro,,,[]
3110003,1,0,30061000,999999,1,1324,Object_Name_500001,,0,0,1,108,False,0,0,2,0,True,False,40,100,180,3000.0,[],False,0,0,0,0,Cápsula de Tesouro,,,[]
3110004,1,0,30062000,999999,1,1324,Object_Name_500001,,0,0,1,108,False,0,0,2,0,True,False,40,100,180,3000.0,[],False,0,0,0,0,Cápsula de Tesouro,,,[]
3110301,103,1000683,10100002,1,1,0,Monster_Name_3110301,,0,0,2,0,False,0,0,2,0,True,True,40,60,120,3000.0,[7005101],False,0,0,0,0,Ropus Ertelem,,,[77269]
3110302,103,1000684,10220002,1,1,0,Monster_Name_3110302,,0,0,2,0,False,0,0,2,0,True,True,30,50,200,3000.0,[7001901],False,0,0,0,0,Ropus Flem,,,[77269]
3110303,103,1000685,10320000,1,1,0,Monster_Name_3110303,,0,0,2,0,False,0,0,2,0,True,True,40,50,200,3000.0,"[7009001,7009002,7009003]",False,0,0,0,0,Ropus Chuti,,,[77269]
3110304,103,1000686,10130000,1,1,0,Monster_Name_3110304,,0,0,2,0,False,0,0,2,0,True,True,30,50,200,3000.0,[7008801],False,0,0,0,0,Ropus Symbi,,,[77269]
3110305,104,1000687,10910000,1,1,0,Monster_Name_3110305,Monster_Title_3110301,0,110001,2,0,False,0,0,2,0,True,True,40,40,80,3000.0,"[7020201,7020202]",False,0,0,0,0,Invasor Ropus Snatcher,Tribo Iceblade,,[80719]
3110306,104,1000688,10920000,1,1,0,Monster_Name_3110306,Monster_Title_3110301,0,110001,2,0,False,0,0,2,0,True,True,40,40,80,3000.0,[7020301],False,0,0,0,0,Atirador Ropus Snatcher,Tribo Iceblade,,[80719]
3110307,104,1000689,10890000,1,1,0,Monster_Name_3110307,Monster_Title_3110302,0,0,2,0,False,0,0,2,0,True,True,40,70,150,3000.0,"[7020001,7020002,7020003]",False,0,0,0,0,Ropus Vafer Soldado Pesado,Gangue Bypron,,[80719]
3110308,104,1000690,10900000,1,1,0,Monster_Name_3110308,Monster_Title_3110302,0,0,2,0,False,0,0,2,0,True,True,40,50,150,3000.0,"[7020101,7020102]",False,0,0,0,0,Ropus Vafer Soldado de Cerco,Gangue Bypron,,[80719]
3110309,105,1000691,10340002,1,1,0,Monster_Name_3110309,,0,0,2,0,False,0,0,2,0,True,True,40,80,200,3000.0,"[7003801,7003802]",False,0,0,0,0,Ropus Crook,,,[84269]
3110310,105,1000692,10400001,1,1,0,Monster_Name_3110310,,0,0,2,0,False,0,0,2,0,True,True,40,80,200,3000.0,"[7009301,7009302]",False,0,0,0,0,Ropus Anabola,,,[84269]
3110311,105,1000693,10090000,1,1,0,Monster_Name_3110311,,0,0,2,0,False,0,0,2,0,True,True,40,120,200,3000.0,[7007501],False,0,0,0,0,Ropus Fezal,,,[84269]
3110312,105,1000694,10430004,1,1,0,Monster_Name_3110312,,0,0,2,0,False,0,0,2,0,True,True,40,100,200,3000.0,[7008601],False,0,0,0,0,Ropus Infernal Draco,,,[84269]
3110313,106,1000695,10450000,1,1,0,Monster_Name_3110313,,0,0,2,0,False,0,0,2,0,True,True,40,100,200,3000.0,[7012201],False,0,0,0,0,Ropus Lapis,,,[87919]
3110314,106,1000696,10020000,1,1,0,Monster_Name_3110314,,0,0,2,0,False,0,0,2,0,True,True,40,140,200,3000.0,[7001601],False,0,0,0,0,Ropus Kaigar,,,[87919]
3110315,106,1000697,10190002,1,1,0,Monster_Name_3110315,,0,0,2,0,False,0,0,2,0,True,True,50,60,200,3000.0,[7001301],False,0,0,0,0,Ropus Catus,,,[87919]
3110316,106,1000698,10260004,1,1,0,Monster_Name_3110316,,0,0,2,0,False,0,0,2,0,True,True,40,120,200,3000.0,[7004401],False,0,0,0,0,Ropus Fera de Guerra,,,[87919]
3110396,103,1000699,10310003,1,1,0,Monster_Name_3110396,,0,0,2,0,False,0,0,2,1,True,True,40,130,200,1300.0,"[7005801,7005802]",False,0,0,0,0,Brutal Selvagem,,,[77269]
3110397,104,1000700,10130001,1,1,0,Monster_Name_3110397,,0,0,2,0,False,0,0,2,1,True,True,40,80,200,1300.0,[7008801],False,0,0,0,0,Simbiôntico Selvagem,,,[80719]
3110398,105,1000701,10010003,1,1,0,Monster_Name_3110398,,0,0,2,0,False,0,0,2,1,True,True,40,100,200,1300.0,[7000101],False,0,0,0,0,Estilhaçador Selvagem,,,[84269]
3110399,106,1000702,10620001,1,1,0,Monster_Name_3110399,,0,0,2,0,False,0,0,2,1,True,True,40,200,200,1300.0,"[7007901,7007904]",False,0,0,0,0,Canibal Selvagem,,,[87919]
3111101,1,0,18820001,0,1,10002,NPC_Name_3111101,NPC_Title_3111101,0,0,1,0,False,0,0,2,0,True,False,40,50,200,3000.0,[],True,3114101,0,0,0,Dane Whitaker,Mercenários Supremos,,[]
3111102,1,0,19045000,0,1,10002,NPC_Name_3111102,NPC_Title_3111102,0,0,1,0,False,0,0,2,0,True,False,40,50,200,3000.0,[],True,3114102,0,0,0,Reto,Garoto Misterioso,,[]
3111103,1,0,17210000,0,1,10002,NPC_Name_3111103,NPC_Title_3111103,0,0,1,0,False,0,0,2,0,True,False,40,50,200,3000.0,[],True,3114103,0,0,0,Javier Marquez,Líder Supremo dos Mercenários,,[]
3111104,1,0,19068000,0,1,10002,NPC_Name_3111104,NPC_Title_3111104,0,0,1,0,False,0,0,2,0,True,False,40,50,200,3000.0,[],True,3114104,0,0,0,Shalome Soltis,Diretor do Bureau de Investigação Akvaran,,[]
3111105,1,0,19053000,0,1,10002,,,0,0,1,0,False,0,0,2,0,True,False,40,50,200,3000.0,[],False,0,0,0,0,,,,[]
3111106,1,0,19043000,0,1,10002,,,0,0,1,0,False,0,0,2,0,True,False,40,50,200,3000.0,[],False,0,0,0,0,,,,[]
3111107,1,0,19058000,0,1,10002,,,0,0,1,0,False,0,0,2,0,True,False,40,50,200,3000.0,[],False,0,0,0,0,,,,[]
3111108,1,0,18400000,0,1,10002,,,0,0,1,0,False,0,0,2,0,True,False,40,50,200,3000.0,[],False,0,1,0,0,,,,[]
3111109,1,0,18410000,0,1,10002,,,0,0,1,0,False,0,0,2,0,True,False,40,50,200,3000.0,[],False,0,1,0,0,,,,[]
3111201,1,0,30080007,999999,1,1590,Object_Name_3111201,,0,0,1,117,True,0,0,2,0,True,False,0,60,180,3000.0,[],False,0,2,0,0,Terminal,,,[]
3111202,1,0,30910000,999999,1,3111202,Object_Name_3111202,,0,0,1,117,True,0,0,2,0,True,False,0,60,180,3000.0,[],False,0,2,0,0,Suprimentos de Investigador,,,[]
3111203,1,0,30200000,999999,1,2514,Object_Name_3111203,,0,0,1,117,True,0,0,2,0,True,False,0,60,180,3000.0,[],False,0,2,0,0,Dados de Filmagem da Equipe Avançada,,,[]
3111401,1,0,18820001,0,1,10002,NPC_Name_3111401,NPC_Title_3111401,0,0,1,0,False,0,0,2,0,True,False,40,50,200,3000.0,[],True,3111101,0,0,0,Dane Whitaker,Mercenários Supremos,,[]
3111402,1,0,19045000,0,1,10002,NPC_Name_3111402,NPC_Title_3111402,0,0,1,0,False,0,0,2,0,True,False,40,50,200,3000.0,[],True,3111102,0,0,0,Reto,Garoto Misterioso,,[]
3111403,1,0,17210000,0,1,10002,NPC_Name_3111403,NPC_Title_3111403,0,0,1,0,False,0,0,2,0,True,False,40,50,200,3000.0,[],True,3111103,0,0,0,Javier Marquez,Líder Supremo dos Mercenários,,[]
3111404,1,0,19068000,0,1,10002,NPC_Name_3111404,NPC_Title_3111404,0,0,1,0,False,0,0,2,0,True,False,40,50,200,3000.0,[],True,3111104,0,0,0,Shalome Soltis,Diretor do Bureau de Investigação Akvaran,,[]
3112000,1,0,30320000,999999,1,1323,Object_Name_3112000,,0,0,1,107,False,0,0,2,0,True,False,40,100,180,3000.0,[],False,0,0,0,0,Ver: Mina Diamant,,,[]
3112001,1,0,30060000,999999,1,1324,Object_Name_500001,,0,0,1,108,False,0,0,2,0,True,False,40,100,180,3000.0,[],False,0,0,0,0,Cápsula de Tesouro,,,[]
3112002,1,0,30061000,999999,1,1324,Object_Name_500001,,0,0,1,108,False,0,0,2,0,True,False,40,100,180,3000.0,[],False,0,0,0,0,Cápsula de Tesouro,,,[]
3112003,1,0,30061000,999999,1,1324,Object_Name_500001,,0,0,1,108,False,0,0,2,0,True,False,40,100,180,3000.0,[],False,0,0,0,0,Cápsula de Tesouro,,,[]
3112004,1,0,30062000,999999,1,1324,Object_Name_500001,,0,0,1,108,False,0,0,2,0,True,False,40,100,180,3000.0,[],False,0,0,0,0,Cápsula de Tesouro,,,[]
3112101,1,0,17210000,0,1,10002,NPC_Name_3112101,NPC_Title_3112101,0,0,1,0,False,0,0,2,0,True,False,40,50,200,3000.0,[],False,0,2,0,0,Javier Marquez,Líder Supremo dos Mercenários,,[]
3112102,1,0,19068000,0,1,10002,NPC_Name_3112102,NPC_Title_3112102,0,0,1,0,False,0,0,2,0,True,False,40,50,200,3000.0,[],False,0,2,0,0,Shalome Soltis,Diretor do Bureau de Investigação Akvaran,,[]
3112103,1,0,19045000,0,1,10002,NPC_Name_3112103,NPC_Title_3112103,0,0,1,0,False,0,0,2,0,True,False,40,50,200,3000.0,[],False,0,2,0,0,Reto,Garoto Misterioso,,[]
3112104,1,0,17220000,0,1,10002,NPC_Name_3112104,NPC_Title_3112104,0,0,1,0,False,0,0,2,0,True,False,40,50,200,3000.0,[],False,0,2,0,0,Thornfield,Investigador Akvaran,,[]
3112105,1,0,17220000,0,1,10002,NPC_Name_3112105,NPC_Title_3112105,0,0,1,0,False,0,0,2,0,True,False,40,50,200,3000.0,[],True,3112401,2,0,0,Corvo,Investigador Akvaran,,[]
3112121,1,0,19043000,0,1,10002,,,0,0,1,0,False,0,0,2,0,True,False,40,50,200,3000.0,[],False,0,2,0,0,,,,[]
3112122,1,0,19058000,0,1,10002,,,0,0,1,0,False,0,0,2,0,True,False,40,50,200,3000.0,[],False,0,2,0,0,,,,[]
3112123,1,0,18400000,0,1,10002,,,0,0,1,0,False,0,0,2,0,True,False,40,50,200,3000.0,[],False,0,1,0,0,,,,[]
3112124,1,0,18410000,0,1,10002,,,0,0,1,0,False,0,0,2,0,True,False,40,50,200,3000.0,[],False,0,1,0,0,,,,[]
3112131,1,0,18660010,0,1,10002,NPC_Name_3112131,NPC_Title_3112131,0,0,1,13,False,0,0,2,0,True,False,40,50,200,3000.0,[],False,0,2,0,0,Cadwell,Minerador,,[]
3112132,1,0,17221001,0,1,10002,NPC_Name_3112132,NPC_Title_3112132,0,0,1,13,False,0,0,2,0,True,False,40,50,200,3000.0,[],False,0,2,0,0,Taylor,Investigador Akvaran,,[]
3112133,1,0,17220001,0,1,10002,NPC_Name_3112133,NPC_Title_3112133,0,0,1,13,False,0,0,2,0,True,False,40,50,200,3000.0,[],False,0,2,0,0,Gehrig,Investigador Akvaran,,[]
3112134,1,0,17180010,0,1,10002,NPC_Name_3112134,NPC_Title_3112134,0,0,1,13,False,0,0,2,0,True,False,40,50,200,3000.0,[],False,0,2,0,0,Forrest,Ativista Ambiental,,[]
3112135,1,0,17510012,0,1,10002,NPC_Name_3112135,NPC_Title_3112135,0,0,1,13,False,0,0,2,0,True,False,40,50,200,3000.0,[],False,0,2,0,0,Sábio,Guardião do Ferro-velho,,[]
3112171,1,0,17490010,0,1,10002,NPC_Name_3112171,NPC_Title_3112171,0,0,1,0,False,0,0,2,0,True,False,40,50,200,3000.0,[],False,0,2,0,0,Koyan,Liaison,,[]
3112181,1,0,17600000,0,1,10002,NPC_Name_3112181,NPC_Title_3112181,0,0,1,0,False,0,0,2,0,True,False,40,50,200,3000.0,[],False,0,2,0,0,Otto,Funcionário Lydian,,[]
3112182,1,0,18770000,0,1,10002,NPC_Name_3112182,NPC_Title_3112182,0,0,1,0,False,0,0,2,0,True,False,40,50,200,3000.0,[],False,0,2,0,0,Satchi,Sentinela,,[]
3112191,1,0,19063000,0,1,10002,NPC_Name_3112191,NPC_Title_3112191,0,0,1,0,False,0,0,2,0,True,False,40,50,200,3000.0,[],False,0,2,0,0,Kujo,Agente de Inteligência Cora,,[]
3112201,1,0,30080000,999999,1,2546,Object_Name_3112201,,0,0,1,117,True,0,0,2,0,True,False,30,60,180,3000.0,[],False,0,2,0,0,Marca Suspeita,,,[]
3112202,1,0,30720000,999999,1,2503,Object_Name_3112202,,0,0,1,117,True,0,0,2,0,True,False,30,60,180,3000.0,[],False,0,2,0,0,Cadáver do Investigador,,,[]
3112203,1,0,30120001,999999,1,2546,Object_Name_3112203,,0,0,1,117,True,0,0,2,0,True,False,30,60,180,3000.0,[],False,0,2,0,0,Android Suspeito,,,[]
3112204,1,0,30080008,999999,1,3112204,Object_Name_3112204,,0,0,1,117,True,0,0,2,0,True,False,30,60,180,3000.0,[],False,0,2,0,0,Verifique o Reto,,,[]
3112271,1,0,30080000,999999,1,3112271,Object_Name_3112271,,0,0,1,117,True,0,0,2,0,True,False,30,60,180,3000.0,[],False,0,2,0,0,Extrair Amostra de Contaminação,,,[]
3112281,1,0,30200000,999999,1,2523,Object_Name_3112281,,0,0,1,117,True,0,0,2,0,True,False,30,60,180,3000.0,[],False,0,2,0,0,Transceptor Lydian,,,[]
3112282,1,0,30150000,999999,1,3112282,Object_Name_3112282,,0,0,1,117,True,0,0,2,0,True,False,30,60,180,3000.0,[],False,0,2,0,0,Kit de Drone,,,[]
3112283,1,0,31190000,999999,1,3112283,Object_Name_3112283,,0,0,1,117,True,0,0,2,0,True,False,30,60,180,3000.0,[],False,0,2,0,0,Unidade de Orientação de Drones,,,[]
3112284,1,0,30080000,999999,1,3112284,Object_Name_3112284,,0,0,1,117,True,0,0,2,0,True,False,30,60,180,3000.0,[],False,0,2,0,0,Unidade de Orientação de Drones,,,[]
3112291,1,0,30080000,999999,1,2546,Object_Name_3112291,,0,0,1,117,True,0,0,2,0,True,False,30,60,180,3000.0,[],False,0,2,0,0,Destroços Destruídos,,,[]
3112292,1,0,30260001,999999,1,2506,Object_Name_3112292,,0,0,1,117,True,0,0,2,0,True,False,30,60,180,3000.0,[],False,0,2,0,0,Dispositivo de Motor Queimado,,,[]
3112293,1,0,31510000,999999,1,2006,Object_Name_3112293,,0,0,1,117,True,0,0,2,0,True,False,30,60,180,3000.0,[],False,0,2,0,0,Fragmento de Asa Danificada,,,[]
3112294,1,0,30200000,999999,1,2523,Object_Name_3112294,,0,0,1,117,True,0,0,2,0,True,False,30,60,180,3000.0,[],False,0,2,0,0,Analisador de Destroços,,,[]
3112301,92,1000623,10480000,1,1,0,Monster_Name_3112301,Monster_Title_112001,0,112001,2,0,False,0,0,2,0,True,True,40,50,200,3000.0,[7002901],False,0,0,0,0,Drone de Braços Chrome,Mercenário Contratado por Karons,,[40169]
3112302,92,1000624,11060000,1,1,0,Monster_Name_3112302,Monster_Title_112001,0,112001,2,0,False,0,0,2,0,True,True,40,50,200,3000.0,[7021801],False,0,0,0,0,Sentinela de Braços Chrome,Mercenário Contratado por Karons,,[40169]
3112303,92,1000625,11080000,1,1,0,Monster_Name_3112303,Monster_Title_112001,0,112001,2,0,False,0,0,2,0,True,True,40,60,200,3000.0,"[7022101,7022102]",False,0,0,0,0,Chrome Arms Shocktrooper,Mercenário Contratado por Karons,,[40169]
3112304,92,1000626,11070000,1,1,0,Monster_Name_3112304,Monster_Title_112001,0,112001,2,0,False,0,0,2,0,True,True,40,50,200,3000.0,[7021901],False,0,0,0,0,Auxiliar de Armas Chrome Trooper,Mercenário Contratado por Karons,,[40169]
3112305,93,1000627,10490001,1,1,0,Monster_Name_3112305,Monster_Title_112002,0,112002,2,0,False,0,0,2,0,True,True,50,90,200,3000.0,[7003201],False,0,0,0,0,Sniffer de Diamante,Máquina de Combate Hackeada,,[43669]
3112306,93,1000628,18800050,1,1,0,Monster_Name_3112306,Monster_Title_112002,0,112002,2,0,False,0,0,2,0,True,True,40,60,200,3000.0,"[7013701,7013702,7013703]",False,0,0,0,0,Diamante Vanguarda,Máquina de Combate Hackeada,,[43669]
3112307,93,1000629,17430003,317,1,0,Monster_Name_3112307,Monster_Title_112002,0,112002,2,0,False,0,0,2,0,True,True,40,100,310,3000.0,"[7013901,7013902]",False,0,0,0,0,Assaltante de Diamante,Máquina de Combate Hackeada,,[43669]
3112308,93,1000630,10410002,1,1,0,Monster_Name_3112308,Monster_Title_112002,0,112002,2,0,False,0,0,2,0,True,True,40,70,200,3000.0,[7008201],False,0,0,0,0,Passer Alpha de Diamante,Máquina de Combate Hackeada,,[43669]
3112309,94,1000631,10690011,1,1,0,Monster_Name_3112309,Monster_Title_112003,0,112003,2,0,False,0,0,2,0,True,True,34,50,200,3000.0,[7002501],False,0,0,0,0,Sentinela Presa Branca,Força Expedicionária Helas,,[45919]
3112310,94,1000632,10694004,1,1,0,Monster_Name_3112310,Monster_Title_112003,0,112003,2,0,False,0,0,2,0,True,True,40,50,200,3000.0,[7005301],False,0,0,0,0,Cavalaria Pesada White Fang,Força Expedicionária Helas,,[45919]
3112311,94,1000633,10692004,1,1,0,Monster_Name_3112311,Monster_Title_112003,0,112003,2,0,False,0,0,2,0,True,True,40,50,200,3000.0,[7005401],False,0,0,0,0,Combatente Mech Presa Branca,Força Expedicionária Helas,,[45919]
3112312,94,1000634,10693008,1,1,0,Monster_Name_3112312,Monster_Title_112003,0,112003,2,0,False,0,0,2,0,True,True,35,50,200,3000.0,"[7005404,7005405,7005406]",False,0,0,0,0,Super Soldado Presa Branca,Força Expedicionária Helas,,[45919]
3112391,92,1000635,10810003,1,1,0,Monster_Name_3112391,,0,0,2,0,False,0,0,2,1,True,True,40,60,80,1300.0,"[7012401,7012402]",False,0,0,0,0,Bork de Assalto Desenfreado,,,[40169]
3112392,93,1000636,10831002,1,1,0,Monster_Name_3112392,,0,0,2,0,False,0,0,2,1,True,True,40,80,200,1300.0,"[7015801,7015802]",False,0,0,0,0,Junker Desenfreado,,,[43669]
3112393,94,1000637,10842001,1,1,0,Monster_Name_3112393,,0,0,2,0,False,0,0,2,1,True,True,40,50,200,1300.0,[7018302],False,0,0,0,0,Pathfinder Desenfreado,,,[45919]
3112401,1,0,17220000,0,1,10002,NPC_Name_3112401,NPC_Title_3112401,0,0,1,0,False,0,0,2,0,True,False,40,50,200,3000.0,[],True,3112105,0,0,0,Corvo,Investigador Akvaran,,[]
3112402,1,0,17210000,0,1,10002,NPC_Name_3112402,NPC_Title_3112402,0,0,1,0,False,0,0,2,0,True,False,40,50,200,3000.0,[],False,0,0,0,0,Javier Marquez,Líder Supremo dos Mercenários,,[]
3112403,1,0,19068000,0,1,10002,NPC_Name_3112403,NPC_Title_3112403,0,0,1,0,False,0,0,2,0,True,False,40,50,200,3000.0,[],False,0,0,0,0,Shalome Soltis,Diretor do Bureau de Investigação Akvaran,,[]
3112404,1,0,19045000,0,1,10002,NPC_Name_3112404,NPC_Title_3112404,0,0,1,0,False,0,0,2,0,True,False,40,50,200,3000.0,[],False,0,0,0,0,Reto,Garoto Misterioso,,[]
3112405,1,0,30080000,1,1,10002,,,0,0,1,0,False,0,0,2,0,False,False,40,100,200,3000.0,[],False,0,0,0,0,,,,[]
3112406,1,0,30080000,1,1,10002,,,0,0,1,0,False,0,0,2,0,False,False,40,100,200,3000.0,[],False,0,0,0,0,,,,[]
3112407,1,0,30080000,1,1,10002,,,0,0,1,0,False,0,0,2,0,False,False,40,100,200,3000.0,[],False,0,0,0,0,,,,[]
3112501,1,0,30150000,999999,1,3112501,Object_Name_3112501,,0,0,1,117,True,0,0,2,0,True,False,30,60,180,3000.0,[],False,0,2,0,0,Caixa Preta,,,[]
3112502,1,0,30080000,999999,1,3112502,Object_Name_3112502,,0,0,1,117,True,0,0,2,0,True,False,30,60,180,3000.0,[],False,0,2,0,0,Analisar Caixa Preta,,,[]
3112601,94,0,10680004,3112601,300811,0,Monster_Name_3112601,,0,0,2,103,False,0,2,2,0,True,True,40,100,200,30000.0,[7010801],False,0,0,0,0,Olho da Perdição,,,[]
3112602,94,0,10680003,1,1,0,Monster_Name_3112602,,0,112101,2,0,False,0,0,2,0,True,True,40,40,200,30000.0,[7010801],False,0,0,0,0,Lança Karon,,,[]
3112603,94,0,10681001,1,300818,0,Monster_Name_3112603,,0,112101,2,0,False,0,0,2,0,True,True,40,50,200,30000.0,"[7010701,7010702]",False,0,0,0,0,Executor Karon,,,[]
3112604,94,0,10682001,1,1,0,Monster_Name_3112604,,0,112101,2,0,False,0,0,2,0,True,True,40,50,200,30000.0,[7011001],False,0,0,0,0,Karon Tático,,,[]
3112605,94,0,10683001,1,1,0,Monster_Name_3112605,,0,112101,2,0,False,0,0,2,0,True,True,40,50,200,30000.0,"[7010901,7010902]",False,0,0,0,0,Assassino Karon,,,[]
3112606,94,0,10684001,1,1,0,Monster_Name_3112606,,0,112101,2,0,False,0,0,2,0,True,True,40,50,200,30000.0,"[7010501,7010502]",False,0,0,0,0,Karon Shocktrooper,,,[]
3112607,94,0,10685001,1,1,0,Monster_Name_3112607,,0,112101,2,0,False,0,0,2,0,True,True,40,50,200,30000.0,[7010401],False,0,0,0,0,Sniper Karon,,,[]
3113000,1,0,30320000,999999,1,1323,Object_Name_3113000,,0,0,1,107,False,0,0,2,0,True,False,40,100,180,3000.0,[],False,0,0,0,0,Ver: Campo Nevado Stray,,,[]
3113001,1,0,30060000,999999,1,1324,Object_Name_500001,,0,0,1,108,False,0,0,2,0,True,False,40,100,180,3000.0,[],False,0,0,0,0,Cápsula de Tesouro,,,[]
3113002,1,0,30061000,999999,1,1324,Object_Name_500001,,0,0,1,108,False,0,0,2,0,True,False,40,100,180,3000.0,[],False,0,0,0,0,Cápsula de Tesouro,,,[]
3113003,1,0,30061000,999999,1,1324,Object_Name_500001,,0,0,1,108,False,0,0,2,0,True,False,40,100,180,3000.0,[],False,0,0,0,0,Cápsula de Tesouro,,,[]
3113004,1,0,30062000,999999,1,1324,Object_Name_500001,,0,0,1,108,False,0,0,2,0,True,False,40,100,180,3000.0,[],False,0,0,0,0,Cápsula de Tesouro,,,[]
3113101,1,0,17750000,0,1,10002,NPC_Name_3113101,NPC_Title_3113101,0,0,1,0,False,0,0,2,0,True,False,40,50,200,3000.0,[],False,0,0,0,0,Sitz Paro,Protetor das Estrelas,,[]
3113102,1,0,19045000,0,1,10002,NPC_Name_3113102,NPC_Title_3113102,0,0,1,0,False,0,0,2,0,True,False,40,50,200,3000.0,[],False,0,0,0,0,Reto,Fragmento de Lotan,,[]
3113103,1,0,17750000,0,1,10002,NPC_Name_3113103,NPC_Title_3113103,0,0,1,0,False,0,0,2,0,True,False,40,50,200,3000.0,[],False,0,0,0,0,Sitz Paro,Protetor das Estrelas,,[]
3113104,1,0,19045000,0,1,10002,NPC_Name_3113104,NPC_Title_3113104,0,0,1,0,False,0,0,2,0,True,False,40,50,200,3000.0,[],False,0,0,0,0,Reto,Fragmento de Lotan,,[]
3113105,1,0,17560000,0,1,10002,NPC_Name_3113105,NPC_Title_3113105,0,0,1,0,False,0,0,2,0,True,False,40,50,200,3000.0,[],False,0,0,0,0,Noah,Robô de Manutenção Central,,[]
3113106,1,0,17750000,0,1,10002,NPC_Name_3113106,NPC_Title_3113106,0,0,1,0,False,0,0,2,0,True,False,40,50,200,3000.0,[],False,0,0,0,0,Sitz Paro,Protetor das Estrelas,,[]
3113107,1,0,19045000,0,1,10002,NPC_Name_3113107,NPC_Title_3113107,0,0,1,0,False,0,0,2,0,True,False,40,50,200,3000.0,[],False,0,0,0,0,Reto,Fragmento de Lotan,,[]
3113108,1,0,17560000,0,1,10002,NPC_Name_3113108,NPC_Title_3113108,0,0,1,0,False,0,0,2,0,True,False,40,50,200,3000.0,[],False,0,0,0,0,Noah,Robô de Manutenção Central,,[]
3113109,1,0,17750000,0,1,10002,NPC_Name_3113109,NPC_Title_3113109,0,0,1,0,False,0,0,2,0,True,False,40,50,200,3000.0,[],False,0,0,0,0,Sitz Paro,Protetor das Estrelas,,[]
3113110,1,0,19045000,0,1,10002,NPC_Name_3113110,NPC_Title_3113110,0,0,1,0,False,0,0,2,0,True,False,40,50,200,3000.0,[],False,0,0,0,0,Reto,Fragmento de Lotan,,[]
3113111,1,0,17560000,0,1,10002,NPC_Name_3113111,NPC_Title_3113111,0,0,1,0,False,0,0,2,0,True,False,40,50,200,3000.0,[],False,0,0,0,0,Noah,Robô de Manutenção Central,,[]
3113112,1,0,17750000,0,1,10002,NPC_Name_3113112,NPC_Title_3113112,0,0,1,0,False,0,0,2,0,True,False,40,50,200,3000.0,[],False,0,0,0,0,Sitz Paro,Protetor das Estrelas,,[]
3113113,1,0,30650001,0,1,10002,,,0,0,1,0,False,0,0,2,0,True,False,40,35,200,3000.0,[],False,0,0,0,0,,,,[]
3113114,1,0,17560000,0,1,10002,NPC_Name_3113114,,0,0,1,0,False,0,0,2,0,True,False,40,50,200,3000.0,[],False,0,0,0,0,Noah,,,[]
3113115,1,0,31590000,0,1,10002,NPC_Name_3113115,,0,0,1,0,False,0,0,2,0,True,False,40,50,200,3000.0,[],False,0,0,0,0,Boneco de Neve,,,[]
3113116,1,0,31600000,0,1,10002,NPC_Name_3113116,,0,0,1,0,False,0,0,2,0,True,False,40,50,200,3000.0,[],False,0,0,0,0,Boneco de Neve,,,[]
3113117,1,0,31610000,0,1,10002,NPC_Name_3113117,,0,0,1,0,False,0,0,2,0,True,False,40,50,200,3000.0,[],False,0,0,0,0,Boneco de Neve Quebrado,,,[]
3113118,1,0,31590000,0,1,10002,,,0,0,1,0,False,0,0,2,0,True,False,40,50,200,3000.0,[],False,0,0,0,0,,,,[]
3113119,1,0,31600000,0,1,10002,,,0,0,1,0,False,0,0,2,0,True,False,40,50,200,3000.0,[],False,0,0,0,0,,,,[]
3113120,1,0,31610000,0,1,10002,,,0,0,1,0,False,0,0,2,0,True,False,40,50,200,3000.0,[],False,0,0,0,0,,,,[]
3113141,1,0,19056000,0,1,10002,NPC_Name_3113141,NPC_Title_3113141,0,0,1,13,False,0,0,2,0,True,False,40,50,200,3000.0,[],False,0,0,0,0,Erdo,Analista de Informações,,[]
3113142,1,0,19054000,0,1,10002,NPC_Name_3113142,NPC_Title_3113142,0,0,1,13,False,0,0,2,0,True,False,40,50,200,3000.0,[],False,0,0,0,0,Elroy,Pesquisador de Previsão do Tempo,,[]
3113143,1,0,19055000,0,1,10002,NPC_Name_3113143,NPC_Title_3113143,0,0,1,13,False,0,0,2,0,True,False,40,50,200,3000.0,[],False,0,0,0,0,Isabelle,Inspetor de Comunicações,,[]
3113144,1,0,19053000,0,1,10002,NPC_Name_3113144,NPC_Title_3113144,0,0,1,13,False,0,0,2,0,True,False,40,50,200,3000.0,[],False,0,0,0,0,Tristan,Analista de Tecnologia,,[]
3113145,1,0,17180010,0,1,10002,NPC_Name_3113145,NPC_Title_3113145,0,0,1,13,False,0,0,2,0,True,False,40,50,200,3000.0,[],False,0,0,0,0,Silah,Inspetor Despachado,,[]
3113171,1,0,17560000,0,1,10002,NPC_Name_3113171,,0,0,1,0,False,0,0,2,0,True,False,40,50,200,3000.0,[],False,0,0,0,0,Steiner 1375,,,[]
3113172,1,0,17560000,0,1,10002,NPC_Name_3113172,,0,0,1,0,False,0,0,2,0,True,False,40,50,200,3000.0,[],False,0,0,0,0,Steiner 1375,,,[]
3113173,1,0,19062000,0,1,10002,NPC_Name_3113173,NPC_Title_3113173,0,0,1,0,False,0,0,2,0,True,False,40,50,200,3000.0,[],False,0,0,0,0,Tridshof,Investigador,,[]
3113174,1,0,19062000,0,1,10002,NPC_Name_3113174,NPC_Title_3113174,0,0,1,0,False,0,0,2,0,True,False,40,50,200,3000.0,[],False,0,0,0,0,Tridshof,Investigador,,[]
3113175,1,0,17180010,0,1,10002,NPC_Name_3113175,NPC_Title_3113175,0,0,1,0,False,0,0,2,0,True,False,40,50,200,3000.0,[],False,0,0,0,0,Selena,Pesquisador Dedicado,,[]
3113176,1,0,17180010,0,1,10002,NPC_Name_3113176,NPC_Title_3113176,0,0,1,0,False,0,0,2,0,True,False,40,50,200,3000.0,[],False,0,0,0,0,Selena,Pesquisador Dedicado,,[]
3113177,1,0,18660010,0,1,10002,NPC_Name_3113177,NPC_Title_3113177,0,0,1,0,False,0,0,2,0,True,False,40,50,200,3000.0,[],False,0,0,0,0,Juan,Pesquisador de Gerador de Energia,,[]
3113178,1,0,18980010,0,1,10002,NPC_Name_3113178,NPC_Title_3113178,0,0,1,0,False,0,0,2,0,True,False,40,50,200,3000.0,[],False,0,0,0,0,Cherki,Assistente Administrativo Decemist,,[]
3113179,1,0,18980010,0,1,10002,NPC_Name_3113179,NPC_Title_3113179,0,0,1,0,False,0,0,2,0,True,False,40,50,200,3000.0,[],False,0,0,0,0,Cherki,Assistente Administrativo Decemist,,[]
3113201,1,0,31330001,999999,1,3113201,Object_Name_3113201,,0,0,1,117,True,0,0,2,0,True,False,30,60,180,3000.0,[],False,0,2,0,0,Console de Registro de Energia,,,[]
3113202,1,0,31330001,999999,1,3113202,Object_Name_3113202,,0,0,1,117,True,0,0,2,0,True,False,30,60,180,3000.0,[],False,0,2,0,0,Console de Registro de Dados,,,[]
3113203,1,0,30080007,999999,1,3113203,Object_Name_3113203,,0,0,1,117,True,0,0,2,0,True,False,0,60,180,3000.0,[],False,0,2,0,0,Verificar Localização da Instalação de Armazenamento de Dados,,,[]
3113204,1,0,31200000,999999,1,3113204,Object_Name_3113204,,0,0,1,117,True,0,0,2,0,True,False,30,60,180,3000.0,[],False,0,2,0,0,SLC-1A,,,[]
3113205,1,0,31200000,999999,1,3113205,Object_Name_3113205,,0,0,1,117,True,0,0,2,0,True,False,30,60,180,3000.0,[],False,0,2,0,0,SLC-1B,,,[]
3113206,1,0,31330001,999999,1,3113206,Object_Name_3113206,,0,0,1,117,True,0,0,2,0,True,False,0,60,180,3000.0,[],False,0,2,0,0,Primeira Instalação de Armazenamento de Dados,,,[]
3113207,1,0,31200000,999999,1,3113207,Object_Name_3113207,,0,0,1,117,True,0,0,2,0,True,False,30,60,180,3000.0,[],False,0,2,0,0,SLC-2A,,,[]
3113208,1,0,31330001,999999,1,3113208,Object_Name_3113208,,0,0,1,117,True,0,0,2,0,True,False,0,60,180,3000.0,[],False,0,2,0,0,Segunda Instalação de Armazenamento de Dados,,,[]
3113209,1,0,31200000,999999,1,3113209,Object_Name_3113209,,0,0,1,117,True,0,0,2,0,True,False,30,60,180,3000.0,[],False,0,2,0,0,SLC-3A,,,[]
3113210,1,0,30120007,999999,1,3113210,Object_Name_3113210,,0,0,1,117,True,0,0,2,0,True,False,30,60,180,3000.0,[],False,0,2,0,0,Noé Destruído,,,[]
3113211,1,0,30080007,999999,1,3113211,Object_Name_3113211,,0,0,1,117,True,0,0,2,0,True,False,0,60,180,3000.0,[],False,0,2,0,0,Entrada da Caverna de Gelo,,,[]
3113212,1,0,31330002,999999,1,3113208,,,0,0,1,117,True,0,0,2,0,True,False,30,60,180,3000.0,[],False,0,2,0,0,,,,[]
3113271,1,0,30180000,999999,1,3113271,Object_Name_3113271,,0,0,1,117,True,0,0,2,0,True,False,30,60,180,3000.0,[],False,0,2,0,0,Caixa Suspeita,,,[]
3113272,1,0,30820000,999999,1,3113272,Object_Name_3113272,,0,0,1,117,True,0,0,2,0,True,False,30,60,180,3000.0,[],False,0,2,0,0,Dispositivo de Sinal Misterioso,,,[]
3113273,1,0,30390000,999999,1,3113273,Object_Name_3113273,,0,0,1,117,True,0,0,2,0,True,False,30,60,180,3000.0,[],False,0,2,0,0,Caixa de Amostra Experimental,,,[]
3113274,1,0,31580000,999999,1,3113274,Object_Name_3113274,,0,0,1,117,True,0,0,2,0,True,False,0,60,180,3000.0,[],False,0,2,0,0,Flor Vermelha,,,[]
3113275,1,0,30050000,999999,1,3113275,Object_Name_3113275,,0,0,1,117,True,0,0,2,0,True,False,30,60,180,3000.0,[],False,0,2,0,0,Terminal de Controle de Energia,,,[]
3113276,1,0,30940002,999999,1,3113276,Object_Name_3113276,,0,0,1,117,True,0,0,2,0,True,False,30,60,180,3000.0,[],False,0,2,0,0,Gerador de Energia Compacto,,,[]
3113277,1,0,31330001,999999,1,3113277,Object_Name_3113277,,0,0,1,117,True,0,0,2,0,True,False,0,60,180,3000.0,[],False,0,2,0,0,Instalação de Armazenamento de Dados,,,[]
3113278,1,0,31330002,999999,1,3113278,Object_Name_3113278,,0,0,1,117,True,0,0,2,0,True,False,0,60,180,3000.0,[],False,0,2,0,0,Instalação de Armazenamento de Dados,,,[]
3113279,1,0,31330002,999999,1,3113279,Object_Name_3113279,,0,0,1,117,True,0,0,2,0,True,False,0,60,180,3000.0,[],False,0,2,0,0,Instalação de Armazenamento de Dados,,,[]
3113280,1,0,31330001,999999,1,3113280,Object_Name_3113280,,0,0,1,117,True,0,0,2,0,True,False,0,60,180,3000.0,[],False,0,2,0,0,Instalação de Armazenamento de Dados,,,[]
3113301,95,1000638,10825002,1,1,0,Monster_Name_3113301,Monster_Title_113001,0,113001,2,0,False,0,0,2,0,True,True,30,40,200,3000.0,"[7014501,7014502,7014503]",False,0,0,0,0,Assassino Soma Perdido,Guilda Karak,,[48269]
3113302,95,1000639,10826002,1,1,0,Monster_Name_3113302,Monster_Title_113001,0,113001,2,0,False,0,0,2,0,True,True,40,60,120,3000.0,"[7015901,7015902]",False,0,0,0,0,Guerreiro Pesado Soma Perdido,Guilda Karak,,[48269]
3113303,95,1000640,10827002,1,1,0,Monster_Name_3113303,Monster_Title_113001,0,113001,2,0,False,0,0,2,0,True,True,40,60,120,3000.0,"[7016001,7016002]",False,0,0,0,0,Shockmancer Soma Perdido,Guilda Karak,,[48269]
3113304,95,1000641,10833002,1,1,0,Monster_Name_3113304,,0,0,2,0,False,0,0,2,0,True,True,40,40,60,3000.0,[7017701],False,0,0,0,0,Cirurgião Perdido,,,[48269]
3113305,96,1000642,10832003,1,1,0,Monster_Name_3113305,,0,0,2,0,False,0,0,2,0,True,True,60,150,130,3000.0,"[7016101,7016102,7016103]",False,0,0,0,0,Docker Perdido,,,[50719]
3113306,96,1000643,10834001,1,1,0,Monster_Name_3113306,,0,0,2,0,False,0,0,2,0,True,True,30,40,50,3000.0,"[7016301,7016302]",False,0,0,0,0,Médico Perdido,,,[50719]
3113307,96,1000644,11030000,1,1,0,Monster_Name_3113307,,0,0,2,0,False,0,0,2,0,True,True,40,120,200,3000.0,"[7021501,7021502,7021503]",False,0,0,0,0,Skarz Skorm Perdido,,,[50719]
3113308,96,1000645,11040000,1,1,0,Monster_Name_3113308,,0,0,2,0,False,0,0,2,0,True,True,40,120,200,3000.0,"[7021601,7021602]",False,0,0,0,0,Presa de Skorm Perdida,,,[50719]
3113309,97,1000646,11020000,1,1,0,Monster_Name_3113309,,0,0,2,0,False,0,0,2,0,True,True,40,120,200,3000.0,[7021401],False,0,0,0,0,Skorm Novs Perdido,,,[53269]
3113310,97,1000647,10844000,1,1,0,Monster_Name_3113310,Monster_Title_113004,0,113004,2,0,False,0,0,2,0,True,True,40,50,120,3000.0,"[7019101,7019102,7019103]",False,0,0,0,0,Guerreiro Nether Perdido,Legião Âncora da Ganância,,[53269]
3113311,97,1000648,10846000,1,1,0,Monster_Name_3113311,Monster_Title_113004,0,113004,2,0,False,0,0,2,0,True,True,40,120,120,3000.0,"[7018901,7018902,7018903]",False,0,0,0,0,Aniquilador Nether Perdido,Legião Âncora da Ganância,,[53269]
3113312,97,1000649,10845000,1,1,0,Monster_Name_3113312,Monster_Title_113004,0,113004,2,0,False,0,0,2,0,True,True,40,50,120,3000.0,[7019001],False,0,0,0,0,Sentinela Nether Perdido,Legião Âncora da Ganância,,[53269]
3113397,95,1000650,10842001,1,1,0,Monster_Name_3113397,,0,0,2,0,False,0,0,2,1,True,True,40,40,50,1300.0,[7018302],False,0,0,0,0,Pathfinder Desenfreado,,,[48269]
3113398,96,1000651,10823002,1,1,0,Monster_Name_3113398,,0,0,2,0,False,0,0,2,1,True,True,40,40,80,1300.0,"[7016401,7016402]",False,0,0,0,0,Fantasma Blindado Enfurecido,,,[50719]
3113399,97,1000652,10831002,1,1,0,Monster_Name_3113399,,0,0,2,0,False,0,0,2,1,True,True,40,80,140,1300.0,"[7015801,7015802]",False,0,0,0,0,Junker Desenfreado,,,[53269]
3113401,1,0,17320000,0,1,10002,NPC_Name_3113401,,0,0,1,0,False,0,0,2,0,True,False,40,50,200,3000.0,[],False,0,0,0,0,Ada,,,[]
3113501,1,0,19045004,999999,1,3113501,Object_Name_3113501,,0,0,1,117,False,0,0,2,0,True,False,30,60,180,3000.0,[],False,0,2,0,0,Reto,,,[]
3113601,95,0,17320006,313,313,0,Monster_Name_3113601,,0,0,2,103,False,0,2,2,0,True,True,40,60,200,30000.0,[7103301],True,0,0,0,0,Ada,,,[]
3113602,93,0,10680000,1,1,0,Monster_Name_3113602,Monster_Title_113101,0,113101,2,0,False,0,0,2,1,True,True,40,50,200,30000.0,[7010809],False,0,0,0,0,Lança de Karon,Perseguidor das Trevas,,[]
3113603,93,0,10681000,1,1,0,Monster_Name_3113603,Monster_Title_113101,0,113101,2,0,False,0,0,2,1,True,True,40,50,200,30000.0,"[7010701,7010702]",False,0,0,0,0,Executor Karon,Perseguidor das Trevas,,[]
3113604,93,0,10682000,1,1,0,Monster_Name_3113604,Monster_Title_113101,0,113101,2,0,False,0,0,2,1,True,True,40,50,200,30000.0,[7011001],False,0,0,0,0,Karon Tático,Perseguidor das Trevas,,[]
3113605,93,0,10683000,1,1,0,Monster_Name_3113605,Monster_Title_113101,0,113101,2,0,False,0,0,2,1,True,True,40,50,200,30000.0,"[7010901,7010902]",False,0,0,0,0,Assassino Karon,Perseguidor das Trevas,,[]
3113606,93,0,10684000,1,1,0,Monster_Name_3113606,Monster_Title_113101,0,113101,2,0,False,0,0,2,1,True,True,40,50,200,30000.0,"[7010501,7010502]",False,0,0,0,0,Karon Shocktrooper,Perseguidor das Trevas,,[]
3113607,93,0,10685000,1,1,0,Monster_Name_3113607,Monster_Title_113101,0,113101,2,0,False,0,0,2,1,True,True,40,50,200,30000.0,[7010401],False,0,0,0,0,Sniper Karon,Perseguidor das Trevas,,[]
3113901,1,0,30080000,0,1,10002,,,0,0,1,0,False,0,0,2,0,False,False,40,50,200,3000.0,[],False,0,0,0,0,,,,[]
3113902,1,0,30080000,0,1,10002,,,0,0,1,0,False,0,0,2,0,False,False,40,50,200,3000.0,[],False,0,0,0,0,,,,[]
3113903,1,0,30080000,0,1,10002,,,0,0,1,0,False,0,0,2,0,False,False,40,50,200,3000.0,[],False,0,0,0,0,,,,[]
3113904,1,0,30080000,0,1,10002,,,0,0,1,0,False,0,0,2,0,False,False,40,50,200,3000.0,[],False,0,0,0,0,,,,[]
3113905,1,0,30080000,0,1,10002,,,0,0,1,0,False,0,0,2,0,False,False,40,50,200,3000.0,[],False,0,0,0,0,,,,[]
3113906,1,0,30080000,0,1,10002,,,0,0,1,0,False,0,0,2,0,False,False,40,50,200,3000.0,[],False,0,0,0,0,,,,[]
3114101,88,0,17750000,0,1,10002,NPC_Name_3114101,NPC_Title_3114101,0,0,1,0,False,0,0,2,0,True,False,40,50,200,3000.0,[],False,0,0,0,0,Sitz Paro,Protetor das Estrelas,,[]
3114102,88,0,19045000,0,1,2528,NPC_Name_3114102,NPC_Title_3114102,0,0,1,0,True,0,0,2,0,True,False,40,50,200,3000.0,[],False,0,0,0,0,Reto,Fragmento de Lotan,,[]
3114103,88,0,19045000,0,1,10002,NPC_Name_3114103,,0,0,1,0,False,0,0,2,0,True,False,40,50,200,3000.0,[],False,0,0,0,0,Reto,,,[]
3114104,88,0,19068000,0,1,10002,NPC_Name_3114104,NPC_Title_3114104,0,0,1,0,False,0,0,2,0,True,False,40,50,200,3000.0,[],False,0,0,0,0,Shalome Soltis,Diretor do Bureau de Investigação Akvaran,,[]
3114105,88,0,17560001,0,1,10002,NPC_Name_3114105,,0,0,1,0,False,0,0,2,0,True,False,40,50,200,3000.0,[],False,0,0,0,0,Noah,,,[]
3114106,88,0,19067000,0,1,10002,NPC_Name_3114106,NPC_Title_3114106,0,0,1,0,False,0,0,2,0,True,False,40,50,200,3000.0,[],False,0,0,0,0,Volkarin,Vigília da Floresta de Gelo,,[]
3114107,88,0,19045003,0,1,10002,NPC_Name_3114107,,0,0,1,0,False,0,0,2,0,True,False,40,50,200,3000.0,[],False,0,0,0,0,Reto,,,[]
3114151,88,0,18400000,0,1,10002,NPC_Name_3114151,,0,0,1,0,False,0,0,2,0,True,False,40,50,200,3000.0,[],False,0,1,0,0,,,,[]
3114152,88,0,18410000,0,1,10002,NPC_Name_3114152,,0,0,1,0,False,0,0,2,0,True,False,40,50,200,3000.0,[],False,0,1,0,0,,,,[]
3114153,88,0,17090002,0,1,10002,NPC_Name_3114153,,0,0,1,0,False,0,0,2,0,True,False,40,50,200,3000.0,[],False,0,1,0,0,,,,[]
3114154,88,0,17090003,0,1,10002,NPC_Name_3114154,,0,0,1,0,False,0,0,2,0,True,False,40,50,200,3000.0,[],False,0,1,0,0,,,,[]
3114155,88,0,19067000,0,1,10002,NPC_Name_3114155,,0,0,1,0,False,0,0,2,0,True,False,40,50,200,3000.0,[],False,0,1,0,0,,,,[]
3114156,88,0,19065000,0,1,10002,NPC_Name_3114156,,0,0,1,0,False,0,0,2,0,True,False,40,50,200,3000.0,[],False,0,1,0,0,,,,[]
3114157,88,0,19066000,0,1,10002,NPC_Name_3114157,,0,0,1,0,False,0,0,2,0,True,False,40,50,200,3000.0,[],False,0,1,0,0,,,,[]
3114158,88,0,18400000,0,1,10002,NPC_Name_3114158,,0,0,1,0,False,0,0,2,0,True,False,40,50,200,3000.0,[],False,0,1,0,0,,,,[]
3114159,88,0,18410000,0,1,10002,NPC_Name_3114159,,0,0,1,0,False,0,0,2,0,True,False,40,50,200,3000.0,[],False,0,1,0,0,,,,[]
3114160,88,0,17090002,0,1,10002,NPC_Name_3114160,,0,0,1,0,False,0,0,2,0,True,False,40,50,200,3000.0,[],False,0,1,0,0,,,,[]
3114161,88,0,17090003,0,1,10002,NPC_Name_3114161,,0,0,1,0,False,0,0,2,0,True,False,40,50,200,3000.0,[],False,0,1,0,0,,,,[]
3114162,88,0,19067000,0,1,10002,NPC_Name_3114162,,0,0,1,0,False,0,0,2,0,True,False,40,50,200,3000.0,[],False,0,1,0,0,,,,[]
3114163,88,0,19065000,0,1,10002,NPC_Name_3114163,,0,0,1,0,False,0,0,2,0,True,False,40,50,200,3000.0,[],False,0,1,0,0,,,,[]
3114164,88,0,19066000,0,1,10002,NPC_Name_3114164,,0,0,1,0,False,0,0,2,0,True,False,40,50,200,3000.0,[],False,0,1,0,0,,,,[]
3114165,88,0,17440000,0,1,10002,NPC_Name_3114165,,0,0,1,0,False,0,0,2,0,True,False,40,50,200,3000.0,[],False,0,1,0,0,,,,[]
3114201,88,0,30200000,999999,1,3114201,Object_Name_3114201,,0,0,1,117,True,0,0,2,0,True,False,30,60,180,3000.0,[],False,0,2,0,0,Console Talpa,,,[]
3114202,88,0,30080000,999999,1,3114202,Object_Name_3114202,,0,0,1,117,True,0,0,2,0,True,False,0,60,180,3000.0,[],False,0,2,0,0,Conectar Dados,,,[]
3115000,88,0,30320000,999999,1,1323,Object_Name_3115000,,0,0,1,107,False,0,0,2,0,True,False,40,100,180,3000.0,[],False,0,0,0,0,Ver: Floresta Congelada de Ruvia,,,[]
3115001,88,0,30060000,999999,1,1324,Object_Name_500001,,0,0,1,108,False,0,0,2,0,True,False,40,100,180,3000.0,[],False,0,0,0,0,Cápsula de Tesouro,,,[]
3115002,88,0,30061000,999999,1,1324,Object_Name_500001,,0,0,1,108,False,0,0,2,0,True,False,40,100,180,3000.0,[],False,0,0,0,0,Cápsula de Tesouro,,,[]
3115003,88,0,30061000,999999,1,1324,Object_Name_500001,,0,0,1,108,False,0,0,2,0,True,False,40,100,180,3000.0,[],False,0,0,0,0,Cápsula de Tesouro,,,[]
3115004,88,0,30062000,999999,1,1324,Object_Name_500001,,0,0,1,108,False,0,0,2,0,True,False,40,100,180,3000.0,[],False,0,0,0,0,Cápsula de Tesouro,,,[]
3115101,88,0,19052000,0,1,10002,NPC_Name_3115101,,0,0,1,0,False,0,0,2,0,True,False,40,50,200,3000.0,[],False,0,0,0,0,Mercenário Supremo,,,[]
3115102,88,0,19066000,0,1,10002,NPC_Name_3115102,NPC_Title_3115102,0,0,1,0,False,0,0,2,0,True,False,40,50,200,3000.0,[],False,0,0,0,0,Ricorin,Vigília da Floresta de Gelo,,[]
3115103,88,0,19048001,0,1,3115103,NPC_Name_3115103,NPC_Title_3115103,0,0,1,0,True,0,0,2,0,True,False,40,50,200,3000.0,[],False,0,0,0,0,Marvin,Mercenários Supremos,,[]
3115104,88,0,19065000,0,1,10002,NPC_Name_3115104,NPC_Title_3115104,0,0,1,0,False,0,0,2,0,True,False,40,50,200,3000.0,[],False,0,0,0,0,Koarin,Vigília da Floresta de Gelo,,[]
3115105,88,0,19049000,0,1,10002,NPC_Name_3115105,NPC_Title_3115105,0,0,1,0,False,0,0,2,0,True,False,40,50,200,3000.0,[],False,0,0,0,0,Igor,Mercenários Supremos,,[]
3115106,88,0,19067000,0,1,10002,NPC_Name_3115106,NPC_Title_3115106,0,0,1,0,False,0,0,2,0,True,False,40,50,200,3000.0,[],False,0,0,0,0,Chotarin,Vigília da Floresta de Gelo,,[]
3115107,88,0,19047000,0,1,10002,NPC_Name_3115107,NPC_Title_3115107,0,0,1,0,False,0,0,2,0,True,False,40,50,200,3000.0,[],False,0,0,0,0,Célia,Mercenários Supremos,,[]
3115108,88,0,19050000,0,1,10002,NPC_Name_3115108,NPC_Title_3115108,0,0,1,0,False,0,0,2,0,True,False,40,50,200,3000.0,[],False,0,0,0,0,Joshua,Mercenários Supremos,,[]
3115109,88,0,17210000,0,1,10002,NPC_Name_3115109,NPC_Title_3115109,0,0,1,0,False,0,0,2,0,True,False,40,50,200,3000.0,[],True,1,0,0,0,Javier Marquez,Mercenários Supremos,,[]
3115110,88,0,18760000,0,1,10002,NPC_Name_3115110,NPC_Title_3115110,0,0,1,13,False,0,0,2,0,True,False,40,50,200,3000.0,[],False,0,0,0,0,Liam,Enforcer de Segurança Pública Bellatean,,[]
3115111,88,0,17140002,0,1,10002,NPC_Name_3115111,NPC_Title_3115111,0,0,1,13,False,0,0,2,0,True,False,40,50,200,3000.0,[],False,0,0,0,0,Valdor,Investigador Accretian,,[]
3115112,88,0,19065000,0,1,10002,NPC_Name_3115112,NPC_Title_3115112,0,0,1,13,False,0,0,2,0,True,False,40,50,200,3000.0,[],False,0,0,0,0,Sitarin,Artesão,,[]
3115113,88,0,17090001,0,1,10002,NPC_Name_3115113,NPC_Title_3115113,0,0,1,13,False,0,0,2,0,True,False,40,50,200,3000.0,[],False,0,0,0,0,Tsui,Doutor,,[]
3115114,88,0,17090000,0,1,10002,NPC_Name_3115114,NPC_Title_3115114,0,0,1,13,False,0,0,2,0,True,False,40,50,200,3000.0,[],False,0,0,0,0,Gouz,Technician,,[]
3115115,88,0,19048000,0,1,10002,NPC_Name_3115103,NPC_Title_3115103,0,0,1,0,False,0,0,2,0,True,False,40,50,200,3000.0,[],True,1,0,0,0,Marvin,Mercenários Supremos,,[]
3115116,88,0,19049000,0,1,10002,NPC_Name_3115105,NPC_Title_3115105,0,0,1,0,False,0,0,2,0,True,False,40,50,200,3000.0,[],True,1,0,0,0,Igor,Mercenários Supremos,,[]
3115117,88,0,19047000,0,1,10002,NPC_Name_3115107,NPC_Title_3115107,0,0,1,0,False,0,0,2,0,True,False,40,50,200,3000.0,[],True,1,0,0,0,Célia,Mercenários Supremos,,[]
3115118,88,0,19050000,0,1,10002,NPC_Name_3115108,NPC_Title_3115108,0,0,1,0,False,0,0,2,0,True,False,40,50,200,3000.0,[],True,1,0,0,0,Joshua,Mercenários Supremos,,[]
3115151,88,0,17540000,0,1,10002,NPC_Name_3115151,,0,0,1,0,False,0,0,2,0,True,False,40,50,200,3000.0,[],False,0,0,0,0,Steiner 8401,,,[]
3115152,88,0,17540000,0,1,10002,NPC_Name_3115152,,0,0,1,0,False,0,0,2,0,True,False,40,50,200,3000.0,[],False,0,0,0,0,Steiner 8401,,,[]
3115153,88,0,19054001,0,1,10002,NPC_Name_3115153,NPC_Title_3115153,0,0,1,0,False,0,0,2,0,True,False,40,50,200,3000.0,[],False,0,0,0,0,Brilhante,Biólogo,,[]
3115154,88,0,18670013,0,1,10002,NPC_Name_3115154,NPC_Title_3115154,0,0,1,0,False,0,0,2,0,True,False,40,50,200,3000.0,[],False,0,0,0,0,Brilhante,Biólogo,,[]
3115155,88,0,17180001,0,1,10002,NPC_Name_3115155,NPC_Title_3115155,0,0,1,0,False,0,0,2,0,True,False,40,50,200,3000.0,[],False,0,0,0,0,Sandy,Pessoal de Comunicações,,[]
3115156,88,0,17180001,0,1,10002,NPC_Name_3115156,NPC_Title_3115156,0,0,1,0,False,0,0,2,0,True,False,40,50,200,3000.0,[],False,0,0,0,0,Sandy,Pessoal de Comunicações,,[]
3115157,88,0,17090001,0,1,10002,NPC_Name_3115157,NPC_Title_3115157,0,0,1,0,False,0,0,2,0,True,False,40,50,200,3000.0,[],False,0,0,0,0,Freyja,Químico,,[]
3115158,88,0,17090001,0,1,10002,NPC_Name_3115158,NPC_Title_3115158,0,0,1,0,False,0,0,2,0,True,False,40,50,200,3000.0,[],False,0,0,0,0,Freyja,Químico,,[]
3115159,88,0,19067000,0,1,10002,NPC_Name_3115159,NPC_Title_3115159,0,0,1,0,False,0,0,2,0,True,False,40,50,200,3000.0,[],False,0,0,0,0,Galo,Colono,,[]
3115160,88,0,19067000,0,1,10002,NPC_Name_3115160,NPC_Title_3115160,0,0,1,0,False,0,0,2,0,True,False,40,50,200,3000.0,[],False,0,0,0,0,Galo,Colono,,[]
3115181,88,0,30780000,0,1,10002,NPC_Name_3115181,,0,0,1,0,False,0,0,2,0,True,False,0,50,200,3000.0,[],False,0,1,0,0,,,,[]
3115182,88,0,30780000,0,1,10002,NPC_Name_3115182,,0,0,1,0,False,0,0,2,0,True,False,0,50,200,3000.0,[],False,0,1,0,0,,,,[]
3115183,88,0,31160000,0,1,10002,NPC_Name_3115183,,0,0,1,0,False,0,0,2,0,True,False,0,50,200,3000.0,[],False,0,1,0,0,,,,[]
3115184,88,0,30970000,0,1,10002,NPC_Name_3115184,,0,0,1,0,False,0,0,2,0,True,False,0,50,200,3000.0,[],False,0,1,0,0,,,,[]
3115185,88,0,30780000,0,1,10002,NPC_Name_3115185,,0,0,1,0,False,0,0,2,0,True,False,0,50,200,3000.0,[],False,0,1,0,0,,,,[]
3115186,88,0,30970000,0,1,10002,NPC_Name_3115186,,0,0,1,0,False,0,0,2,0,True,False,0,50,200,3000.0,[],False,0,1,0,0,,,,[]
3115187,88,0,30780000,0,1,10002,NPC_Name_3115187,,0,0,1,0,False,0,0,2,0,True,False,0,50,200,3000.0,[],False,0,1,0,0,,,,[]
3115188,88,0,30780001,0,1,10002,NPC_Name_3115188,,0,0,1,0,False,0,0,2,0,True,False,0,50,200,3000.0,[],False,0,1,0,0,,,,[]
3115201,88,0,30830000,999999,1,3115201,Object_Name_3115201,,0,0,1,117,True,0,0,2,0,True,False,30,60,180,3000.0,[],False,0,2,0,0,Beacon de Comunicação Bellato,,,[]
3115202,88,0,19051000,999999,1,3115202,Object_Name_3115202,,0,0,1,117,True,0,0,2,0,True,False,30,60,180,3000.0,[],False,0,2,0,0,Mercenário Supremo Caído,,,[]
3115203,88,0,30210002,999999,1,3115203,Object_Name_3115203,,0,0,1,117,True,0,0,2,0,True,False,30,60,180,3000.0,[],False,0,2,0,0,Terminal Portátil Abandonado,,,[]
3115204,88,0,30250000,999999,1,3115204,Object_Name_3115204,,0,0,1,117,True,0,0,2,0,True,False,30,60,180,3000.0,[],False,0,2,0,0,Carcaça de Estilhaçador Ruvia Infectado,,,[]
3115205,88,0,30200004,999999,1,3115205,Object_Name_3115205,,0,0,1,117,True,0,0,2,0,True,False,30,60,180,3000.0,[],False,0,2,0,0,Console Bellatean,,,[]
3115206,88,0,30200003,999999,1,3115206,Object_Name_3115206,,0,0,1,117,True,0,0,2,0,True,False,30,60,180,3000.0,[],False,0,2,0,0,Console Bellatean,,,[]
3115207,88,0,30160000,999999,1,3115207,Object_Name_3115207,,0,0,1,117,True,0,0,2,0,True,False,30,60,180,3000.0,[],False,0,2,0,0,Caixa de Mercadorias de Karon,,,[]
3115208,88,0,30140000,999999,1,3115208,Object_Name_3115208,,0,0,1,117,True,0,0,2,0,True,False,30,60,180,3000.0,[],False,0,2,0,0,Bolsa Abandonada,,,[]
3115209,88,0,30390000,999999,1,3115209,Object_Name_3115209,,0,0,1,117,True,0,0,2,0,True,False,30,60,180,3000.0,[],False,0,2,0,0,Suprimentos de Mercenário,,,[]
3115210,88,0,31190000,999999,1,3115210,Object_Name_3115210,,0,0,1,117,True,0,0,2,0,True,False,0,60,180,3000.0,[],True,0,2,0,0,Sinalizador,,,[]
3115251,88,0,30080000,999999,1,3115251,Object_Name_3115251,,0,0,1,117,True,0,0,2,0,True,False,0,60,180,3000.0,[],False,0,2,0,0,Inspecionar Contaminação Crimson,,,[]
3115252,88,0,31370000,999999,1,3115252,Object_Name_3115252,,0,0,1,117,True,0,0,2,0,True,False,30,60,180,3000.0,[],False,0,2,0,0,Caixa de Depósito de Amostra,,,[]
3115253,88,0,30190000,999999,1,3115253,Object_Name_3115253,,0,0,1,117,True,0,0,2,0,True,False,30,60,180,3000.0,[],False,0,2,0,0,Caixa de Valores,,,[]
3115254,88,0,30250001,999999,1,3115254,Object_Name_3115254,,0,0,1,117,True,0,0,2,0,True,False,30,60,180,3000.0,[],False,0,2,0,0,Carcaça de Estilhaçador Ruvia,,,[]
3115301,98,1000653,10010004,1,1,0,Monster_Name_3115301,,0,0,2,0,False,0,0,2,0,True,True,40,100,200,3000.0,[7000101],False,0,0,0,0,Estilhaçador de Ruvia,,,[55919]
3115302,98,1000654,10290002,1,1,0,Monster_Name_3115302,,0,0,2,0,False,0,0,2,0,True,True,40,80,200,3000.0,"[7004101,7004102]",False,0,0,0,0,Lagarto Ruvia,,,[55919]
3115303,98,1000655,10400001,1,1,0,Monster_Name_3115303,,0,0,2,0,False,0,0,2,0,True,True,40,80,200,3000.0,"[7009301,7009302]",False,0,0,0,0,Ruvia Anabola,,,[55919]
3115304,98,1000656,10590000,1,1,0,Monster_Name_3115304,Monster_Title_3115304,0,115001,2,0,False,0,0,2,0,True,True,40,80,200,3000.0,[7006001],False,0,0,0,0,Larva Ruvia Infectada,Floresta Congelada Infectada,,[55919]
3115305,99,1000657,10600000,1,1,0,Monster_Name_3115305,,0,0,2,0,False,0,0,2,0,True,True,40,50,200,3000.0,"[7006901,7006902]",False,0,0,0,0,Estilhaçador Ruvia Infectado,,,[58669]
3115306,99,1000658,10270001,1,1,0,Monster_Name_3115306,,0,0,2,0,False,0,0,2,0,True,True,40,100,200,3000.0,[7009201],False,0,0,0,0,Fera Selvagem Ruvia,,,[58669]
3115307,99,1000659,10610000,1,1,0,Monster_Name_3115307,Monster_Title_3115307,0,115001,2,0,False,0,0,2,0,True,True,40,80,200,3000.0,"[7006601,7006602,7006603]",False,0,0,0,0,Lagarto Ruvia Infectado,Floresta Congelada Infectada,,[58669]
3115308,99,1000660,10660000,1,1,0,Monster_Name_3115308,Monster_Title_3115308,0,115001,2,0,False,0,0,2,0,True,True,40,80,200,3000.0,"[7006801,7006802,7006803]",False,0,0,0,0,Talpa Ruvia Infectada,Floresta Congelada Infectada,,[58669]
3115309,100,1000661,10630000,1,1,0,Monster_Name_3115309,Monster_Title_3115309,0,115001,2,0,False,0,0,2,0,True,True,40,50,200,3000.0,"[7006701,7006702,7006703]",False,0,0,0,0,Soldado Ruvia Infectado,Floresta Congelada Infectada,,[61519]
3115310,100,1000662,10814000,1,1,0,Monster_Name_3115310,Monster_Title_3115310,0,115002,2,0,False,0,0,2,0,True,True,40,50,80,3000.0,[7015501],False,0,0,0,0,Sniper Ruvia Ferinky,Ferinky da Floresta de Gelo,,[61519]
3115311,100,1000663,10815000,1,1,0,Monster_Name_3115311,Monster_Title_3115311,0,115002,2,0,False,0,0,2,0,True,True,40,50,100,3000.0,[7015401],False,0,0,0,0,Ruvia Ferinky Lutador,Ferinky da Floresta de Gelo,,[61519]
3115312,100,1000664,10980000,1,1,0,Monster_Name_3115312,Monster_Title_3115312,0,0,2,0,False,0,0,2,0,True,True,40,50,200,3000.0,"[7021001,7021002]",False,0,0,0,0,Ruvia Cão Carmesim,Infectado Carmesim,,[61519]
3115391,98,1000665,10010003,1,1,0,Monster_Name_3115391,,0,0,2,0,False,0,0,2,1,True,True,40,100,200,1300.0,[7000101],False,0,0,0,0,Estilhaçador Selvagem,,,[55919]
3115392,99,1000666,10620001,1,1,0,Monster_Name_3115392,,0,0,2,0,False,0,0,2,1,True,True,40,200,200,1300.0,"[7007901,7007904]",False,0,0,0,0,Canibal Selvagem,,,[58669]
3115393,100,1000667,10310003,1,1,0,Monster_Name_3115393,,0,0,2,0,False,0,0,2,1,True,True,40,130,200,1300.0,"[7005801,7005802]",False,0,0,0,0,Brutal Selvagem,,,[61519]
3115401,88,0,19048000,1,3115401,10002,NPC_Name_3115401,NPC_Title_3115401,0,0,1,0,False,0,0,2,0,True,True,30,40,200,30000.0,[7200201],True,1,0,0,0,Marvin,Mercenários Supremos,,[]
3115402,88,0,19049000,1,3115402,10002,NPC_Name_3115402,NPC_Title_3115402,0,0,1,0,False,0,0,2,0,True,True,30,40,200,30000.0,"[7200501,7200502,7200503,7200504]",True,1,0,0,0,Igor,Mercenários Supremos,,[]
3115403,88,0,19047000,1,3115403,10002,NPC_Name_3115403,NPC_Title_3115403,0,0,1,0,False,0,0,2,0,True,True,30,40,200,30000.0,"[7201401,7201402,7201403]",True,1,0,0,0,Célia,Mercenários Supremos,,[]
3115404,88,0,19050000,1,3115404,10002,NPC_Name_3115404,NPC_Title_3115404,0,0,1,0,False,0,0,2,0,True,True,30,40,200,30000.0,"[7200301,7200302,7200303,7200304]",True,1,0,0,0,Joshua,Mercenários Supremos,,[]
3115405,88,0,17210004,0,1,10002,NPC_Name_3115405,NPC_Title_3115405,0,0,1,0,False,0,0,2,0,True,False,40,50,200,30000.0,[],True,1,0,0,0,Javier Marquez,Mercenários Supremos,,[]
3115491,88,0,30080000,100019,1,10002,,,0,0,1,0,False,0,0,2,0,False,False,40,50,200,30000.0,[],False,0,0,0,0,,,,[]
3115601,97,0,18950000,3115601,3115601,0,Monster_Name_3115601,,0,0,2,103,True,0,2,2,1,True,True,40,60,200,3000.0,"[7103401,7103402]",False,0,0,0,0,Colossus,,,[]
3115602,98,0,10680003,0,3115602,0,Monster_Name_3115602,,0,115101,2,0,False,0,0,2,1,True,True,40,50,200,3000.0,[7010809],True,0,0,0,0,Lança Karon,,,[]
3115603,98,0,10681001,0,3115603,0,Monster_Name_3115603,,0,115101,2,0,False,0,0,2,1,True,True,40,50,200,3000.0,"[7010701,7010702]",True,0,0,0,0,Carrasco Karon,,,[]
3115604,98,0,10683001,0,3115604,0,Monster_Name_3115604,,0,115101,2,0,False,0,0,2,1,True,True,40,50,200,3000.0,"[7010901,7010902]",True,0,0,0,0,Assassino Karon,,,[]
3115605,98,0,10684001,0,3115605,0,Monster_Name_3115605,,0,115101,2,0,False,0,0,2,1,True,True,40,50,200,3000.0,"[7010501,7010502]",True,0,0,0,0,Karon Tropas de Choque,,,[]
3115606,98,0,10685001,0,3115606,0,Monster_Name_3115606,,0,115101,2,0,False,0,0,2,1,True,True,40,50,200,3000.0,[7010401],True,0,0,0,0,Sniper Karon,,,[]
3115607,98,0,10684000,0,3115607,0,Monster_Name_3115605,,0,115101,2,0,False,0,0,2,1,True,True,40,50,200,3000.0,"[7010501,7010502]",True,0,0,0,0,Karon Tropas de Choque,,,[]
3115608,98,0,10685000,0,3115608,0,Monster_Name_3115606,,0,115101,2,0,False,0,0,2,1,True,True,40,50,200,3000.0,[7010401],True,0,0,0,0,Sniper Karon,,,[]
3115611,98,0,10680003,0,1,0,Monster_Name_3115602,,0,0,2,0,True,0,0,2,1,True,True,40,50,200,3000.0,[7010809],False,0,0,0,0,Lança Karon,,,[]
3115612,98,0,10681001,0,1,0,Monster_Name_3115603,,0,0,2,0,True,0,0,2,1,True,True,40,50,200,3000.0,"[7010701,7010702]",False,0,0,0,0,Carrasco Karon,,,[]
3115613,98,0,10683001,0,1,0,Monster_Name_3115604,,0,0,2,0,True,0,0,2,1,True,True,40,50,200,3000.0,"[7010901,7010902]",False,0,0,0,0,Assassino Karon,,,[]
3115614,98,0,18950000,0,1,0,Monster_Name_3115601,,0,0,2,0,True,0,0,2,0,True,False,40,60,200,3000.0,"[7103401,7103402]",False,0,0,0,0,Colossus,,,[]
3115615,98,0,10684001,0,1,0,Monster_Name_3115605,,0,0,2,0,True,0,0,2,0,True,False,40,50,200,3000.0,"[7010501,7010502]",False,0,0,0,0,Karon Tropas de Choque,,,[]
3115616,98,0,10685001,0,1,0,Monster_Name_3115606,,0,0,2,0,True,0,0,2,0,True,False,40,50,200,3000.0,[7010401],False,0,0,0,0,Sniper Karon,,,[]
3115621,98,0,10680003,0,3115602,0,Monster_Name_3115602,,0,115101,2,0,False,0,0,2,1,True,True,40,50,200,3000.0,[7010809],True,0,0,0,0,Lança Karon,,,[]
3115622,98,0,10681001,0,3115603,0,Monster_Name_3115603,,0,115101,2,0,False,0,0,2,1,True,True,40,50,200,3000.0,"[7010701,7010702]",True,0,0,0,0,Carrasco Karon,,,[]
3115623,98,0,10683001,0,3115604,0,Monster_Name_3115604,,0,115101,2,0,False,0,0,2,1,True,True,40,50,200,3000.0,"[7010901,7010902]",True,0,0,0,0,Assassino Karon,,,[]
3115624,98,0,10684001,0,3115605,0,Monster_Name_3115605,,0,115101,2,0,False,0,0,2,1,True,True,40,50,200,3000.0,"[7010501,7010502]",True,0,0,0,0,Karon Tropas de Choque,,,[]
3115625,98,0,10685001,0,3115606,0,Monster_Name_3115606,,0,115101,2,0,False,0,0,2,1,True,True,40,50,200,3000.0,[7010401],True,0,0,0,0,Sniper Karon,,,[]
3115626,98,0,10684000,0,3115607,0,Monster_Name_3115605,,0,115101,2,0,False,0,0,2,1,True,True,40,50,200,3000.0,"[7010501,7010502]",True,0,0,0,0,Karon Tropas de Choque,,,[]
3115627,98,0,10685000,0,3115608,0,Monster_Name_3115606,,0,115101,2,0,False,0,0,2,1,True,True,40,50,200,3000.0,[7010401],True,0,0,0,0,Sniper Karon,,,[]
3116000,1,0,30320000,999999,1,1323,Object_Name_3116000,,0,0,1,107,False,0,0,2,0,True,False,40,100,180,3000.0,[],False,0,0,0,0,Ver: Ruínas de Anteros,,,[]
3116001,1,0,30060000,999999,1,1324,Object_Name_500001,,0,0,1,108,False,0,0,2,0,True,False,40,100,180,3000.0,[],False,0,0,0,0,Cápsula de Tesouro,,,[]
3116002,1,0,30061000,999999,1,1324,Object_Name_500001,,0,0,1,108,False,0,0,2,0,True,False,40,100,180,3000.0,[],False,0,0,0,0,Cápsula de Tesouro,,,[]
3116003,1,0,30061000,999999,1,1324,Object_Name_500001,,0,0,1,108,False,0,0,2,0,True,False,40,100,180,3000.0,[],False,0,0,0,0,Cápsula de Tesouro,,,[]
3116004,1,0,30062000,999999,1,1324,Object_Name_500001,,0,0,1,108,False,0,0,2,0,True,False,40,100,180,3000.0,[],False,0,0,0,0,Cápsula de Tesouro,,,[]
3116101,1,0,17750000,0,1,10002,NPC_Name_3116101,NPC_Title_3116101,0,0,1,0,False,0,0,2,0,True,False,40,50,200,3000.0,[],False,0,0,0,0,Sitz Paro,Protetor das Estrelas,,[]
3116102,1,0,18750050,0,1,10002,NPC_Name_3116102,NPC_Title_3116102,0,0,1,0,False,0,0,2,0,True,False,40,50,200,3000.0,[],False,0,0,0,0,Sophie,Líder da Expedição das Ruínas de Bellatean,,[]
3116103,1,0,18770012,0,1,10002,NPC_Name_3116103,NPC_Title_3116103,0,0,1,0,False,0,0,2,0,True,False,40,50,200,3000.0,[],False,0,0,0,0,Aiden,Equipe de Expedição das Ruínas de Bellatean,,[]
3116104,1,0,18770012,0,1,10002,NPC_Name_3116104,NPC_Title_3116104,0,0,1,0,False,0,0,2,0,True,False,40,50,200,3000.0,[],False,0,0,0,0,Aiden,Equipe de Expedição das Ruínas de Bellatean,,[]
3116105,1,0,18770011,0,1,10002,NPC_Name_3116105,NPC_Title_3116105,0,0,1,13,False,0,0,2,0,True,False,40,50,200,3000.0,[],False,0,0,0,0,Eddy,Equipe de Expedição das Ruínas de Bellatean,,[]
3116106,1,0,19045000,0,1,10002,NPC_Name_3116106,NPC_Title_3116106,0,0,1,0,False,0,0,2,0,True,False,40,50,200,3000.0,[],False,0,0,0,0,Reto,Fragmento de Lotan,,[]
3116107,1,0,17750000,0,1,10002,NPC_Name_3116107,NPC_Title_3116107,0,0,1,0,False,0,0,2,0,True,False,40,50,200,3000.0,[],False,0,0,0,0,Sitz Paro,Protetor das Estrelas,,[]
3116108,1,0,19045000,0,1,10002,NPC_Name_3116108,NPC_Title_3116108,0,0,1,0,False,0,0,2,0,True,False,40,50,200,3000.0,[],False,0,0,0,0,Reto,Fragmento de Lotan,,[]
3116109,1,0,17750000,0,1,10002,NPC_Name_3116109,NPC_Title_3116109,0,0,1,0,False,0,0,2,0,True,False,40,50,200,3000.0,[],False,0,0,0,0,Sitz Paro,Protetor das Estrelas,,[]
3116110,1,0,19045000,0,1,10002,NPC_Name_3116110,NPC_Title_3116110,0,0,1,0,False,0,0,2,0,True,False,40,50,200,3000.0,[],False,0,0,0,0,Reto,Fragmento de Lotan,,[]
3116111,1,0,17750000,0,1,10002,NPC_Name_3116111,NPC_Title_3116111,0,0,1,0,False,0,0,2,0,True,False,40,50,200,3000.0,[],False,0,0,0,0,Sitz Paro,Protetor das Estrelas,,[]
3116112,1,0,19045000,0,1,10002,NPC_Name_3116112,NPC_Title_3116112,0,0,1,0,False,0,0,2,0,True,False,40,50,200,3000.0,[],False,0,0,0,0,Reto,Fragmento de Lotan,,[]
3116113,1,0,17750000,0,1,10002,NPC_Name_3116113,NPC_Title_3116113,0,0,1,0,False,0,0,2,0,True,False,40,50,200,3000.0,[],False,0,0,0,0,Sitz Paro,Protetor das Estrelas,,[]
3116114,1,0,17750000,0,1,10002,NPC_Name_3116114,NPC_Title_3116114,0,0,1,0,False,0,0,2,0,True,False,40,50,200,3000.0,[],False,0,0,0,0,Sitz Paro,Protetor das Estrelas,,[]
3116115,1,0,17740013,494,2,10002,NPC_Name_3116115,NPC_Title_3116115,0,0,1,0,False,0,0,2,0,True,False,100,150,200,30000.0,"[7104128,7104129]",False,0,0,0,0,Lotan,Protetor das Estrelas,,[]
3116116,1,0,19045000,0,1,10002,NPC_Name_3116112,NPC_Title_3116112,0,0,1,0,False,0,0,2,0,True,False,40,50,200,3000.0,[],False,0,0,0,0,Reto,Fragmento de Lotan,,[]
3116121,1,0,18750051,0,1,10002,NPC_Name_3116121,NPC_Title_3116121,0,0,1,13,True,0,0,2,0,True,False,40,50,200,3000.0,[],False,0,0,0,0,Neba,Equipe de Expedição Abandonada,,[]
3116122,1,0,18770013,0,1,10002,NPC_Name_3116122,NPC_Title_3116122,0,0,1,13,True,0,0,2,0,True,False,40,50,200,3000.0,[],False,0,0,0,0,Darth,Equipe de Expedição das Ruínas de Bellatean,,[]
3116123,1,0,18750052,0,1,10002,NPC_Name_3116123,NPC_Title_3116123,0,0,1,13,True,0,0,2,0,True,False,40,50,200,3000.0,[],False,0,0,0,0,Alegria,Equipe de Expedição das Ruínas de Bellatean,,[]
3116124,1,0,18750053,0,1,10002,NPC_Name_3116124,NPC_Title_3116124,0,0,1,13,True,0,0,2,0,True,False,40,50,200,3000.0,[],False,0,0,0,0,Abigail,Equipe de Expedição das Ruínas de Bellatean,,[]
3116131,1,0,17470003,0,1,10002,NPC_Name_3116131,NPC_Title_3116131,0,0,1,0,False,0,0,2,0,True,False,40,50,200,3000.0,[],False,0,0,0,0,Thops,Investigador Despachado,,[]
3116132,1,0,17470014,0,1,10002,NPC_Name_3116132,NPC_Title_3116132,0,0,1,0,False,0,0,2,0,True,False,40,50,200,3000.0,[],False,0,0,0,0,Gravning,Líder da Expedição da Academia,,[]
3116133,1,0,17490010,0,1,10002,NPC_Name_3116133,NPC_Title_3116133,0,0,1,0,False,0,0,2,0,True,False,40,50,200,3000.0,[],False,0,0,0,0,Jansen,Equipe de Expedição da Academia,,[]
3116134,1,0,18660010,0,1,10002,NPC_Name_3116134,NPC_Title_3116134,0,0,1,0,False,0,0,2,0,True,False,40,50,200,3000.0,[],False,0,0,0,0,Aeron,Pesquisador de Tecnologia Proxa,,[]
3116135,1,0,19064000,0,1,10002,NPC_Name_3116135,NPC_Title_3116135,0,0,1,0,False,0,0,2,0,True,False,40,50,200,3000.0,[],False,0,0,0,0,Katarina,Sociedade de Pesquisa das Ruínas de Cora,,[]
3116136,1,0,19064000,0,1,10002,NPC_Name_3116136,NPC_Title_3116136,0,0,1,0,False,0,0,2,0,True,False,40,50,200,3000.0,[],False,0,0,0,0,Katarina,Sociedade de Pesquisa das Ruínas de Cora,,[]
3116141,1,0,19054000,0,1,10002,NPC_Name_3116141,,0,0,1,0,False,0,0,2,0,False,False,40,50,200,3000.0,[],False,0,1,0,0,,,,[]
3116142,1,0,19053000,0,1,10002,NPC_Name_3116142,,0,0,1,0,False,0,0,2,0,False,False,40,50,200,3000.0,[],False,0,1,0,0,,,,[]
3116143,1,0,18880013,0,1,10002,NPC_Name_3116143,,0,0,1,0,False,0,0,2,0,False,False,40,50,200,3000.0,[],False,0,1,0,0,,,,[]
3116201,1,0,31540000,999999,1,2542,Object_Name_3116201,,0,0,1,117,True,0,0,2,0,True,False,0,60,180,3000.0,[],False,0,2,0,0,Fragmento de Ruínas,,,[]
3116202,1,0,31530000,999999,1,2029,Object_Name_3116202,,0,0,1,117,True,0,0,2,0,True,False,0,60,180,3000.0,[],False,0,2,0,0,Relíquia,,,[]
3116203,1,0,30080000,999999,1,2546,Object_Name_3116203,,0,0,1,117,True,0,0,2,0,True,False,0,50,200,3000.0,[],False,0,2,0,0,Selar Traços,,,[]
3116231,1,0,11100100,999999,1,205403,Object_Name_3116231,,0,0,1,117,True,0,0,2,0,True,False,30,60,180,3000.0,[],False,0,0,0,0,Carcaça Beta Infectada,,,[]
3116232,1,0,30150000,999999,1,1580,Object_Name_3116232,,0,0,1,117,True,0,0,2,0,True,False,30,60,180,3000.0,[],False,0,0,0,0,Caixa de Suprimentos Espalhada,,,[]
3116233,1,0,30820004,999999,1,205282,Object_Name_3116233,,0,0,1,117,True,0,0,2,0,True,False,30,60,180,3000.0,[],False,0,0,0,0,Beacon de Coleta de Intel #1,,,[]
3116234,1,0,30820003,999999,1,205282,Object_Name_3116234,,0,0,1,117,True,0,0,2,0,True,False,30,60,180,3000.0,[],False,0,0,0,0,Beacon de Coleta de Intel #2,,,[]
3116235,1,0,30820004,999999,1,205282,Object_Name_3116235,,0,0,1,117,True,0,0,2,0,True,False,30,60,180,3000.0,[],False,0,0,0,0,Baliza de Coleta de Informações #3,,,[]
3116236,1,0,30050000,999999,1,2551,Object_Name_3116236,,0,0,1,117,True,0,0,2,0,True,False,30,50,180,3000.0,[],False,0,0,0,0,Console de Transmissão de Dados,,,[]
3116237,1,0,30080007,0,1,2551,Object_Name_3116237,,0,0,1,117,True,0,0,2,0,True,False,0,50,200,3000.0,[],False,0,2,0,0,Estrutura Enjaulando Chuti,,,[]
3116238,1,0,31570000,0,1,2504,Object_Name_3116238,,0,0,1,117,True,0,0,2,0,True,False,0,50,200,3000.0,[],False,0,2,0,0,Estrutura Enjaulando Chuti,,,[]
3116239,1,0,30080000,0,1,2551,Object_Name_3116239,,0,0,1,117,True,0,0,2,0,True,False,0,50,200,3000.0,[],False,0,2,0,0,Estrutura Grande,,,[]
3116301,101,1000668,11090000,1,1,0,Monster_Name_3116301,,0,0,2,0,False,0,0,2,0,True,True,40,50,200,3000.0,"[7022201,7022202]",False,0,0,0,0,Anteros Infectado Alpha,,,[64469]
3116302,101,1000669,11100000,1,1,0,Monster_Name_3116302,,0,0,2,0,False,0,0,2,0,True,True,40,60,200,3000.0,[7022301],False,0,0,0,0,Anteros Infectado Beta,,,[64469]
3116303,101,1000670,10010004,1,1,0,Monster_Name_3116303,,0,0,2,0,False,0,0,2,0,True,True,30,100,50,3000.0,[7000101],False,0,0,0,0,Estilhaçador Anteros,,,[64469]
3116304,101,1000671,10684000,1,1,0,Monster_Name_3116304,Monster_Title_116001,0,116001,2,0,False,0,0,2,0,True,True,40,50,200,3000.0,"[7010501,7010502]",False,0,0,0,0,Anteros Shocktrooper,Sentinela Karon,,[64469]
3116305,102,1000672,10683000,1,1,0,Monster_Name_3116305,Monster_Title_116001,0,116001,2,0,False,0,0,2,0,True,True,40,50,200,3000.0,"[7010901,7010902]",False,0,0,0,0,Assassino Anteros,Sentinela Karon,,[67519]
3116306,102,1000673,10210001,1,1,0,Monster_Name_3116306,,0,0,2,0,False,0,0,2,0,True,True,40,80,200,3000.0,[7005001],False,0,0,0,0,Anteros Limpar,,,[67519]
3116307,102,1000674,10270001,1,1,0,Monster_Name_3116307,,0,0,2,0,False,0,0,2,0,True,True,40,120,200,3000.0,[7009201],False,0,0,0,0,Fera Selvagem Anteros,,,[67519]
3116308,102,1000675,10822000,1,1,0,Monster_Name_3116308,,0,0,2,0,False,0,0,2,0,True,True,40,70,200,3000.0,[7014101],False,0,0,0,0,Fantasma Anteros Sting,,,[67519]
3116309,103,1000676,10823000,1,1,0,Monster_Name_3116309,,0,0,2,0,False,0,0,2,0,True,True,40,80,80,3000.0,"[7016401,7016402]",False,0,0,0,0,Fantasma Blindado Anteros,,,[70669]
3116310,103,1000677,11050000,1,1,0,Monster_Name_3116310,,0,0,2,0,False,0,0,2,0,True,True,40,90,150,3000.0,"[7021701,7021702,7021703]",False,0,0,0,0,Canhão Fantasma Anteros,,,[70669]
3116311,103,1000678,10685000,1,1,0,Monster_Name_3116311,Monster_Title_116002,0,116002,2,0,False,0,0,2,0,True,True,40,50,200,3000.0,[7010401],False,0,0,0,0,Sniper Anteros,Guarda Karon,,[70669]
3116312,103,1000679,10682000,1,1,0,Monster_Name_3116312,Monster_Title_116002,0,116002,2,0,False,0,0,2,0,True,True,40,50,200,3000.0,[7011001],False,0,0,0,0,Tático Anteros,Guarda Karon,,[70669]
3116313,101,1000680,10620001,1,1,0,Monster_Name_3116313,,0,0,2,0,False,0,0,2,1,True,True,40,145,200,1300.0,"[7007901,7007904]",False,0,0,0,0,Canibal Infectado Selvagem,,,[64469]
3116314,102,1000681,10010003,1,1,0,Monster_Name_3116314,,0,0,2,0,False,0,0,2,1,True,True,40,100,140,1300.0,[7000101],False,0,0,0,0,Estilhaçador Selvagem,,,[67519]
3116315,103,1000682,10460002,1,1,0,Monster_Name_3116315,,0,0,2,0,False,0,0,2,1,True,True,30,70,50,1300.0,[7008401],False,0,0,0,0,Fantasma Enfurecido,,,[70669]
3116401,1,0,19045000,0,1,10002,NPC_Name_3116401,NPC_Title_3116401,0,0,1,0,False,0,0,2,0,True,False,40,50,200,3000.0,[],False,0,0,0,0,Reto,Fragmento de Lotan,,[]
3116402,1,0,17750000,0,1,10002,NPC_Name_3116402,NPC_Title_3116402,0,0,1,0,False,0,0,2,0,True,False,40,50,200,3000.0,[],False,0,0,0,0,Sitz Paro,Protetor das Estrelas,,[]
3116403,1,0,19045000,0,1,10002,NPC_Name_3116403,NPC_Title_3116403,0,0,1,0,False,0,0,2,0,True,False,40,50,200,3000.0,[],False,0,0,0,0,Reto,Fragmento de Lotan,,[]
3116404,1,0,14060009,9022,1,10002,NPC_Name_3116404,,0,0,1,0,False,0,0,2,1,True,True,180,180,540,30000.0,"[3507001,3507002,3507003,3507004,3507005]",False,0,0,0,0,MAU do Sitz Paro,,,[]
3116405,1,0,17740013,494,2,10002,NPC_Name_3116405,NPC_Title_3116405,0,0,1,0,False,0,0,2,1,True,True,100,150,200,30000.0,"[7104128,7104129]",False,0,0,0,0,Lotan,Protetor das Estrelas,,[]
3116406,1,0,17760000,0,1,10002,NPC_Name_3116406,NPC_Title_3116406,0,0,1,0,False,0,0,2,0,True,False,30,60,180,3000.0,[],False,0,0,0,0,Kadasha,Protetor das Estrelas,,[]
3116407,1,0,17340000,0,1,10002,NPC_Name_3116407,,0,0,1,0,False,0,0,2,0,True,False,40,50,200,3000.0,[],False,0,0,0,0,Arca,,,[]
3116408,1,0,17750000,0,1,10002,NPC_Name_3116402,NPC_Title_3116402,0,0,1,0,False,0,0,2,0,True,False,40,50,200,3000.0,[],False,0,0,0,0,Sitz Paro,Protetor das Estrelas,,[]
3116409,1,0,19045004,0,1,10002,NPC_Name_3116403,NPC_Title_3116403,0,0,1,0,False,0,0,2,0,True,False,40,50,200,3000.0,[],False,0,0,0,0,Reto,Fragmento de Lotan,,[]
3116501,1,0,30680000,999999,1,10010,Object_Name_3116501,,0,0,1,117,True,0,0,2,0,True,False,30,60,180,3000.0,[],False,0,2,0,0,Eco Abissal,,,[]
3116601,98,0,16311000,228,2,0,Monster_Name_3116601,,0,0,2,103,False,0,2,2,1,True,True,40,100,200,5000.0,[7101901],True,0,0,0,0,Pelastus,,,[]
3116602,99,0,16310000,182,182,0,Monster_Name_3116602,,0,0,2,103,False,0,2,2,1,True,True,40,120,200,5000.0,[7100801],True,0,0,0,0,Pelastus Despertado,,,[]
3120000,1,0,30320000,999999,1,1323,Object_Name_3120000,,0,0,1,107,False,0,0,2,0,True,False,40,100,180,3000.0,[],False,0,0,0,0,Ver: Cratera Cordis,,,[]
3120001,1,0,30060000,999999,1,1324,Object_Name_500001,,0,0,1,108,False,0,0,2,0,True,False,40,100,180,3000.0,[],False,0,0,0,0,Cápsula de Tesouro,,,[]
3120002,1,0,30061000,999999,1,1324,Object_Name_500001,,0,0,1,108,False,0,0,2,0,True,False,40,100,180,3000.0,[],False,0,0,0,0,Cápsula de Tesouro,,,[]
3120003,1,0,30061000,999999,1,1324,Object_Name_500001,,0,0,1,108,False,0,0,2,0,True,False,40,100,180,3000.0,[],False,0,0,0,0,Cápsula de Tesouro,,,[]
3120004,1,0,30062000,999999,1,1324,Object_Name_500001,,0,0,1,108,False,0,0,2,0,True,False,40,100,180,3000.0,[],False,0,0,0,0,Cápsula de Tesouro,,,[]
3120101,1,0,17221000,0,1,10002,NPC_Name_3120101,,0,0,1,0,False,0,0,2,0,False,False,40,40,180,3000.0,[],False,0,1,0,0,,,,[]
3120102,1,0,18670000,0,1,10002,NPC_Name_3120102,,0,0,1,0,False,0,0,2,0,False,False,40,40,180,3000.0,[],False,0,1,0,0,,,,[]
3120103,1,0,18760000,0,1,10002,NPC_Name_3120103,,0,0,1,0,False,0,0,2,0,False,False,40,50,200,3000.0,[],False,0,1,0,0,,,,[]
3120301,115,1000763,10070001,1,1,0,Monster_Name_3120301,,0,0,2,0,False,0,0,2,0,True,True,40,120,200,3000.0,[7007801],False,0,0,0,0,Cordis Nyoka,,,[172669]
3120302,115,1000764,10140001,1,1,0,Monster_Name_3120302,,0,0,2,0,False,0,0,2,0,True,True,40,100,200,3000.0,"[7005501,7005502]",False,0,0,0,0,Cordis Meevlan,,,[172669]
3120303,115,1000765,10280002,1,1,0,Monster_Name_3120303,,0,0,2,0,False,0,0,2,0,True,True,40,110,200,3000.0,"[7008501,7008502]",False,0,0,0,0,Cordis Gafftail,,,[172669]
3120304,116,1000766,10442001,1,1,0,Monster_Name_3120304,,0,0,2,0,False,0,0,2,0,True,True,40,50,200,3000.0,[7012001],False,0,0,0,0,Cordis Mortal Vafer,,,[181669]
3120305,116,1000767,10443001,1,1,0,Monster_Name_3120305,,0,0,2,0,False,0,0,2,0,True,True,40,50,200,3000.0,[7011301],False,0,0,0,0,Cordis Rex Vafer,,,[181669]
3120306,116,1000768,10573001,1,1,0,Monster_Name_3120306,,0,0,2,0,False,0,0,2,0,True,True,40,50,200,3000.0,[7007301],False,0,0,0,0,Lançador Furtivo Cordis,,,[181669]
3120307,117,1000769,10832006,1,1,0,Monster_Name_3120307,Monster_Title_120001,0,0,2,0,False,0,0,2,0,True,True,40,150,130,3000.0,"[7016101,7016102,7016103]",False,0,0,0,0,Cordis Portuário Lydian,Robô de Combate com Mau Funcionamento,,[190919]
3120308,117,1000770,10410051,1,1,0,Monster_Name_3120308,Monster_Title_120001,0,0,2,0,False,0,0,2,0,True,True,40,70,200,3000.0,[7008201],False,0,0,0,0,Cordis Passer Alpha,Robô de Combate com Mau Funcionamento,,[190919]
3120309,117,1000771,10812052,1,1,0,Monster_Name_3120309,Monster_Title_120001,0,0,2,0,False,0,0,2,0,True,True,40,60,200,3000.0,[7013101],False,0,0,0,0,Controle Cordis Bork,Robô de Combate com Mau Funcionamento,,[190919]
3120310,118,1000772,10032100,1,1,0,Monster_Name_3120310,,0,0,2,0,False,0,0,2,0,True,True,40,80,200,3000.0,[7000701],False,0,0,0,0,Cordis Grumble Oul,,,[200419]
3120311,118,1000773,10450100,1,1,0,Monster_Name_3120311,,0,0,2,0,False,0,0,2,0,True,True,40,100,200,3000.0,[7012201],False,0,0,0,0,Cordis Lapis,,,[200419]
3120312,118,1000774,11129000,1,1,0,Monster_Name_3120312,,0,0,2,0,False,0,0,2,0,True,True,40,100,200,3000.0,"[7023401,7023402,7023403]",False,0,0,0,0,Cordis Kadal,,,[200419]
3120396,115,1000775,10050002,1,1,0,Monster_Name_3120396,,0,0,2,0,False,0,0,2,1,True,True,40,90,200,1300.0,"[7003701,7003702,7003703]",False,0,0,0,0,Arghol Selvagem,,,[172669]
3120397,116,1000776,10340003,1,1,0,Monster_Name_3120397,,0,0,2,0,False,0,0,2,1,True,True,40,80,200,1300.0,"[7003801,7003802]",False,0,0,0,0,Criminoso Selvagem,,,[181669]
3120398,117,1000777,16160005,1,1,0,Monster_Name_3120398,,0,0,2,0,False,0,0,2,1,True,True,40,100,200,1300.0,"[7004301,7004302]",False,0,0,0,0,Pinça Mecha Desenfreada,,,[190919]
3120399,118,1000778,10823002,1,1,0,Monster_Name_3120399,,0,0,2,0,False,0,0,2,1,True,True,40,80,80,1300.0,"[7016401,7016402]",False,0,0,0,0,Fantasma Blindado Enfurecido,,,[200419]
3121101,1,0,17760000,0,1,10002,NPC_Name_3121101,NPC_Title_3121101,0,0,1,0,False,0,0,2,0,True,False,40,50,200,3000.0,[],False,0,0,0,0,Giz Kadasha,Protetor das Estrelas,,[]
3121102,1,0,17760000,0,1,10002,NPC_Name_3121102,NPC_Title_3121102,0,0,1,0,False,0,0,2,0,True,False,40,50,200,3000.0,[],False,0,0,0,0,Giz Kadasha,Protetor das Estrelas,,[]
3121103,1,0,17760000,0,1,10002,NPC_Name_3121103,NPC_Title_3121103,0,0,1,0,False,0,0,2,0,True,False,40,50,200,3000.0,[],False,0,0,0,0,Giz Kadasha,Protetor das Estrelas,,[]
3121104,1,0,18640011,0,1,10002,NPC_Name_3121104,NPC_Title_3121104,0,0,1,0,False,0,0,2,0,True,False,40,50,200,3000.0,[],False,0,0,0,0,Rene,Assistente,,[]
3121105,1,0,18720000,0,1,10002,,,0,0,1,0,False,0,0,2,0,True,False,40,50,200,3000.0,[],False,0,0,0,0,,,,[]
3121106,1,0,18630000,0,1,10002,,,0,0,1,0,False,0,0,2,0,True,False,40,50,200,3000.0,[],False,0,0,0,0,,,,[]
3121111,1,0,18640011,0,1,10002,NPC_Name_3121111,NPC_Title_3121111,0,0,1,0,False,0,0,2,0,True,False,40,50,200,3000.0,[],False,0,0,0,0,Rene,Assistente,,[]
3121112,1,0,18720000,0,1,10002,,,0,0,1,0,False,0,0,2,0,True,False,40,50,200,3000.0,[],False,0,0,0,0,,,,[]
3121113,1,0,18630000,0,1,10002,,,0,0,1,0,False,0,0,2,0,True,False,40,50,200,3000.0,[],False,0,0,0,0,,,,[]
3121114,1,0,17010000,0,1,10002,NPC_Name_3121114,NPC_Title_3121114,0,0,1,0,False,0,0,2,0,True,False,40,50,200,3000.0,[],False,0,0,0,0,Bigbass,Mercenários de Milhagem,,[]
3121115,1,0,17200010,0,1,10002,NPC_Name_3121115,NPC_Title_3121115,0,0,1,0,False,0,0,2,0,True,False,40,50,200,3000.0,[],False,0,0,0,0,Starlock,Mercenários de Milhagem,,[]
3121116,1,0,19086000,0,1,10002,NPC_Name_3121116,NPC_Title_3121116,0,0,1,0,False,0,0,2,0,True,False,40,50,200,3000.0,[],False,0,0,0,0,Olá,Guilda de Mercadores Genos,,[]
3121117,1,0,19088000,0,1,10002,NPC_Name_3121117,NPC_Title_3121117,0,0,1,0,False,0,0,2,0,True,False,40,50,200,3000.0,[],False,0,0,0,0,Carmen,Guilda de Mercadores Jeffer,,[]
3121118,1,0,18990002,0,1,10002,NPC_Name_3121118,NPC_Title_3121118,0,0,1,0,False,0,0,2,0,True,False,40,50,200,3000.0,[],False,0,0,0,0,Redtail,Mercenário Independente,,[]
3121119,1,0,17052000,0,1,10002,,,0,0,1,0,False,0,0,2,0,True,False,40,50,200,3000.0,[],False,0,0,0,0,,,,[]
3121120,1,0,19083000,0,1,10002,,,0,0,1,0,False,0,0,2,0,True,False,40,50,200,3000.0,[],False,0,0,0,0,,,,[]
3121121,1,0,19084000,0,1,10002,,,0,0,1,0,False,0,0,2,0,True,False,40,50,200,3000.0,[],False,0,0,0,0,,,,[]
3121122,1,0,19085000,0,1,10002,,,0,0,1,0,False,0,0,2,0,True,False,40,50,200,3000.0,[],False,0,0,0,0,,,,[]
3121123,1,0,19065000,0,1,10002,,,0,0,1,0,False,0,0,2,0,True,False,40,50,200,3000.0,[],False,0,0,0,0,,,,[]
3121124,1,0,19066000,0,1,10002,,,0,0,1,0,False,0,0,2,0,True,False,40,50,200,3000.0,[],False,0,0,0,0,,,,[]
3121125,1,0,19067000,0,1,10002,,,0,0,1,0,False,0,0,2,0,True,False,40,50,200,3000.0,[],False,0,0,0,0,,,,[]
3121126,1,0,19086000,0,1,10002,,,0,0,1,0,False,0,0,2,0,True,False,40,50,200,3000.0,[],False,0,0,0,0,,,,[]
3121127,1,0,19087000,0,1,10002,,,0,0,1,0,False,0,0,2,0,True,False,40,50,200,3000.0,[],False,0,0,0,0,,,,[]
3121128,1,0,19088000,0,1,10002,,,0,0,1,0,False,0,0,2,0,True,False,40,50,200,3000.0,[],False,0,0,0,0,,,,[]
3121129,1,0,19055000,0,1,10002,,,0,0,1,0,False,0,0,2,0,True,False,40,50,200,3000.0,[],False,0,0,0,0,,,,[]
3121130,1,0,19056010,0,1,10002,,,0,0,1,0,False,0,0,2,0,True,False,40,50,200,3000.0,[],False,0,0,0,0,,,,[]
3121131,1,0,19059000,0,1,10002,,,0,0,1,0,False,0,0,2,0,True,False,40,50,200,3000.0,[],False,0,0,0,0,,,,[]
3121150,1,0,17052000,0,1,10002,,,0,0,1,0,False,0,0,2,0,True,False,40,50,200,3000.0,[],False,0,0,0,0,,,,[]
3121151,1,0,19083000,0,1,10002,,,0,0,1,0,False,0,0,2,0,True,False,40,50,200,3000.0,[],False,0,0,0,0,,,,[]
3121152,1,0,19084000,0,1,10002,,,0,0,1,0,False,0,0,2,0,True,False,40,50,200,3000.0,[],False,0,0,0,0,,,,[]
3121153,1,0,19085000,0,1,10002,,,0,0,1,0,False,0,0,2,0,True,False,40,50,200,3000.0,[],False,0,0,0,0,,,,[]
3121154,1,0,19065000,0,1,10002,,,0,0,1,0,False,0,0,2,0,True,False,40,50,200,3000.0,[],False,0,0,0,0,,,,[]
3121155,1,0,19066000,0,1,10002,,,0,0,1,0,False,0,0,2,0,True,False,40,50,200,3000.0,[],False,0,0,0,0,,,,[]
3121156,1,0,19067000,0,1,10002,,,0,0,1,0,False,0,0,2,0,True,False,40,50,200,3000.0,[],False,0,0,0,0,,,,[]
3121157,1,0,19086000,0,1,10002,,,0,0,1,0,False,0,0,2,0,True,False,40,50,200,3000.0,[],False,0,0,0,0,,,,[]
3121158,1,0,19087000,0,1,10002,,,0,0,1,0,False,0,0,2,0,True,False,40,50,200,3000.0,[],False,0,0,0,0,,,,[]
3121159,1,0,19088000,0,1,10002,,,0,0,1,0,False,0,0,2,0,True,False,40,50,200,3000.0,[],False,0,0,0,0,,,,[]
3121160,1,0,19054000,0,1,10002,,,0,0,1,0,False,0,0,2,0,True,False,40,50,200,3000.0,[],False,0,0,0,0,,,,[]
3121161,1,0,19055000,0,1,10002,,,0,0,1,0,False,0,0,2,0,True,False,40,50,200,3000.0,[],False,0,0,0,0,,,,[]
3121162,1,0,19056010,0,1,10002,,,0,0,1,0,False,0,0,2,0,True,False,40,50,200,3000.0,[],False,0,0,0,0,,,,[]
3121163,1,0,17080000,0,1,10002,,,0,0,1,0,False,0,0,2,0,True,False,40,50,200,3000.0,[],False,0,0,0,0,,,,[]
3121164,1,0,19059000,0,1,10002,,,0,0,1,0,False,0,0,2,0,True,False,40,50,200,3000.0,[],False,0,0,0,0,,,,[]
3121201,1,0,30680000,999999,1,10010,Object_Name_3121201,,0,0,1,117,True,0,0,2,0,True,False,30,60,180,3000.0,[],False,0,2,0,0,Eco Abissal,,,[]
3121202,1,0,30080016,999999,1,3121202,Object_Name_3121202,,0,0,1,117,True,0,0,2,0,True,False,30,60,180,3000.0,[],False,0,2,0,0,Célula,,,[]
3121401,1,0,17760000,0,1,10002,NPC_Name_3121401,NPC_Title_3121401,0,0,1,0,False,0,0,2,0,True,False,40,50,200,3000.0,[],False,0,0,0,0,Giz Kadasha,Protetor das Estrelas,,[]
3121402,1,0,17270000,0,1,10002,NPC_Name_3121402,NPC_Title_3121402,0,0,1,0,False,0,0,2,0,True,False,40,50,200,3000.0,[],False,0,0,0,0,Durant Cozmel,Sumo Sacerdote,,[]
3121403,1,0,17160002,0,1,10002,NPC_Name_3121403,NPC_Title_3121403,0,0,1,0,False,0,0,2,0,True,False,40,50,200,3000.0,[],False,0,0,0,0,Stan Morris,Assistente de Oswald,,[]
3121404,1,0,17290002,0,1,10002,NPC_Name_3121404,NPC_Title_3121404,0,0,1,0,False,0,0,2,0,True,False,40,50,200,3000.0,[],False,0,0,0,0,MacPherson Gaucho,Comandante Imperial,,[]
3121405,1,0,18720000,0,1,10002,,,0,0,1,0,False,0,0,2,0,True,False,40,50,200,3000.0,[],False,0,0,0,0,,,,[]
3121406,1,0,18630000,0,1,10002,,,0,0,1,0,False,0,0,2,0,True,False,40,50,200,3000.0,[],False,0,0,0,0,,,,[]
3121411,1,0,17340000,0,1,10002,NPC_Name_3121411,NPC_Title_3121411,0,0,1,0,False,0,0,2,0,True,False,40,50,200,3000.0,[],False,0,0,0,0,Arca,IA de Gestão do Planeta Arcano,,[]
3121412,1,0,17760000,0,1,10002,NPC_Name_3121412,NPC_Title_3121412,0,0,1,0,False,0,0,2,0,True,False,40,50,200,3000.0,[],False,0,0,0,0,Giz Kadasha,Protetor das Estrelas,,[]
3121421,1,0,18640011,0,1,10002,NPC_Name_3121421,NPC_Title_3121421,0,0,1,0,False,0,0,2,0,True,False,40,50,200,3000.0,[],False,0,0,0,0,Rene,Assistente,,[]
3121422,1,0,19087000,0,1,10002,NPC_Name_3121422,NPC_Title_3121422,0,0,1,0,False,0,0,2,0,True,False,40,50,200,3000.0,[],True,0,0,0,0,Jogo,Guilda de Mercadores Ilem,,[]
3121423,1,0,18990002,0,1,10002,NPC_Name_3121423,NPC_Title_3121423,0,0,1,0,False,0,0,2,0,True,False,40,50,200,3000.0,[],True,0,0,0,0,Redtail,Mercenário Independente,,[]
3121424,1,0,18990002,0,1,10002,NPC_Name_3121423,NPC_Title_3121423,0,0,1,0,False,0,0,2,0,True,False,40,50,200,3000.0,[],True,0,0,0,0,Redtail,Mercenário Independente,,[]
3121499,1,0,30080000,0,1,10002,,,0,0,1,0,False,0,0,2,0,False,False,40,50,200,3000.0,[],False,0,0,0,0,,,,[]
3121501,1,0,30680000,999999,1,10010,Object_Name_3121501,,0,0,1,117,True,0,0,2,0,True,False,30,60,180,3000.0,[],False,0,2,0,0,Eco Abissal,,,[]
3121601,106,0,10540000,1,1,0,Monster_Name_3121601,Monster_Title_121001,0,121001,2,0,False,0,0,2,0,True,True,40,50,200,30000.0,[7002701],True,0,0,0,0,Corpo de Segurança,Guilda de Mercadores de Ilem,,[]
3121602,106,0,10541000,1,1,0,Monster_Name_3121602,Monster_Title_121001,0,121001,2,0,False,0,0,2,0,True,True,40,50,200,30000.0,[7002801],True,0,0,0,0,Corpo de Segurança,Guilda de Mercadores de Ilem,,[]
3122000,1,0,30320000,999999,1,1323,Object_Name_3122000,,0,0,1,107,False,0,0,2,0,True,False,40,100,180,3000.0,[],False,0,0,0,0,Ver: Ermo Credo,,,[]
3122001,1,0,30060000,999999,1,1324,Object_Name_500001,,0,0,1,108,False,0,0,2,0,True,False,40,100,180,3000.0,[],False,0,0,0,0,Cápsula de Tesouro,,,[]
3122002,1,0,30061000,999999,1,1324,Object_Name_500001,,0,0,1,108,False,0,0,2,0,True,False,40,100,180,3000.0,[],False,0,0,0,0,Cápsula de Tesouro,,,[]
3122003,1,0,30061000,999999,1,1324,Object_Name_500001,,0,0,1,108,False,0,0,2,0,True,False,40,100,180,3000.0,[],False,0,0,0,0,Cápsula de Tesouro,,,[]
3122004,1,0,30062000,999999,1,1324,Object_Name_500001,,0,0,1,108,False,0,0,2,0,True,False,40,100,180,3000.0,[],False,0,0,0,0,Cápsula de Tesouro,,,[]
3122101,1,0,17200010,0,1,10002,NPC_Name_3122101,NPC_Title_3122101,0,0,1,0,False,0,0,2,0,True,False,40,50,200,3000.0,[],False,0,0,0,0,Starlock,Mercenários de Milhagem,,[]
3122102,1,0,17200010,0,1,10002,NPC_Name_3122102,NPC_Title_3122102,0,0,1,0,False,0,0,2,0,True,False,40,50,200,3000.0,[],False,0,0,0,0,Starlock,Mercenários de Milhagem,,[]
3122103,1,0,17600000,0,1,10002,NPC_Name_3122103,NPC_Title_3122103,0,0,1,0,False,0,0,2,0,True,False,40,50,200,3000.0,[],False,0,0,0,0,Roban,Equipe de Pesquisa Estratigráfica,,[]
3122104,1,0,17640010,0,1,10002,NPC_Name_3122104,NPC_Title_3122104,0,0,1,0,False,0,0,2,0,True,False,40,50,200,3000.0,[],False,0,0,0,0,Vanessa,Investigador de Estrato,,[]
3122105,1,0,19053000,0,1,10002,NPC_Name_3122105,NPC_Title_3122105,0,0,1,0,False,0,0,2,0,True,False,40,50,200,3000.0,[],False,0,0,0,0,Moldin,Investigador de Estrato,,[]
3122106,1,0,19055000,0,1,10002,NPC_Name_3122106,NPC_Title_3122106,0,0,1,0,False,0,0,2,0,True,False,40,50,200,3000.0,[],False,0,0,0,0,Lakshya,Investigador de Estrato,,[]
3122107,1,0,19072000,0,1,10002,NPC_Name_3122107,NPC_Title_3122107,0,0,1,0,False,0,0,2,0,True,False,40,50,200,3000.0,[],False,0,0,0,0,Monica,Sacerdotisa Lutherus,,[]
3122108,1,0,19075000,0,1,10002,NPC_Name_3122108,NPC_Title_3122108,0,0,1,0,False,0,0,2,0,True,False,40,50,200,3000.0,[],False,0,0,0,0,Noelyn,Seguidor de Lutherus,,[]
3122109,1,0,19073000,0,1,10002,NPC_Name_3122109,NPC_Title_3122109,0,0,1,0,False,0,0,2,0,True,False,40,50,200,3000.0,[],False,0,0,0,0,Víbora,Lutherus Zelote,,[]
3122110,1,0,17200010,0,1,10002,NPC_Name_3122110,NPC_Title_3122110,0,0,1,0,False,0,0,2,0,True,False,40,50,200,3000.0,[],False,0,0,0,0,Starlock,Mercenários de Milhagem,,[]
3122111,1,0,19072000,0,1,10002,NPC_Name_3122111,NPC_Title_3122111,0,0,1,0,False,0,0,2,0,True,False,40,50,200,3000.0,[],False,0,0,0,0,Monica,Sacerdotisa Lutherus,,[]
3122112,1,0,18990003,0,1,10002,NPC_Name_3122112,NPC_Title_3122112,0,0,1,0,False,0,0,2,0,True,False,40,50,200,3000.0,[],False,0,0,0,0,Redtail,Mercenário Independente,,[]
3122113,1,0,18740003,0,1,10002,,,0,0,1,0,False,0,0,2,0,False,False,40,50,200,3000.0,[],False,0,0,0,0,,,,[]
3122114,1,0,19044000,0,1,10002,,,0,0,1,0,False,0,0,2,0,False,False,40,50,200,3000.0,[],False,0,0,0,0,,,,[]
3122115,1,0,18990003,0,1,10002,NPC_Name_3122115,NPC_Title_3122115,0,0,1,0,False,0,0,2,0,True,False,40,50,200,3000.0,[],False,0,0,0,0,Redtail,Mercenário Independente,,[]
3122116,1,0,19053000,0,1,10002,,,0,0,1,0,False,0,0,2,0,False,False,40,50,200,3000.0,[],False,0,0,0,0,,,,[]
3122117,1,0,17200010,0,1,10002,NPC_Name_3122117,NPC_Title_3122117,0,0,1,0,False,0,0,2,0,True,False,40,50,200,3000.0,[],False,0,0,0,0,Starlock,Mercenários de Milhagem,,[]
3122118,1,0,17200010,0,1,10002,NPC_Name_3122118,NPC_Title_3122118,0,0,1,0,False,0,0,2,0,True,False,40,50,200,3000.0,[],False,0,0,0,0,Starlock,Milhagem Mercenaries,,[]
3122119,1,0,17200010,0,1,10002,NPC_Name_3122119,NPC_Title_3122119,0,0,1,0,False,0,0,2,0,True,False,40,50,200,3000.0,[],False,0,0,0,0,Starlock,Mercenários de Milhagem,,[]
3122120,1,0,17200010,0,1,10002,NPC_Name_3122120,NPC_Title_3122120,0,0,1,0,False,0,0,2,0,True,False,40,50,200,3000.0,[],False,0,0,0,0,Starlock,Mercenários de Milhagem,,[]
3122121,1,0,17200010,0,1,10002,NPC_Name_3122121,NPC_Title_3122121,0,0,1,0,False,0,0,2,0,True,False,40,50,200,3000.0,[],False,0,0,0,0,Starlock,Milhagem Mercenaries,,[]
3122122,1,0,17200010,0,1,10002,NPC_Name_3122122,NPC_Title_3122122,0,0,1,0,False,0,0,2,0,True,False,40,50,200,3000.0,[],False,0,0,0,0,Starlock,Milhagem Mercenaries,,[]
3122123,1,0,19072000,0,1,10002,NPC_Name_3122123,NPC_Title_3122123,0,0,1,0,False,0,0,2,0,True,False,40,50,200,3000.0,[],False,0,0,0,0,Monica,Sacerdotisa Lutherus,,[]
3122124,1,0,19072000,0,1,10002,NPC_Name_3122124,NPC_Title_3122124,0,0,1,0,False,0,0,2,0,True,False,40,50,200,3000.0,[],False,0,0,0,0,Monica,Sacerdotisa Lutherus,,[]
3122141,1,0,19055000,0,1,10002,NPC_Name_3122141,NPC_Title_3122141,0,0,1,13,False,0,0,2,0,True,False,40,50,200,3000.0,[],False,0,0,0,0,Sabrin,Investigador de Campo da Equipe de Pesquisa Estratigráfica,,[]
3122142,1,0,18870001,0,1,10002,NPC_Name_3122142,NPC_Title_3122142,0,0,1,13,False,0,0,2,0,True,False,40,50,200,3000.0,[],False,0,0,0,0,Kayla,Pesquisador da Equipe de Pesquisa Estratigráfica,,[]
3122143,1,0,19054001,0,1,10002,NPC_Name_3122143,NPC_Title_3122143,0,0,1,13,False,0,0,2,0,True,False,40,50,200,3000.0,[],False,0,0,0,0,Germaine,Technician da Equipe de Pesquisa Estratigráfica,,[]
3122144,1,0,19053000,0,1,10002,NPC_Name_3122144,NPC_Title_3122144,0,0,1,13,False,0,0,2,0,True,False,40,50,200,3000.0,[],False,0,0,0,0,Bram,Oficial de Logística Mercenário,,[]
3122145,1,0,19054000,0,1,10002,NPC_Name_3122145,NPC_Title_3122145,0,0,1,13,False,0,0,2,0,True,False,40,50,200,3000.0,[],False,0,0,0,0,Serreno,Pesquisador Ambiental Base,,[]
3122171,1,0,17560010,0,1,10002,NPC_Name_3122171,NPC_Title_3122171,0,0,1,0,False,0,0,2,0,True,False,40,50,200,3000.0,[],False,0,0,0,0,Shoigu,Agente Despachado,,[]
3122172,1,0,17560010,0,1,10002,NPC_Name_3122172,,0,0,1,0,False,0,0,2,0,True,False,40,50,200,3000.0,[],False,0,0,0,0,Shoigu,,,[]
3122173,1,0,11060000,0,1,10002,NPC_Name_3122173,NPC_Title_3122173,0,0,1,0,False,0,0,2,0,True,False,40,50,200,3000.0,[],False,0,0,0,0,Leona,Mercenários da Esteira,,[]
3122174,1,0,18780052,0,1,10002,NPC_Name_3122174,NPC_Title_3122174,0,0,1,0,False,0,0,2,0,True,False,40,50,200,3000.0,[],False,0,0,0,0,Nimrod,Mercenário,,[]
3122175,1,0,10550020,0,1,10002,NPC_Name_3122175,NPC_Title_3122175,0,0,1,0,False,0,0,2,0,True,False,40,50,200,3000.0,[],False,0,0,0,0,Urkhal,Mercenários Crawler,,[]
3122176,1,0,17600000,0,1,10002,NPC_Name_3122176,NPC_Title_3122176,0,0,1,0,False,0,0,2,0,True,False,40,50,200,3000.0,[],False,0,0,0,0,Sergei,Funcionário Sunshade,,[]
3122177,1,0,18720005,0,1,10002,NPC_Name_3122177,NPC_Title_3122177,0,0,1,0,False,0,0,2,0,True,False,40,50,200,3000.0,[],False,0,0,0,0,Eli,Oficial de Planejamento de Assuntos Externos,,[]
3122178,1,0,17052000,0,1,10002,NPC_Name_3122178,NPC_Title_3122178,0,0,1,0,False,0,0,2,0,True,False,40,50,200,3000.0,[],False,0,0,0,0,Beatrice,Credo Nômade,,[]
3122179,1,0,19084000,0,1,10002,NPC_Name_3122179,NPC_Title_3122179,0,0,1,0,False,0,0,2,0,True,False,40,50,200,3000.0,[],False,0,0,0,0,Kasar,Representante Credo Nomad,,[]
3122180,1,0,18900000,0,1,10002,NPC_Name_3122180,,0,0,1,0,False,0,0,2,0,True,False,40,50,200,3000.0,[],False,0,0,0,0,Reuben,,,[]
3122181,1,0,18720005,0,1,10002,NPC_Name_3122181,,0,0,1,0,False,0,0,2,0,True,False,40,50,200,3000.0,[],False,0,0,0,0,Eli,,,[]
3122182,1,0,10550009,0,3122182,10002,,,0,0,1,0,False,0,0,2,0,True,False,40,50,200,3000.0,[],False,0,0,0,0,,,,[]
3122183,1,0,11135001,0,3122183,10002,,,0,0,1,0,False,0,0,2,0,True,False,40,50,200,3000.0,[],False,0,0,0,0,,,,[]
3122201,1,0,30510000,999999,1,3122201,Object_Name_3122201,,0,0,1,117,True,0,0,2,0,True,False,30,60,180,3000.0,[],False,0,2,0,0,Drone Danificado,,,[]
3122202,1,0,30510000,999999,1,3122202,Object_Name_3122202,,0,0,1,117,True,0,0,2,0,True,False,30,60,180,3000.0,[],False,0,2,0,0,Drone de Transporte Danificado,,,[]
3122203,1,0,30530000,999999,1,3122203,Object_Name_3122203,,0,0,1,117,True,0,0,2,0,True,False,0,60,180,3000.0,[],False,0,2,0,0,Verifique o status da base,,,[]
3122204,1,0,30770000,999999,1,3122204,Object_Name_3122204,,0,0,1,117,True,0,0,2,0,True,False,0,60,180,3000.0,[],False,0,2,0,0,Destroços Quebrados,,,[]
3122205,1,0,19054001,999999,1,3122205,Object_Name_3122205,,0,0,1,117,True,0,0,2,0,True,False,30,60,180,3000.0,[],False,0,2,0,0,Technician Abandonado,,,[]
3122206,1,0,18870012,999999,1,3122206,Object_Name_3122206,,0,0,1,117,True,0,0,2,0,True,False,30,60,180,3000.0,[],False,0,2,0,0,Technician Detido,,,[]
3122207,1,0,19072000,999999,1,3122207,Object_Name_3122207,,0,0,1,117,True,0,0,2,0,True,False,30,60,180,3000.0,[],False,0,2,0,0,Seguidor Sequestrado,,,[]
3122208,1,0,18740003,999999,1,3122208,Object_Name_3122208,,0,0,1,117,True,0,0,2,0,True,False,30,60,180,3000.0,[],False,0,2,0,0,Colono Sequestrado,,,[]
3122209,1,0,19044000,999999,1,3122209,Object_Name_3122209,,0,0,1,117,True,0,0,2,0,True,False,30,60,180,3000.0,[],False,0,2,0,0,Comerciante Sequestrado,,,[]
3122210,1,0,30790010,999999,1,3122210,Object_Name_3122210,,0,0,1,117,True,0,0,2,0,True,False,0,60,180,3000.0,[],False,0,2,0,0,Erva Revitalizante,,,[]
3122211,1,0,30160000,999999,1,3122211,Object_Name_3122211,,0,0,1,117,True,0,0,2,0,True,False,30,60,180,3000.0,[],False,0,2,0,0,Caixa Pharma,,,[]
3122271,1,0,30080008,999999,1,3122271,Object_Name_3122271,,0,0,1,117,True,0,0,2,0,True,False,0,60,180,3000.0,[],False,0,2,0,0,Bens Perdidos,,,[]
3122272,1,0,31716000,999999,1,0,,,0,0,1,117,True,0,0,2,0,True,False,30,60,180,3000.0,[],False,0,2,0,0,,,,[]
3122273,1,0,30080007,999999,1,3122273,Object_Name_3122273,,0,0,1,117,True,0,0,2,0,True,False,0,60,180,3000.0,[],False,0,2,0,0,Verificar Rastros,,,[]
3122274,1,0,30080007,999999,1,3122274,Object_Name_3122274,,0,0,1,117,True,0,0,2,0,True,False,0,60,180,3000.0,[],False,0,2,0,0,Verificar Rastros,,,[]
3122275,1,0,31370000,999999,1,3122275,Object_Name_3122275,,0,0,1,117,True,0,0,2,0,True,False,20,60,180,3000.0,[],False,0,2,0,0,Estação,,,[]
3122276,1,0,30790010,999999,1,3122276,Object_Name_3122276,,0,0,1,117,True,0,0,2,0,True,False,0,60,180,3000.0,[],False,0,2,0,0,Folha de Brisa,,,[]
3122277,1,0,31370000,999999,1,3122277,Object_Name_3122277,,0,0,1,117,True,0,0,2,0,True,False,20,60,180,3000.0,[],False,0,2,0,0,Estação,,,[]
3122278,1,0,30080008,999999,1,3122271,Object_Name_3122271,,0,0,1,117,True,0,0,2,0,True,False,0,60,180,3000.0,[],False,0,2,0,0,Bens Perdidos,,,[]
3122301,104,1000703,10550000,1,1,0,Monster_Name_3122301,Monster_Title_122001,0,122001,2,0,False,0,0,2,0,True,True,40,50,200,3000.0,"[7006201,7006202]",False,0,0,0,0,Credo Guerreiro Crawler,Gangue do Olho Grande,,[80869]
3122302,104,1000704,10550003,1,1,0,Monster_Name_3122302,Monster_Title_122001,0,122001,2,0,False,0,0,2,0,True,True,40,50,200,3000.0,"[7006201,7006202]",False,0,0,0,0,Credo Batedor Crawler,Gangue do Olho Grande,,[80869]
3122303,104,1000705,10270000,1,1,0,Monster_Name_3122303,,0,0,2,0,False,0,0,2,0,True,True,40,100,200,3000.0,[7009201],False,0,0,0,0,Credo Fera Selvagem,,,[80869]
3122304,104,1000706,10010000,1,529,0,Monster_Name_3122304,,0,0,2,0,False,0,0,2,0,True,True,40,100,200,3000.0,[7000101],False,0,0,0,0,Credo Estilhaçador,,,[80869]
3122305,105,1000707,10816000,1,1,0,Monster_Name_3122305,Monster_Title_122002,0,122002,2,0,False,0,0,2,0,True,True,40,40,110,3000.0,"[7015101,7015102]",False,0,0,0,0,Credo Buscador Clops,Clã Oculus,,[84169]
3122306,105,1000708,10818000,1,1,0,Monster_Name_3122306,Monster_Title_122002,0,122002,2,0,False,0,0,2,0,True,True,40,40,110,3000.0,[7015001],False,0,0,0,0,Credo Enganador Clops,Clã Oculus,,[84169]
3122307,105,1000709,10817000,1,1,0,Monster_Name_3122307,Monster_Title_122002,0,122002,2,0,False,0,0,2,0,True,True,40,60,130,3000.0,"[7015201,7015202]",False,0,0,0,0,Credo Brutamontes Clops,Clã Oculus,,[84169]
3122308,105,1000710,10441000,1,1,0,Monster_Name_3122308,Monster_Title_122003,0,122003,2,0,False,0,0,2,0,True,True,40,100,200,3000.0,[7012101],False,0,0,0,0,Credo Ladino Vafer,Clã Ammut,,[84169]
3122309,106,1000711,10442000,1,1,0,Monster_Name_3122309,Monster_Title_122003,0,122003,2,0,False,0,0,2,0,True,True,40,100,200,3000.0,[7012001],False,0,0,0,0,Credo Mortal Vafer,Clã Ammut,,[90169]
3122310,106,1000712,10443000,1,1,0,Monster_Name_3122310,Monster_Title_122003,0,122003,2,0,False,0,0,2,0,True,True,40,50,200,3000.0,[7011301],False,0,0,0,0,Credo Rex Vafer,Clã Ammut,,[90169]
3122311,106,1000713,11134000,1,1,0,Monster_Name_3122311,Monster_Title_122003,0,122003,2,0,False,0,0,2,0,True,True,40,80,200,3000.0,"[7024001,7024002,7024003]",False,0,0,0,0,Credo Vafer Assassino,Clã Ammut,,[90169]
3122312,106,1000714,10150001,1,1,0,Monster_Name_3122312,,0,0,2,0,False,0,0,2,0,True,True,40,80,200,3000.0,[7006501],False,0,0,0,0,Credo Glatt,,,[90169]
3122397,104,1000715,10010003,1,1,0,Monster_Name_3122397,,0,0,2,0,False,0,0,2,1,True,True,40,100,200,1300.0,[7000101],False,0,0,0,0,Estilhaçador Selvagem,,,[80869]
3122398,105,1000716,10842001,1,1,0,Monster_Name_3122398,,0,0,2,0,False,0,0,2,1,True,True,40,40,50,1300.0,[7018302],False,0,0,0,0,Pathfinder Desenfreado,,,[84169]
3122399,106,1000717,10340003,1,1,0,Monster_Name_3122399,,0,0,2,0,False,0,0,2,1,True,True,40,80,200,1300.0,"[7003801,7003802]",False,0,0,0,0,Criminoso Selvagem,,,[90169]
3122501,1,0,30080008,999999,1,3122501,Object_Name_3122501,,0,0,1,117,True,0,0,2,0,True,False,0,60,180,3000.0,[],False,0,2,0,0,Sondador Núcleo,,,[]
3122601,107,0,16583000,3122601,3,0,Monster_Name_3122601,,0,0,2,103,False,0,2,2,1,True,True,40,300,600,30000.0,"[7109001,7109002]",True,0,0,0,0,Sondador,,,[]
3122602,106,0,10441000,1,1,0,Monster_Name_3122602,Monster_Title_122101,0,122101,2,0,False,0,0,2,1,True,True,40,100,200,30000.0,[7012101],True,0,0,0,0,Ladino Vafer,Clã Ammut,,[]
3122603,106,0,10442000,1,1,0,Monster_Name_3122603,Monster_Title_122101,0,122101,2,0,False,0,0,2,1,True,True,40,100,200,30000.0,[7012001],True,0,0,0,0,Mortal Vafer,Clã Ammut,,[]
3122604,106,0,10443000,1,1,0,Monster_Name_3122604,Monster_Title_122101,0,122101,2,0,False,0,0,2,1,True,True,40,50,200,30000.0,[7011301],True,0,0,0,0,Rex Vafer,Clã Ammut,,[]
3122605,106,0,11134000,1,1,0,Monster_Name_3122605,Monster_Title_122101,0,122101,2,0,False,0,0,2,1,True,True,40,50,200,30000.0,"[7024001,7024002,7024003]",True,0,0,0,0,Nomad Vafer,Clã Ammut,,[]
3122671,106,0,10550003,1,1,0,Monster_Name_3122671,,0,0,2,0,False,0,0,2,0,True,True,40,50,200,30000.0,"[7006201,7006202]",True,0,0,0,0,Rastejador Nômade,,,[]
3123000,1,0,30320000,999999,1,1323,Object_Name_3123000,,0,0,1,107,False,0,0,2,0,True,False,40,100,180,3000.0,[],False,0,0,0,0,Ver: Terras Submersas de Glossa,,,[]
3123001,1,0,30060000,999999,1,1324,Object_Name_500001,,0,0,1,108,False,0,0,2,0,True,False,40,100,180,3000.0,[],False,0,0,0,0,Cápsula de Tesouro,,,[]
3123002,1,0,30061000,999999,1,1324,Object_Name_500001,,0,0,1,108,False,0,0,2,0,True,False,40,100,180,3000.0,[],False,0,0,0,0,Cápsula de Tesouro,,,[]
3123003,1,0,30061000,999999,1,1324,Object_Name_500001,,0,0,1,108,False,0,0,2,0,True,False,40,100,180,3000.0,[],False,0,0,0,0,Cápsula de Tesouro,,,[]
3123004,1,0,30062000,999999,1,1324,Object_Name_500001,,0,0,1,108,False,0,0,2,0,True,False,40,100,180,3000.0,[],False,0,0,0,0,Cápsula de Tesouro,,,[]
3123101,1,0,19085000,0,1,10002,NPC_Name_3123101,NPC_Title_3123101,0,0,1,0,False,0,0,2,0,True,False,40,50,200,3000.0,[],False,0,0,0,0,Gail,Nômade Glossa,,[]
3123102,1,0,18580000,0,1,10002,NPC_Name_3123102,NPC_Title_3123102,0,0,1,0,False,0,0,2,0,True,False,40,50,200,3000.0,[],False,0,0,0,0,Tensor Prim,Investigador Accretian,,[]
3123103,1,0,18660000,0,1,10002,NPC_Name_3123103,,0,0,1,0,False,0,0,2,0,True,False,40,50,200,3000.0,[],False,0,0,0,0,,,,[]
3123104,1,0,19077000,0,1,2515,NPC_Name_3123104,NPC_Title_3123104,0,0,1,0,True,0,0,2,0,True,False,40,50,200,3000.0,[],False,0,0,0,0,Noah,Investigador Accretian,,[]
3123105,1,0,19073000,0,1,10002,NPC_Name_3123105,NPC_Title_3123105,0,0,1,0,False,0,0,2,0,True,False,40,50,200,3000.0,[],False,0,0,0,0,Viper,Lutherus Zelote,,[]
3123106,1,0,19072000,0,1,10002,NPC_Name_3123106,NPC_Title_3123106,0,0,1,0,False,0,0,2,0,True,False,40,50,200,3000.0,[],False,0,0,0,0,Monica,Sacerdotisa Lutherus,,[]
3123107,1,0,30710001,0,1,2503,NPC_Name_3123107,,0,0,1,0,True,0,0,2,0,True,False,40,50,200,3000.0,[],False,0,0,0,0,Diário Abandonado,,,[]
3123108,1,0,19077000,0,1,10002,NPC_Name_3123108,NPC_Title_3123108,0,0,1,0,False,0,0,2,0,True,False,40,50,200,3000.0,[],False,0,0,0,0,Noah,Investigador Accretian,,[]
3123111,1,0,30780000,0,1,10002,,,0,0,1,0,False,0,0,2,0,True,False,0,50,200,3000.0,[],False,0,1,0,0,,,,[]
3123112,1,0,30780000,0,1,10002,,,0,0,1,0,False,0,0,2,0,True,False,0,50,200,3000.0,[],False,0,1,0,0,,,,[]
3123113,1,0,17140000,0,1,10002,NPC_Name_3123113,,0,0,1,0,False,0,0,2,0,True,False,40,50,200,3000.0,[],False,0,0,0,0,Investigador Accretia,,,[]
3123114,1,0,17141001,0,1,10002,NPC_Name_3123114,,0,0,1,0,False,0,0,2,0,True,False,40,50,200,3000.0,[],False,0,0,0,0,Investigador Accretia,,,[]
3123115,1,0,17140001,0,1,10002,NPC_Name_3123115,,0,0,1,0,False,0,0,2,0,True,False,40,50,200,3000.0,[],False,0,0,0,0,Investigador Accretia,,,[]
3123116,1,0,30150000,0,1,10002,,,0,0,1,0,False,0,0,2,0,True,False,30,50,200,3000.0,[],False,0,1,0,0,,,,[]
3123117,1,0,30160000,0,1,10002,,,0,0,1,0,False,0,0,2,0,True,False,30,50,200,3000.0,[],False,0,1,0,0,,,,[]
3123118,1,0,30190000,0,1,10002,,,0,0,1,0,False,0,0,2,0,True,False,30,50,200,3000.0,[],False,0,1,0,0,,,,[]
3123119,1,0,30140000,0,1,10002,,,0,0,1,0,False,0,0,2,0,True,False,30,50,200,3000.0,[],False,0,1,0,0,,,,[]
3123120,1,0,30780000,0,1,10002,,,0,0,1,0,False,0,0,2,0,True,False,0,50,200,3000.0,[],False,0,1,0,0,,,,[]
3123121,1,0,17141014,0,1,10002,NPC_Name_3123121,NPC_Title_3123121,0,0,1,0,False,0,0,2,0,True,False,40,50,200,3000.0,[],False,0,0,0,0,Arrau,Pesquisador Sênior,,[]
3123122,1,0,17140002,0,1,10002,NPC_Name_3123122,NPC_Title_3123122,0,0,1,0,False,0,0,2,0,True,False,40,50,200,3000.0,[],False,0,0,0,0,Felipe,Pesquisador em Treinamento,,[]
3123123,1,0,17640011,0,1,10002,NPC_Name_3123123,NPC_Title_3123123,0,0,1,0,False,0,0,2,0,True,False,40,50,200,3000.0,[],False,0,0,0,0,Gina,Funcionário da Greenworld,,[]
3123124,1,0,17600011,0,1,10002,NPC_Name_3123124,NPC_Title_3123124,0,0,1,0,False,0,0,2,0,True,False,40,50,200,3000.0,[],False,0,0,0,0,Artem,Informante Bellato,,[]
3123125,1,0,18650010,0,1,2515,NPC_Name_3123125,NPC_Title_3123125,0,0,1,0,True,0,0,2,0,True,False,40,50,200,3000.0,[],False,0,0,0,0,Giordano,Construção da Seita do Cavaleiro Decemismo,,[]
3123126,1,0,18700010,0,1,10002,NPC_Name_3123126,NPC_Title_3123126,0,0,1,0,False,0,0,2,0,True,False,40,50,200,3000.0,[],False,0,0,0,0,Mahra,Seita de Construção do Sacerdote de Decemismo,,[]
3123127,1,0,17141014,0,1,10002,NPC_Name_3123127,NPC_Title_3123127,0,0,1,0,False,0,0,2,0,True,False,40,50,200,3000.0,[],False,0,0,0,0,Arrau,Pesquisador Sênior,,[]
3123128,1,0,17140002,0,1,10002,NPC_Name_3123128,NPC_Title_3123128,0,0,1,0,False,0,0,2,0,True,False,40,50,200,3000.0,[],False,0,0,0,0,Felipe,Pesquisador em Treinamento,,[]
3123129,1,0,17640011,0,1,10002,NPC_Name_3123129,NPC_Title_3123129,0,0,1,0,False,0,0,2,0,True,False,40,50,200,3000.0,[],False,0,0,0,0,Gina,Funcionário da Greenworld,,[]
3123130,1,0,17600011,0,1,10002,NPC_Name_3123130,NPC_Title_3123130,0,0,1,0,False,0,0,2,0,True,False,40,50,200,3000.0,[],False,0,0,0,0,Artem,Informante Bellato,,[]
3123131,1,0,18720005,0,1,10002,NPC_Name_3123131,NPC_Title_3123131,0,0,1,0,False,0,0,2,0,True,False,40,50,200,3000.0,[],False,0,0,0,0,Eli,Oficial de Planejamento de Assuntos Externos,,[]
3123132,1,0,18720005,0,1,10002,NPC_Name_3123132,NPC_Title_3123132,0,0,1,0,False,0,0,2,0,True,False,40,50,200,3000.0,[],False,0,0,0,0,Eli,Oficial de Planejamento de Assuntos Externos,,[]
3123134,1,0,17052000,0,1,10002,NPC_Name_3123134,NPC_Title_3123134,0,0,1,0,False,0,0,2,0,True,False,40,50,200,3000.0,[],False,0,0,0,0,Beatrice,Credo Nomad,,[]
3123141,1,0,30280000,0,1,10002,,,0,0,1,0,False,0,0,2,0,True,False,40,50,200,3000.0,[],False,0,0,0,0,,,,[]
3123142,1,0,30280000,0,1,10002,,,0,0,1,0,False,0,0,2,0,True,False,40,50,200,3000.0,[],False,0,0,0,0,,,,[]
3123143,1,0,30780001,0,1,10002,,,0,0,1,0,False,0,0,2,0,True,False,0,50,200,3000.0,[],False,0,0,0,0,,,,[]
3123144,1,0,30780001,0,1,10002,,,0,0,1,0,False,0,0,2,0,True,False,0,50,200,3000.0,[],False,0,0,0,0,,,,[]
3123145,1,0,30830000,0,1,10002,,,0,0,1,0,False,0,0,2,0,True,False,0,50,200,3000.0,[],False,0,0,0,0,,,,[]
3123151,1,0,18990000,0,1,10002,NPC_Name_3123151,NPC_Title_3123151,0,0,1,0,False,0,0,2,0,True,False,40,50,200,3000.0,[],False,0,0,0,0,Redtail,Mercenário Independente,,[]
3123152,1,0,18990000,0,1,10002,NPC_Name_3123152,NPC_Title_3123152,0,0,1,0,False,0,0,2,0,True,False,40,50,200,3000.0,[],False,0,0,0,0,Redtail,Mercenário Independente,,[]
3123153,1,0,18990000,0,1,10002,NPC_Name_3123153,NPC_Title_3123153,0,0,1,0,False,0,0,2,0,True,False,40,50,200,3000.0,[],False,0,0,0,0,Redtail,Mercenário Independente,,[]
3123154,1,0,18990000,0,1,10002,NPC_Name_3123154,NPC_Title_3123154,0,0,1,0,False,0,0,2,0,True,False,40,50,200,3000.0,[],False,0,0,0,0,Redtail,Mercenário Independente,,[]
3123155,1,0,18990004,0,1,10002,NPC_Name_3123155,NPC_Title_3123155,0,0,1,0,False,0,0,2,0,True,False,40,50,200,3000.0,[],False,0,0,0,0,Redtail,Mercenário Independente,,[]
3123156,1,0,18990000,0,1,10002,NPC_Name_3123156,NPC_Title_3123156,0,0,1,0,False,0,0,2,0,True,False,40,50,200,3000.0,[],False,0,0,0,0,Redtail,Mercenário Independente,,[]
3123157,1,0,18990000,0,1,10002,NPC_Name_3123157,NPC_Title_3123157,0,0,1,0,False,0,0,2,0,True,False,40,50,200,3000.0,[],False,0,0,0,0,Redtail,Mercenário Independente,,[]
3123158,1,0,18990000,0,1,10002,NPC_Name_3123158,NPC_Title_3123158,0,0,1,0,False,0,0,2,0,True,False,40,50,200,3000.0,[],False,0,0,0,0,Redtail,Mercenário Independente,,[]
3123191,1,0,17080000,0,1,10002,NPC_Name_3123191,NPC_Title_3123191,0,0,1,13,False,0,0,2,0,True,False,40,50,200,3000.0,[],False,0,0,0,0,Zabrin,Comerciante Nômade,,[]
3123192,1,0,18640000,0,1,10002,NPC_Name_3123192,NPC_Title_3123192,0,0,1,13,False,0,0,2,0,True,False,40,50,200,3000.0,[],False,0,0,0,0,Lucia,Construção da Seita do Sacerdote de Decemismo,,[]
3123193,1,0,17550000,0,1,10002,NPC_Name_3123193,NPC_Title_3123193,0,0,1,13,False,0,0,2,0,True,False,40,50,200,3000.0,[],False,0,0,0,0,3A4-RX,Reunião Android,,[]
3123194,1,0,10443001,0,1,10002,NPC_Name_3123194,NPC_Title_3123194,0,0,1,13,False,0,0,2,0,True,False,0,50,200,3000.0,[],False,0,0,0,0,Cylock,Mercenário Nômade,,[]
3123195,1,0,17080001,0,1,10002,NPC_Name_3123195,NPC_Title_3123195,0,0,1,13,False,0,0,2,0,True,False,40,50,200,3000.0,[],False,0,0,0,0,Ferisa,Místico Nômade,,[]
3123196,1,0,30240000,0,1,10002,,,0,0,1,0,False,0,0,2,0,True,False,0,50,200,3000.0,[],False,0,1,0,0,,,,[]
3123201,1,0,30780000,999999,1,3123201,Object_Name_3123201,,0,0,1,117,True,0,0,2,0,True,False,0,60,180,3000.0,[],False,0,2,0,0,Vestígios Imundos,,,[]
3123202,1,0,30620002,999999,1,3123202,Object_Name_3123202,,0,0,1,117,True,0,0,2,0,True,False,40,60,180,3000.0,[],False,0,2,0,0,Console de Controle do Analisador de Estrato,,,[]
3123203,1,0,30960000,999999,1,3123203,Object_Name_3123203,,0,0,1,117,True,0,0,2,0,True,False,40,60,180,3000.0,[],False,0,2,0,0,Console Vagabond,,,[]
3123204,1,0,18990007,999999,1,3123204,Object_Name_3123204,,0,0,1,117,True,0,0,2,0,True,False,40,60,180,3000.0,[],False,0,2,0,0,Redtail Colapsado,,,[]
3123205,1,0,31713000,999999,1,3123205,Object_Name_3123205,,0,0,1,117,True,0,0,2,0,True,False,40,60,180,3000.0,[],False,0,2,0,0,Dispositivo Coran Desativado,,,[]
3123206,1,0,18640012,999999,1,3123206,Object_Name_3123206,,0,0,1,117,True,0,0,2,0,True,False,40,60,180,3000.0,[],False,0,2,0,0,Cadáver Humano Cristalizado,,,[]
3123207,1,0,30120022,999999,1,3123207,Object_Name_3123207,,0,0,1,117,True,0,0,2,0,True,False,40,60,180,3000.0,[],False,0,2,0,0,Android Destruído,,,[]
3123208,1,0,31160001,999999,1,3123208,Object_Name_3123208,,0,0,1,117,True,0,0,2,0,True,False,0,60,180,3000.0,[],False,0,2,0,0,Vestígios da Unidade de Patrulha,,,[]
3123209,1,0,30710002,999999,1,3123209,Object_Name_3123209,,0,0,1,117,True,0,0,2,0,True,False,40,50,200,3000.0,[],False,0,2,0,0,Diário Abandonado,,,[]
3123221,1,0,30820000,999999,1,3123221,Object_Name_3123221,,0,0,1,117,True,0,0,2,0,True,False,40,60,180,3000.0,[],False,0,2,0,0,Baliza Accretia,,,[]
3123222,1,0,30270000,999999,1,3123222,Object_Name_3123222,,0,0,1,117,True,0,0,2,0,True,False,40,60,180,3000.0,[],False,0,2,0,0,Drone de Suprimento,,,[]
3123223,1,0,30150000,999999,1,3123223,Object_Name_3123223,,0,0,1,117,True,0,0,2,0,True,False,40,60,180,3000.0,[],False,0,2,0,0,Suprimentos,,,[]
3123224,1,0,30280001,999999,1,3123224,Object_Name_3123224,,0,0,1,117,True,0,0,2,0,True,False,40,60,180,3000.0,[],False,0,2,0,0,Antena Falsa,,,[]
3123225,1,0,30530001,999999,1,3123225,Object_Name_3123225,,0,0,1,117,True,0,0,2,0,True,False,0,60,180,3000.0,[],False,0,2,0,0,Instalar Antena Falsa,,,[]
3123226,1,0,30530001,999999,1,3123226,Object_Name_3123226,,0,0,1,117,True,0,0,2,0,True,False,0,60,180,3000.0,[],False,0,2,0,0,Instalar Antena Falsa,,,[]
3123227,1,0,30530001,999999,1,3123227,Object_Name_3123227,,0,0,1,117,True,0,0,2,0,True,False,0,60,180,3000.0,[],False,0,2,0,0,Instalar Dispositivo de Orientação de Drones,,,[]
3123228,1,0,30420001,999999,1,3123228,Object_Name_3123228,,0,0,1,117,True,0,0,2,0,True,False,0,60,180,3000.0,[],False,0,2,0,0,Colocar Manchas de Sangue,,,[]
3123229,1,0,30420001,999999,1,3123229,Object_Name_3123229,,0,0,1,117,True,0,0,2,0,True,False,0,60,180,3000.0,[],False,0,2,0,0,Colocar Manchas de Sangue,,,[]
3123230,1,0,30180001,999999,1,3123230,Object_Name_3123230,,0,0,1,117,True,0,0,2,0,True,False,40,60,180,3000.0,[],False,0,2,0,0,Caixa de Peças Abandonadas,,,[]
3123231,1,0,30590001,999999,1,3123231,Object_Name_3123231,,0,0,1,117,True,0,0,2,0,True,False,40,60,180,3000.0,[],False,0,2,0,0,Console de Documento de Arbitragem,,,[]
3123301,107,1000718,10833003,1,1,0,Monster_Name_3123301,Monster_Title_123003,0,123003,2,0,False,0,0,2,0,True,True,40,40,60,3000.0,[7017701],False,0,0,0,0,Cirurgião Glossa,Robô de Pesquisa de Estrato Quebrado,,[96419]
3123302,107,1000719,10834003,1,1,0,Monster_Name_3123302,Monster_Title_123003,0,123003,2,0,False,0,0,2,0,True,True,30,40,50,3000.0,"[7016301,7016302]",False,0,0,0,0,Glossa Médica,Robô de Pesquisa de Estrato Quebrado,,[96419]
3123303,107,1000720,10563001,1,1,0,Monster_Name_3123303,Monster_Title_123002,0,123002,2,0,False,0,0,2,0,True,True,40,50,200,3000.0,"[7000301,7000302]",False,0,0,0,0,Combatente Vagabundo,Fora da Lei das Terras Submersas,,[96419]
3123304,107,1000721,10560001,1,1,0,Monster_Name_3123304,Monster_Title_123002,0,123002,2,0,False,0,0,2,0,True,True,40,50,200,3000.0,[7000401],False,0,0,0,0,Atirador Vagabundo,Fora da Lei das Terras Submersas,,[96419]
3123305,108,1000722,10280006,1,1,0,Monster_Name_3123305,,0,0,2,0,False,0,0,2,0,True,True,40,50,200,3000.0,"[7008501,7008502]",False,0,0,0,0,Gaff de Cristal Glossa,,,[102919]
3123306,108,1000723,10838000,1,1,0,Monster_Name_3123306,,0,0,2,0,False,0,0,2,0,True,True,30,40,40,3000.0,[7017601],False,0,0,0,0,Glossa Scavenger,,,[102919]
3123307,108,1000724,18780000,1,1,0,Monster_Name_3123307,Monster_Title_123004,0,123004,2,0,False,0,0,2,0,True,True,40,60,200,3000.0,"[7013501,7013502,7013503]",False,0,0,0,0,Glossa Recon,Android com Mau Funcionamento,,[102919]
3123308,108,1000725,10561001,1,1,0,Monster_Name_3123308,Monster_Title_123002,0,123002,2,0,False,0,0,2,0,True,True,40,50,200,3000.0,"[7000601,7000602]",False,0,0,0,0,Berserker Vagabundo,Fora da Lei das Terras Submersas,,[102919]
3123309,109,1000726,18800000,1,1,0,Monster_Name_3123309,Monster_Title_123004,0,123004,2,0,False,0,0,2,0,True,True,40,60,200,3000.0,"[7013701,7013702]",False,0,0,0,0,Glossa Vanguarda,Android com Mau Funcionamento,,[109669]
3123310,109,1000727,10831000,1,1,0,Monster_Name_3123310,,0,0,2,0,False,0,0,2,0,True,True,40,80,140,3000.0,"[7015801,7015802]",False,0,0,0,0,Glossa Walker,,,[109669]
3123311,109,1000728,10190003,1,1,0,Monster_Name_3123311,,0,0,2,0,False,0,0,2,0,True,True,40,50,200,3000.0,[7001301],False,0,0,0,0,Catus de Cristal Glossa,,,[109669]
3123312,109,1000729,10210004,1,1,0,Monster_Name_3123312,,0,0,2,0,False,0,0,2,0,True,True,40,80,200,3000.0,[7005001],False,0,0,0,0,Glossa Cristal Temizl,,,[109669]
3123391,107,1000730,10810003,1,1,0,Monster_Name_3123391,,0,0,2,0,False,0,0,2,1,True,True,40,60,200,1300.0,"[7012401,7012402]",False,0,0,0,0,Bork de Assalto Desenfreado,,,[96419]
3123392,108,1000731,10831002,1,1,0,Monster_Name_3123392,,0,0,2,0,False,0,0,2,1,True,True,40,80,140,1300.0,"[7015801,7015802]",False,0,0,0,0,Junker Desenfreado,,,[102919]
3123393,109,1000732,10842001,1,1,0,Monster_Name_3123393,,0,0,2,0,False,0,0,2,1,True,True,40,40,50,1300.0,[7018302],False,0,0,0,0,Pathfinder Desenfreado,,,[109669]
3123401,1,0,18990002,0,1,10002,NPC_Name_3123401,NPC_Title_3123401,0,0,1,0,False,0,0,2,1,True,False,40,60,200,30000.0,"[7006101,7006102,7006103]",False,0,0,0,0,Redtail,Mercenário Independente,,[]
3123491,1,0,30080000,100019,1,10002,,,0,0,1,0,False,0,0,2,0,False,False,40,50,200,3000.0,[],False,0,0,0,0,,,,[]
3123492,1,0,30080000,100019,1,10002,,,0,0,1,0,False,0,0,2,0,False,False,40,50,200,3000.0,[],False,0,0,0,0,,,,[]
3123493,1,0,30080000,100019,1,10002,,,0,0,1,0,False,0,0,2,0,False,False,40,50,200,3000.0,[],False,0,0,0,0,,,,[]
3123501,1,0,30080000,999999,1,3123501,Object_Name_3123501,,0,0,1,117,True,0,0,2,0,True,False,0,60,180,3000.0,[],False,0,2,0,0,Cadáver Humano Cristalizado,,,[]
3123502,1,0,31714000,999999,1,3123502,Object_Name_3123502,,0,0,1,117,True,0,0,2,0,True,False,40,60,180,3000.0,[],False,0,2,0,0,Dispositivo Coran,,,[]
3123503,1,0,31714000,999999,1,3123503,Object_Name_3123503,,0,0,1,117,True,0,0,2,0,True,False,40,60,180,3000.0,[],False,0,2,0,0,Dispositivo Coran,,,[]
3123601,108,0,10563001,1,1,0,Monster_Name_3123601,Monster_Title_123001,0,123001,2,0,False,0,0,2,1,True,True,40,50,200,30000.0,"[7000301,7000302]",False,0,0,0,0,Glossa Combatente Vagabundo,Fora da Lei das Terras Submersas,,[]
3123602,108,0,10560001,1,1,0,Monster_Name_3123602,Monster_Title_123001,0,123001,2,0,False,0,0,2,1,True,True,40,50,200,30000.0,[7000401],False,0,0,0,0,Atirador Vagabundo,Fora da Lei das Terras Submersas,,[]
3123603,108,0,10561001,1,1,0,Monster_Name_3123603,Monster_Title_123001,0,123001,2,0,False,0,0,2,1,True,True,40,50,200,30000.0,"[7000601,7000602]",False,0,0,0,0,Berserker Vagabundo,Fora da Lei das Terras Submersas,,[]
3123611,109,0,18990001,8,9,0,Monster_Name_3123611,,0,0,2,103,False,0,2,2,1,True,True,40,50,200,30000.0,[7109401],False,0,0,0,0,Deadneck,,,[]
3123651,108,0,10563001,1,1,0,Monster_Name_3123601,Monster_Title_123001,0,123001,2,0,False,0,0,2,1,True,True,40,50,200,30000.0,"[7000301,7000302]",False,0,0,0,0,Glossa Combatente Vagabundo,Fora da Lei das Terras Submersas,,[]
3123652,108,0,10560001,1,1,0,Monster_Name_3123602,Monster_Title_123001,0,123001,2,0,False,0,0,2,1,True,True,40,50,200,30000.0,[7000401],False,0,0,0,0,Atirador Vagabundo,Fora da Lei das Terras Submersas,,[]
3123653,108,0,10561001,1,1,0,Monster_Name_3123603,Monster_Title_123001,0,123001,2,0,False,0,0,2,1,True,True,40,50,200,30000.0,"[7000601,7000602]",False,0,0,0,0,Berserker Vagabundo,Fora da Lei das Terras Submersas,,[]
3124101,1,0,17010000,0,1,10002,NPC_Name_3124101,NPC_Title_3124101,0,0,1,0,False,0,0,2,0,True,False,40,50,200,3000.0,[],False,0,0,0,0,Bigbass,Milhagem Mercenaries,,[]
3124102,1,0,17200010,0,1,10002,NPC_Name_3124102,NPC_Title_3124102,0,0,1,0,False,0,0,2,0,True,False,40,50,200,3000.0,[],False,0,0,0,0,Starlock,Mercenários de Milhagem,,[]
3124103,1,0,18640000,0,1,10002,NPC_Name_3124103,NPC_Title_3124103,0,0,1,0,False,0,0,2,0,True,False,40,50,200,3000.0,[],False,0,0,0,0,Serena,Equipe de Pesquisa Estratigráfica Cora,,[]
3124104,1,0,18990000,0,1,10002,NPC_Name_3124104,NPC_Title_3124104,0,0,1,0,False,0,0,2,0,True,False,40,50,200,3000.0,[],False,0,0,0,0,Redtail,Mercenário Independente,,[]
3124181,1,0,19086000,0,1,10002,,,0,0,1,0,False,0,0,2,0,True,False,40,50,200,3000.0,[],False,0,1,0,0,,,,[]
3124182,1,0,19087000,0,1,10002,,,0,0,1,0,False,0,0,2,0,True,False,40,50,200,3000.0,[],False,0,1,0,0,,,,[]
3124183,1,0,11125000,0,1,10002,,,0,0,1,0,False,0,0,2,0,True,False,40,50,200,3000.0,[],False,0,1,0,0,,,,[]
3124184,1,0,11126000,0,1,10002,,,0,0,1,0,False,0,0,2,0,True,False,40,50,200,3000.0,[],False,0,1,0,0,,,,[]
3124185,1,0,11127000,0,1,10002,,,0,0,1,0,False,0,0,2,0,True,False,40,50,200,3000.0,[],False,0,1,0,0,,,,[]
3124186,1,0,19083000,0,1,10002,,,0,0,1,0,False,0,0,2,0,True,False,40,50,200,3000.0,[],False,0,1,0,0,,,,[]
3124187,1,0,19084000,0,1,10002,,,0,0,1,0,False,0,0,2,0,True,False,40,50,200,3000.0,[],False,0,1,0,0,,,,[]
3124188,1,0,19085000,0,1,10002,,,0,0,1,0,False,0,0,2,0,True,False,40,50,200,3000.0,[],False,0,1,0,0,,,,[]
3124189,1,0,19086000,0,1,10002,,,0,0,1,0,False,0,0,2,0,True,False,40,50,200,3000.0,[],False,0,1,0,0,,,,[]
3124190,1,0,19087000,0,1,10002,,,0,0,1,0,False,0,0,2,0,True,False,40,50,200,3000.0,[],False,0,1,0,0,,,,[]
3124191,1,0,18620000,0,1,10002,,,0,0,1,0,False,0,0,2,0,True,False,40,50,200,3000.0,[],False,0,1,0,0,,,,[]
3124192,1,0,18610000,0,1,10002,,,0,0,1,0,False,0,0,2,0,True,False,40,50,200,3000.0,[],False,0,1,0,0,,,,[]
3124193,1,0,17220000,0,1,10002,,,0,0,1,0,False,0,0,2,0,True,False,40,50,200,3000.0,[],False,0,1,0,0,,,,[]
3124194,1,0,11125000,0,1,10002,,,0,0,1,0,False,0,0,2,0,True,False,40,50,200,3000.0,[],False,0,1,0,0,,,,[]
3124195,1,0,11126000,0,1,10002,,,0,0,1,0,False,0,0,2,0,True,False,40,50,200,3000.0,[],False,0,1,0,0,,,,[]
3124196,1,0,11127000,0,1,10002,,,0,0,1,0,False,0,0,2,0,True,False,40,50,200,3000.0,[],False,0,1,0,0,,,,[]
3124197,1,0,19083000,0,1,10002,,,0,0,1,0,False,0,0,2,0,True,False,40,50,200,3000.0,[],False,0,1,0,0,,,,[]
3124198,1,0,19084000,0,1,10002,,,0,0,1,0,False,0,0,2,0,True,False,40,50,200,3000.0,[],False,0,1,0,0,,,,[]
3124199,1,0,19085000,0,1,10002,,,0,0,1,0,False,0,0,2,0,True,False,40,50,200,3000.0,[],False,0,1,0,0,,,,[]
3125000,1,0,30320000,999999,1,1323,Object_Name_3125000,,0,0,1,107,False,0,0,2,0,True,False,40,100,180,3000.0,[],False,0,0,0,0,Ver: Penhascos de Limen,,,[]
3125001,1,0,30060000,999999,1,1324,Object_Name_500001,,0,0,1,108,False,0,0,2,0,True,False,40,100,180,3000.0,[],False,0,0,0,0,Cápsula de Tesouro,,,[]
3125002,1,0,30061000,999999,1,1324,Object_Name_500001,,0,0,1,108,False,0,0,2,0,True,False,40,100,180,3000.0,[],False,0,0,0,0,Cápsula de Tesouro,,,[]
3125003,1,0,30061000,999999,1,1324,Object_Name_500001,,0,0,1,108,False,0,0,2,0,True,False,40,100,180,3000.0,[],False,0,0,0,0,Cápsula de Tesouro,,,[]
3125004,1,0,30062000,999999,1,1324,Object_Name_500001,,0,0,1,108,False,0,0,2,0,True,False,40,100,180,3000.0,[],False,0,0,0,0,Cápsula de Tesouro,,,[]
3125101,1,0,17200010,0,1,10002,NPC_Name_3125101,NPC_Title_3125101,0,0,1,13,False,0,0,2,0,True,False,40,50,200,3000.0,[],False,0,0,0,0,Starlock,Mercenários de Milhagem,,[]
3125102,1,0,17240000,0,1,10002,NPC_Name_3125102,NPC_Title_3125102,0,0,1,13,False,0,0,2,0,True,False,40,50,200,3000.0,[],False,0,0,0,0,Kirill Everrune,Protetor das Estrelas,,[]
3125103,1,0,17240000,0,1,10002,NPC_Name_3125103,NPC_Title_3125103,0,0,1,13,False,0,0,2,0,True,False,40,50,200,3000.0,[],False,0,0,0,0,Kirill Everrune,Protetor das Estrelas,,[]
3125104,1,0,17240000,0,1,10002,NPC_Name_3125104,NPC_Title_3125104,0,0,1,13,False,0,0,2,0,True,False,40,50,200,3000.0,[],False,0,0,0,0,Kirill Everrune,Protetor das Estrelas,,[]
3125105,1,0,17240000,0,1,10002,NPC_Name_3125105,NPC_Title_3125105,0,0,1,13,False,0,0,2,0,True,False,40,50,200,3000.0,[],False,0,0,0,0,Kirill Everrune,Protetor das Estrelas,,[]
3125106,1,0,19082000,0,1,10002,NPC_Name_3125106,NPC_Title_3125106,0,0,1,13,False,0,0,2,0,True,False,40,50,200,3000.0,[],False,0,0,0,0,Edric Beloa,Investigador de Estrato Cora,,[]
3125107,1,0,19082000,0,1,10002,NPC_Name_3125107,NPC_Title_3125107,0,0,1,13,False,0,0,2,0,True,False,40,50,200,3000.0,[],False,0,0,0,0,Edric Beloa,Investigador de Estrato Cora,,[]
3125108,1,0,19082000,0,1,10002,NPC_Name_3125107,NPC_Title_3125107,0,0,1,0,False,0,0,2,0,True,False,40,50,200,3000.0,[],False,0,0,0,0,Edric Beloa,Investigador de Estrato Cora,,[]
3125121,1,0,17061001,0,1,10002,NPC_Name_3125121,NPC_Title_3125121,0,0,1,13,False,0,0,2,0,True,False,40,50,200,3000.0,[],False,0,0,0,0,Taren,Colonizador Nômade,,[]
3125122,1,0,17080001,0,1,10002,NPC_Name_3125122,NPC_Title_3125122,0,0,1,13,False,0,0,2,0,True,False,40,50,200,3000.0,[],False,0,0,0,0,Ultimate,Comerciante,,[]
3125123,1,0,17090000,0,1,10002,NPC_Name_3125123,NPC_Title_3125123,0,0,1,13,False,0,0,2,0,True,False,40,50,200,3000.0,[],False,0,0,0,0,Dorran,Colonizador Nômade,,[]
3125124,1,0,17080000,0,1,10002,NPC_Name_3125124,NPC_Title_3125124,0,0,1,13,False,0,0,2,0,True,False,40,50,200,3000.0,[],False,0,0,0,0,Fatia,Comerciante,,[]
3125125,1,0,17051000,0,1,10002,NPC_Name_3125125,NPC_Title_3125125,0,0,1,13,False,0,0,2,0,True,False,40,50,200,3000.0,[],False,0,0,0,0,Ermin,Minerador Nômade,,[]
3125151,1,0,18640000,0,1,10002,,,0,0,1,0,False,0,0,2,0,True,False,40,50,200,3000.0,[],False,0,1,0,0,,,,[]
3125152,1,0,18700000,0,1,10002,,,0,0,1,0,False,0,0,2,0,True,False,40,50,200,3000.0,[],False,0,1,0,0,,,,[]
3125153,1,0,18610010,0,1,10002,,,0,0,1,0,False,0,0,2,0,True,False,40,50,200,3000.0,[],False,0,1,0,0,,,,[]
3125154,1,0,18690000,0,1,10002,,,0,0,1,0,False,0,0,2,0,True,False,40,50,200,3000.0,[],False,0,1,0,0,,,,[]
3125155,1,0,19087000,0,1,10002,,,0,0,1,0,False,0,0,2,0,True,False,40,50,200,3000.0,[],False,0,1,0,0,,,,[]
3125156,1,0,19088000,0,1,10002,,,0,0,1,0,False,0,0,2,0,True,False,40,50,200,3000.0,[],False,0,1,0,0,,,,[]
3125157,1,0,11070000,0,1,10002,,,0,0,1,0,False,0,0,2,0,True,False,40,50,200,3000.0,[],False,0,1,0,0,,,,[]
3125158,1,0,19086000,0,1,10002,,,0,0,1,0,False,0,0,2,0,True,False,40,50,200,3000.0,[],False,0,1,0,0,,,,[]
3125159,1,0,19084000,0,1,10002,,,0,0,1,0,False,0,0,2,0,True,False,40,50,200,3000.0,[],False,0,1,0,0,,,,[]
3125172,1,0,19068001,0,1,10002,NPC_Name_3125172,NPC_Title_3125172,0,0,1,0,False,0,0,2,0,True,False,40,50,200,3000.0,[],False,0,0,0,0,Pep,Mercenários da Esteira,,[]
3125173,1,0,18800052,0,1,10002,NPC_Name_3125173,NPC_Title_3125173,0,0,1,0,False,0,0,2,0,True,False,40,50,200,3000.0,[],False,0,0,0,0,Alshat,Mercenários da Esteira,,[]
3125174,1,0,11060000,0,1,10002,NPC_Name_3125174,NPC_Title_3125174,0,0,1,0,False,0,0,2,0,True,False,40,50,200,3000.0,[],False,0,0,0,0,Thor,Mercenários da Esteira,,[]
3125175,1,0,18780052,0,1,10002,NPC_Name_3125175,NPC_Title_3125175,0,0,1,0,False,0,0,2,0,True,False,40,50,200,3000.0,[],False,0,0,0,0,Mott,Mercenários de Esteira,,[]
3125176,1,0,11060000,0,1,10002,NPC_Name_3125176,NPC_Title_3125176,0,0,1,0,False,0,0,2,0,True,False,40,50,200,3000.0,[],False,0,0,0,0,Tudor,Mercenários da Esteira,,[]
3125181,1,0,19054002,0,1,10002,NPC_Name_3125181,NPC_Title_3125181,0,0,1,0,False,0,0,2,0,True,False,40,50,200,3000.0,[],False,0,0,0,0,Maximiliano,Repórter,,[]
3125191,1,0,18910000,0,1,10002,NPC_Name_3125191,NPC_Title_3125191,0,0,1,0,False,0,0,2,0,True,False,40,50,200,3000.0,[],False,0,0,0,0,Sula,Cora Estudiosa Cultural,,[]
3125192,1,0,19086000,0,1,10002,NPC_Name_3125192,NPC_Title_3125192,0,0,1,0,False,0,0,2,0,True,False,40,50,200,3000.0,[],False,0,0,0,0,Otma,Comerciante Nômade Extraterrestre,,[]
3125193,1,0,19083000,0,1,10002,NPC_Name_3125193,NPC_Title_3125193,0,0,1,0,False,0,0,2,0,True,False,40,50,200,3000.0,[],False,0,0,0,0,Marcel,Nômade Limen,,[]
3125201,1,0,18620003,999999,1,3125201,Object_Name_3125201,,0,0,1,117,True,0,0,2,0,True,False,30,60,180,3000.0,[],False,0,2,0,0,Membro da Pesquisa Fugido,,,[]
3125202,1,0,17470011,999999,1,3125202,Object_Name_3125202,,0,0,1,117,True,0,0,2,0,True,False,30,60,180,3000.0,[],False,0,2,0,0,Escondendo Accretian,,,[]
3125203,1,0,31713000,999999,1,3125203,Object_Name_3125203,,0,0,1,117,True,0,0,2,0,True,False,30,60,180,3000.0,[],False,0,2,0,0,Relíquia de Lutherus,,,[]
3125204,1,0,30590001,999999,1,3125204,Object_Name_3125204,,0,0,1,117,True,0,0,2,0,True,False,30,60,180,3000.0,[],False,0,2,0,0,Console de Transmissão de Dados,,,[]
3125205,1,0,19083001,999999,1,3125205,Object_Name_3125205,,0,0,1,117,True,0,0,2,0,True,False,0,60,180,3000.0,[],False,0,2,0,0,Membro da Pesquisa,,,[]
3125206,1,0,19085001,999999,1,3125206,Object_Name_3125206,,0,0,1,117,True,0,0,2,0,True,False,0,60,180,3000.0,[],False,0,2,0,0,Membro da Pesquisa,,,[]
3125207,1,0,31715001,999999,1,3125207,Object_Name_3125207,,0,0,1,117,True,0,0,2,0,True,False,30,60,180,3000.0,[],False,0,2,0,0,Cristal,,,[]
3125208,1,0,19083001,999999,1,3125208,Object_Name_3125208,,0,0,1,117,True,0,0,2,0,True,False,0,60,180,3000.0,[],False,0,2,0,0,Membro da Pesquisa Infestado de Cristais,,,[]
3125209,1,0,19085001,999999,1,3125209,Object_Name_3125209,,0,0,1,117,True,0,0,2,0,True,False,0,60,180,3000.0,[],False,0,2,0,0,Membro da Pesquisa Infestado de Cristal,,,[]
3125210,1,0,31712000,999999,1,3125210,Object_Name_3125210,,0,0,1,117,True,0,0,2,0,True,False,30,150,180,3000.0,[],False,0,2,0,0,Console de Controle do Analisador de Estrato,,,[]
3125211,1,0,30590001,999999,1,3125211,Object_Name_3125211,,0,0,1,117,True,0,0,2,0,True,False,30,60,180,3000.0,[],False,0,2,0,0,,,,[]
3125212,1,0,30590003,999999,1,3125212,Object_Name_3125212,,0,0,1,117,True,0,0,2,0,True,False,30,60,180,3000.0,[],False,0,2,0,0,,,,[]
3125271,1,0,30150000,999999,1,3125271,Object_Name_3125271,,0,0,1,117,True,0,0,2,0,True,False,30,60,180,3000.0,[],False,0,2,0,0,Baú de Bateria de Navio,,,[]
3125272,1,0,30960000,999999,1,3125272,Object_Name_3125272,,0,0,1,117,True,0,0,2,0,True,False,30,60,180,3000.0,[],False,0,2,0,0,Console do Navio,,,[]
3125273,1,0,30160000,999999,1,3125273,Object_Name_3125273,,0,0,1,117,True,0,0,2,0,True,False,30,60,180,3000.0,[],False,0,2,0,0,Carga de Suprimentos,,,[]
3125274,1,0,30180001,999999,1,3125274,Object_Name_3125274,,0,0,1,117,True,0,0,2,0,True,False,30,60,180,3000.0,[],False,0,2,0,0,Carga de Suprimentos Acidentada,,,[]
3125281,1,0,30620000,999999,1,3125281,Object_Name_3125281,,0,0,1,117,True,0,0,2,0,True,False,30,60,180,3000.0,[],False,0,2,0,0,Máquina de Teste de DNA,,,[]
3125282,1,0,30200000,999999,1,3125282,Object_Name_3125282,,0,0,1,117,True,0,0,2,0,True,False,30,60,180,3000.0,[],False,0,2,0,0,Máquina de Análise de DNA,,,[]
3125283,1,0,30200000,999999,1,3125283,Object_Name_3125283,,0,0,1,117,True,0,0,2,0,True,False,30,60,180,3000.0,[],False,0,2,0,0,Console do Governo Bellato,,,[]
3125291,1,0,31715001,999999,1,3125291,Object_Name_3125291,,0,0,1,117,True,0,0,2,0,True,False,30,60,180,3000.0,[],False,0,2,0,0,Cluster de Cristais,,,[]
3125292,1,0,30080000,999999,1,3125292,Object_Name_3125292,,0,0,1,117,True,0,0,2,0,True,False,30,60,180,3000.0,[],False,0,2,0,0,Santuário Lutherus,,,[]
3125301,110,1000733,10080000,1,1,0,Monster_Name_3125301,,0,0,2,0,False,0,0,2,0,True,True,40,100,200,3000.0,[7005601],False,0,0,0,0,Limen Silex,,,[116669]
3125302,110,1000734,10090000,1,1,0,Monster_Name_3125302,,0,0,2,0,False,0,0,2,0,True,True,40,120,200,3000.0,[7007501],False,0,0,0,0,Limen Fezal,,,[116669]
3125303,110,1000735,10120000,1,1,0,Monster_Name_3125303,,0,0,2,0,False,0,0,2,0,True,True,40,90,200,3000.0,"[7007701,7007702]",False,0,0,0,0,Devorador de Limen,,,[116669]
3125304,110,1000736,10840001,1,1,0,Monster_Name_3125304,Monster_Title_125001,0,0,2,0,False,0,0,2,0,True,True,30,50,50,3000.0,[7017901],False,0,0,0,0,Purificador Thermit Limen,Oráculo Cego,,[116669]
3125305,111,1000737,11121001,1,1,0,Monster_Name_3125305,Monster_Title_125001,0,0,2,0,False,0,0,2,0,True,True,40,80,200,3000.0,"[7024301,7024302,7024303]",False,0,0,0,0,Cavaleiro Limen Thermit,Oráculo Cego,,[123919]
3125306,111,1000738,11122000,1,1,0,Monster_Name_3125306,Monster_Title_125001,0,0,2,0,False,0,0,2,0,True,True,40,80,150,3000.0,"[7022701,7022702]",False,0,0,0,0,Limen Hyburn Baria,Oráculo Cego,,[123919]
3125307,111,1000739,10210004,1,1,0,Monster_Name_3125307,,0,0,2,0,False,0,0,2,0,True,True,50,100,200,3000.0,[7005001],False,0,0,0,0,Cristal Limen Temizl,,,[123919]
3125308,111,1000740,10190003,1,1,0,Monster_Name_3125308,,0,0,2,0,False,0,0,2,0,True,True,50,60,200,3000.0,[7001301],False,0,0,0,0,Catus de Cristal Limen,,,[123919]
3125309,112,1000741,10280006,1,1,0,Monster_Name_3125309,,0,0,2,0,False,0,0,2,0,True,True,40,110,200,3000.0,"[7008501,7008502]",False,0,0,0,0,Cristal Limen Gafftail,,,[131419]
3125310,112,1000742,11123000,1,1,0,Monster_Name_3125310,Monster_Title_125001,0,0,2,0,False,0,0,2,0,True,True,40,80,200,3000.0,"[7022801,7022802]",False,0,0,0,0,Equus Limen Hyburn,Oráculo Cego,,[131419]
3125311,112,1000743,11124000,1,1,0,Monster_Name_3125311,Monster_Title_125001,0,0,2,0,False,0,0,2,0,True,True,40,80,200,3000.0,[7022901],False,0,0,0,0,Limen Hyburn Nepa,Oráculo Cego,,[131419]
3125312,112,1000744,10841001,1,1,0,Monster_Name_3125312,Monster_Title_125001,0,0,2,0,False,0,0,2,0,True,True,40,50,50,3000.0,"[7018001,7018002]",False,0,0,0,0,Limen Juiz Thermit,Oráculo Cego,,[131419]
3125397,110,1000745,10010003,1,1,0,Monster_Name_3125397,,0,0,2,0,False,0,0,2,1,True,True,40,100,200,1300.0,[7000101],False,0,0,0,0,Estilhaçador Selvagem,,,[116669]
3125398,111,1000746,10620001,1,1,0,Monster_Name_3125398,,0,0,2,0,False,0,0,2,1,True,True,40,200,200,1300.0,"[7007901,7007904]",False,0,0,0,0,Canibal Selvagem,,,[123919]
3125399,112,1000747,10842001,1,1,0,Monster_Name_3125399,,0,0,2,0,False,0,0,2,1,True,True,40,40,50,1300.0,[7018302],False,0,0,0,0,Pathfinder Desenfreado,,,[131419]
3125401,1,0,19082000,0,1,10002,NPC_Name_3125401,NPC_Title_3125401,0,0,1,0,False,0,0,2,0,True,False,40,50,200,3000.0,[],False,0,0,0,0,Edric,Investigador de Estrato Cora,,[]
3125402,1,0,19082000,0,1,10002,NPC_Name_3125402,NPC_Title_3125402,0,0,1,0,False,0,0,2,0,True,False,40,50,200,3000.0,[],False,0,0,0,0,Edric,Investigador de Estrato Cora,,[]
3125403,1,0,17240000,0,1,10002,NPC_Name_3125403,NPC_Title_3125403,0,0,1,0,False,0,0,2,0,True,False,40,50,200,3000.0,[],False,0,0,0,0,Kirill Everrune,Protetor das Estrelas,,[]
3125404,1,0,17240000,0,1,10002,NPC_Name_3125404,NPC_Title_3125404,0,0,1,0,False,0,0,2,0,True,False,40,50,200,3000.0,[],False,0,0,0,0,Kirill Everrune,Protetor das Estrelas,,[]
3125501,1,0,30590001,999999,1,3125501,Object_Name_3125501,,0,0,1,117,True,0,0,2,0,True,False,0,60,180,3000.0,[],False,0,2,0,0,Console de Conexão Intranet Thermit,,,[]
3125502,1,0,30590003,999999,1,3125502,Object_Name_3125502,,0,0,1,117,True,0,0,2,0,True,False,0,60,180,3000.0,[],False,0,2,0,0,Console de Conexão Intranet Thermit,,,[]
3125503,1,0,30590003,999999,1,0,Object_Name_3125503,,0,0,1,0,False,0,0,2,0,True,False,0,60,180,3000.0,[],False,0,1,0,0,,,,[]
3125601,112,0,16581000,699,4,0,Monster_Name_3125601,Monster_Title_3125601,0,0,2,103,False,0,2,2,0,True,True,40,80,200,30000.0,[7108801],False,0,0,0,0,Telma,Líder do Oráculo Cego,,[]
3125602,110,0,10840002,999999,1,0,Monster_Name_3125602,Monster_Title_125101,0,125101,2,0,False,0,0,2,0,True,True,30,40,50,30000.0,[7017901],False,0,0,0,0,Purificador Thermit Limen,Oráculo Cego,,[]
3125603,110,0,11121010,999999,1,0,Monster_Name_3125603,Monster_Title_125101,0,125101,2,0,False,0,0,2,0,True,True,40,80,200,30000.0,"[7024301,7024302,7024303]",False,0,0,0,0,Cavaleiro Limen Thermit,Oráculo Cego,,[]
3125604,110,0,10841002,999999,1,0,Monster_Name_3125604,Monster_Title_125101,0,125101,2,0,False,0,0,2,0,True,True,30,40,50,30000.0,"[7018001,7018002]",False,0,0,0,0,Limen Juiz Thermit,Oráculo Cego,,[]
3125605,110,0,10840002,999999,1,0,Monster_Name_3125602,Monster_Title_125101,0,125101,2,0,False,0,0,2,0,True,True,30,40,50,30000.0,[7017901],False,0,0,0,0,Purificador Thermit Limen,Oráculo Cego,,[]
3125606,110,0,10841002,999999,1,0,Monster_Name_3125604,Monster_Title_125101,0,125101,2,0,False,0,0,2,0,True,True,30,40,50,30000.0,"[7018001,7018002]",False,0,0,0,0,Limen Juiz Thermit,Oráculo Cego,,[]
3125607,110,0,10840002,999999,1,0,Monster_Name_3125602,Monster_Title_125101,0,125101,2,0,False,0,0,2,0,True,True,30,40,50,30000.0,[7017901],False,0,0,0,0,Purificador Thermit Limen,Oráculo Cego,,[]
3125691,1,0,30080000,1,1,10002,,,0,0,1,0,False,0,0,2,0,False,False,40,100,200,3000.0,[],False,0,0,0,0,,,,[]
3125692,1,0,30080000,1,1,10002,,,0,0,1,0,False,0,0,2,0,False,False,40,100,200,3000.0,[],False,0,0,0,0,,,,[]
3125693,1,0,30080000,1,1,10002,,,0,0,1,0,False,0,0,2,0,False,False,40,100,200,3000.0,[],False,0,0,0,0,,,,[]
3126000,1,0,30320000,999999,1,1323,Object_Name_3126000,,0,0,1,107,False,0,0,2,0,True,False,40,100,180,3000.0,[],False,0,0,0,0,Ver: Ruínas de Sacer,,,[]
3126001,1,0,30060000,999999,1,1324,Object_Name_500001,,0,0,1,108,False,0,0,2,0,True,False,40,100,180,3000.0,[],False,0,0,0,0,Cápsula de Tesouro,,,[]
3126002,1,0,30061000,999999,1,1324,Object_Name_500001,,0,0,1,108,False,0,0,2,0,True,False,40,100,180,3000.0,[],False,0,0,0,0,Cápsula de Tesouro,,,[]
3126003,1,0,30061000,999999,1,1324,Object_Name_500001,,0,0,1,108,False,0,0,2,0,True,False,40,100,180,3000.0,[],False,0,0,0,0,Cápsula de Tesouro,,,[]
3126004,1,0,30062000,999999,1,1324,Object_Name_500001,,0,0,1,108,False,0,0,2,0,True,False,40,100,180,3000.0,[],False,0,0,0,0,Cápsula de Tesouro,,,[]
3126101,1,0,19082000,1,1,10002,NPC_Name_3126101,NPC_Title_3126101,0,0,1,13,False,0,0,2,0,True,False,40,50,200,3000.0,[],False,0,0,0,0,Edric,Investigador de Estrato Cora,,[]
3126102,1,0,19077000,1,1,10002,NPC_Name_3126102,NPC_Title_3126102,0,0,1,13,False,0,0,2,0,True,False,40,50,200,3000.0,[],False,0,0,0,0,Noah,Investigador Accretian,,[]
3126103,1,0,17200010,1,1,10002,NPC_Name_3126103,NPC_Title_3126103,0,0,1,13,False,0,0,2,0,True,False,40,50,200,3000.0,[],False,0,0,0,0,Starlock,Mercenários de Milhagem,,[]
3126104,1,0,18990003,1,1,10002,NPC_Name_3126104,NPC_Title_3126104,0,0,1,13,False,0,0,2,0,True,False,40,50,200,3000.0,[],False,0,0,0,0,Redtail,Mercenário Independente,,[]
3126105,1,0,19084000,1,1,10002,NPC_Name_3126105,NPC_Title_3126105,0,0,1,13,False,0,0,2,0,True,False,40,50,200,3000.0,[],False,0,0,0,0,Nuut,Sacer Nomad,,[]
3126106,1,0,19086000,1,1,10002,NPC_Name_3126106,NPC_Title_3126106,0,0,1,13,False,0,0,2,0,True,False,40,50,200,3000.0,[],False,0,0,0,0,Rex,Sacer Nomad,,[]
3126107,1,0,19088000,1,1,10002,NPC_Name_3126107,NPC_Title_3126107,0,0,1,13,False,0,0,2,0,True,False,40,50,200,3000.0,[],False,0,0,0,0,Vix,Nômade Sacer,,[]
3126108,1,0,19087000,1,1,10002,NPC_Name_3126108,NPC_Title_3126108,0,0,1,13,False,0,0,2,0,True,False,40,50,200,3000.0,[],False,0,0,0,0,Churb,Nômade Sacer,,[]
3126109,1,0,19084000,1,1,10002,NPC_Name_3126109,NPC_Title_3126109,0,0,1,13,False,0,0,2,0,True,False,40,50,200,3000.0,[],False,0,0,0,0,Ezra,Nômade Sacer,,[]
3126110,1,0,18880000,1,1,10002,NPC_Name_3126110,NPC_Title_3126110,0,0,1,13,False,0,0,2,0,True,False,40,50,200,3000.0,[],False,0,0,0,0,Cassiano,Sacer Nômade,,[]
3126111,1,0,17221002,1,1,10002,NPC_Name_3126111,NPC_Title_3126111,0,0,1,13,False,0,0,2,0,True,False,40,50,200,3000.0,[],False,0,0,0,0,Mercenário Ferido,Investigador de Estrato,,[]
3126112,1,0,17200010,1,1,10002,NPC_Name_3126103,NPC_Title_3126103,0,0,1,13,False,0,0,2,0,True,False,40,50,200,3000.0,[],False,0,0,0,0,Starlock,Mercenários de Milhagem,,[]
3126113,1,0,19082000,1,1,10002,NPC_Name_3126101,NPC_Title_3126101,0,0,1,13,False,0,0,2,0,True,False,40,50,200,3000.0,[],False,0,0,0,0,Edric,Investigador de Estrato Cora,,[]
3126114,1,0,19082000,1,1,10002,NPC_Name_3126101,NPC_Title_3126101,0,0,1,13,False,0,0,2,0,True,False,40,50,200,3000.0,[],False,0,0,0,0,Edric,Investigador de Estrato Cora,,[]
3126115,1,0,19082000,1,1,10002,NPC_Name_3126101,NPC_Title_3126101,0,0,1,13,False,0,0,2,0,True,False,40,50,200,3000.0,[],False,0,0,0,0,Edric,Investigador de Estrato Cora,,[]
3126116,1,0,18990003,1,1,10002,NPC_Name_3126104,NPC_Title_3126104,0,0,1,13,False,0,0,2,0,True,False,40,50,200,3000.0,[],False,0,0,0,0,Redtail,Mercenário Independente,,[]
3126117,1,0,18990003,1,1,10002,NPC_Name_3126104,NPC_Title_3126104,0,0,1,13,False,0,0,2,0,True,False,40,50,200,3000.0,[],False,0,0,0,0,Redtail,Mercenário Independente,,[]
3126118,1,0,18990003,1,1,10002,NPC_Name_3126104,NPC_Title_3126104,0,0,1,13,False,0,0,2,0,True,False,40,50,200,3000.0,[],False,0,0,0,0,Redtail,Mercenário Independente,,[]
3126119,1,0,18990003,1,1,10002,NPC_Name_3126104,NPC_Title_3126104,0,0,1,13,False,0,0,2,0,True,False,40,50,200,3000.0,[],False,0,0,0,0,Redtail,Mercenário Independente,,[]
3126120,1,0,19085000,1,1,10002,NPC_Name_3126120,NPC_Title_3126120,0,0,1,13,False,0,0,2,0,True,False,40,50,200,3000.0,[],False,0,0,0,0,Mev,Sacer Nômade,,[]
3126121,1,0,17610000,1,1,10002,NPC_Name_3126121,NPC_Title_3126121,0,0,1,13,False,0,0,2,0,True,False,40,50,200,3000.0,[],False,0,0,0,0,Gabana,Investigador de Estrato,,[]
3126122,1,0,19084000,1,1,10002,NPC_Name_3126122,NPC_Title_3126122,0,0,1,13,False,0,0,2,0,True,False,40,50,200,3000.0,[],False,0,0,0,0,Vlad,Nômade Sacer,,[]
3126123,1,0,18640000,1,1,10002,NPC_Name_3126123,NPC_Title_3126123,0,0,1,13,False,0,0,2,0,True,False,40,50,200,3000.0,[],False,0,0,0,0,Edwina,Cora Sacerdotisa,,[]
3126124,1,0,17600011,1,1,10002,NPC_Name_3126124,NPC_Title_3126124,0,0,1,13,False,0,0,2,0,True,False,40,50,200,3000.0,[],False,0,0,0,0,Garon,Colecionador,,[]
3126125,1,0,19085000,1,1,10002,NPC_Name_3126125,NPC_Title_3126125,0,0,1,13,False,0,0,2,0,True,False,40,50,200,3000.0,[],False,0,0,0,0,Ced,Mercenário,,[]
3126126,1,0,17630001,1,1,10002,NPC_Name_3126126,NPC_Title_3126126,0,0,1,13,False,0,0,2,0,True,False,40,50,200,3000.0,[],False,0,0,0,0,Sandro,Investigador Sênior,,[]
3126127,1,0,17630011,1,1,10002,NPC_Name_3126127,NPC_Title_3126127,0,0,1,13,False,0,0,2,0,True,False,40,50,200,3000.0,[],False,0,0,0,0,Peep,Investigador de Estrato,,[]
3126128,1,0,17630010,1,1,10002,NPC_Name_3126128,NPC_Title_3126128,0,0,1,13,False,0,0,2,0,True,False,40,50,200,3000.0,[],False,0,0,0,0,Cole,Investigador de Estrato,,[]
3126129,1,0,17580010,1,1,10002,NPC_Name_3126129,NPC_Title_3126129,0,0,1,13,False,0,0,2,0,True,False,40,50,200,3000.0,[],False,0,0,0,0,Milly,Investigador de Estrato,,[]
3126130,1,0,17580000,1,1,10002,NPC_Name_3126130,NPC_Title_3126130,0,0,1,13,False,0,0,2,0,True,False,40,50,200,3000.0,[],False,0,0,0,0,Ren,Investigador de Estrato,,[]
3126131,1,0,18580000,1,1,10002,NPC_Name_3126131,NPC_Title_3126131,0,0,1,13,False,0,0,2,0,True,False,40,50,200,3000.0,[],False,0,0,0,0,Tensor Prim,Investigador Accretian,,[]
3126132,1,0,19056010,1,1,10002,NPC_Name_3126132,NPC_Title_3126132,0,0,1,13,False,0,0,2,0,True,False,40,50,200,3000.0,[],False,0,0,0,0,Heinrich,Explorador,,[]
3126133,1,0,19084000,1,1,10002,NPC_Name_3126133,NPC_Title_3126133,0,0,1,13,False,0,0,2,0,True,False,40,50,200,3000.0,[],False,0,0,0,0,Ned,Sacer Nomad,,[]
3126134,1,0,19085000,1,1,10002,NPC_Name_3126134,NPC_Title_3126134,0,0,1,13,False,0,0,2,0,True,False,40,50,200,3000.0,[],False,0,0,0,0,Corbin,Nômade Sacer,,[]
3126135,1,0,19084000,1,1,10002,NPC_Name_3126135,NPC_Title_3126135,0,0,1,13,False,0,0,2,0,True,False,40,50,200,3000.0,[],False,0,0,0,0,Milo,Sacer Nomad,,[]
3126136,1,0,19083000,1,1,10002,NPC_Name_3126136,NPC_Title_3126136,0,0,1,13,False,0,0,2,0,True,False,40,50,200,3000.0,[],False,0,0,0,0,Vesia,Sacer Nomad,,[]
3126137,1,0,18670000,1,1,10002,NPC_Name_3126137,NPC_Title_3126137,0,0,1,13,False,0,0,2,0,True,False,40,50,200,3000.0,[],False,0,0,0,0,Paulo,Informante Bellato,,[]
3126138,1,0,18670000,1,1,10002,NPC_Name_3126138,NPC_Title_3126138,0,0,1,13,False,0,0,2,0,True,False,40,50,200,3000.0,[],False,0,0,0,0,Paulo,Informante Bellato,,[]
3126139,1,0,19076000,1,1,10002,NPC_Name_3126139,NPC_Title_3126139,0,0,1,13,False,0,0,2,0,True,False,40,50,200,3000.0,[],False,0,0,0,0,Kunis,Estudioso Religioso do Decemismo,,[]
3126140,1,0,19076000,1,1,10002,NPC_Name_3126140,NPC_Title_3126140,0,0,1,13,False,0,0,2,0,True,False,40,50,200,3000.0,[],False,0,0,0,0,Kunis,Estudioso Religioso do Decemismo,,[]
3126141,1,0,19085000,1,1,10002,NPC_Name_3126141,NPC_Title_3126141,0,0,1,13,False,0,0,2,0,True,False,40,50,200,3000.0,[],False,0,0,0,0,Demar,Sacer Nomad,,[]
3126142,1,0,19085000,1,1,10002,NPC_Name_3126142,NPC_Title_3126142,0,0,1,13,False,0,0,2,0,True,False,40,50,200,3000.0,[],False,0,0,0,0,Demar,Sacer Nomad,,[]
3126143,1,0,17630011,1,1,10002,NPC_Name_3126127,NPC_Title_3126127,0,0,1,13,False,0,0,2,0,True,False,40,50,200,3000.0,[],False,0,0,0,0,Peep,Investigador de Estrato,,[]
3126144,1,0,17630010,1,1,10002,NPC_Name_3126128,NPC_Title_3126128,0,0,1,13,False,0,0,2,0,True,False,40,50,200,3000.0,[],False,0,0,0,0,Cole,Investigador de Estrato,,[]
3126145,1,0,17580010,1,1,10002,NPC_Name_3126129,NPC_Title_3126129,0,0,1,13,False,0,0,2,0,True,False,40,50,200,3000.0,[],False,0,0,0,0,Milly,Investigador de Estrato,,[]
3126146,1,0,17580000,1,1,10002,NPC_Name_3126130,NPC_Title_3126130,0,0,1,13,False,0,0,2,0,True,False,40,50,200,3000.0,[],False,0,0,0,0,Ren,Investigador de Estrato,,[]
3126147,1,0,18990003,0,1,10002,NPC_Name_3121140,NPC_Title_3121140,0,0,1,13,False,0,0,2,0,True,False,40,50,200,3000.0,[],False,0,0,0,0,Redtail,Mercenário Independente,,[]
3126148,1,0,17010000,1,1,10002,NPC_Name_3121141,NPC_Title_3121141,0,0,1,13,False,0,0,2,0,True,False,40,50,200,3000.0,[],False,0,0,0,0,Bigbass,Mercenário Veterano,,[]
3126149,1,0,19072001,1,1,10002,NPC_Name_3121142,NPC_Title_3121142,0,0,1,13,False,0,0,2,0,True,False,40,50,200,3000.0,[],False,0,0,0,0,Monica,Sacerdotisa Lutherus,,[]
3126150,1,0,17200010,1,1,10002,NPC_Name_3126103,NPC_Title_3126103,0,0,1,13,False,0,0,2,0,True,False,40,50,200,3000.0,[],False,0,0,0,0,Starlock,Mercenários de Milhagem,,[]
3126151,1,0,19084000,1,1,10002,,,0,0,1,0,True,0,0,2,0,True,False,40,50,200,3000.0,[],False,0,1,0,0,,,,[]
3126152,1,0,19086000,1,1,10002,,,0,0,1,0,True,0,0,2,0,True,False,40,50,200,3000.0,[],False,0,1,0,0,,,,[]
3126153,1,0,19088000,1,1,10002,,,0,0,1,0,True,0,0,2,0,True,False,40,50,200,3000.0,[],False,0,1,0,0,,,,[]
3126154,1,0,19087000,1,1,10002,,,0,0,1,0,True,0,0,2,0,True,False,40,50,200,3000.0,[],False,0,1,0,0,,,,[]
3126155,1,0,19084000,1,1,10002,,,0,0,1,0,True,0,0,2,0,True,False,40,50,200,3000.0,[],False,0,1,0,0,,,,[]
3126156,1,0,19085000,1,1,10002,,,0,0,1,0,True,0,0,2,0,True,False,40,50,200,3000.0,[],False,0,1,0,0,,,,[]
3126157,1,0,19084000,1,1,10002,,,0,0,1,0,True,0,0,2,0,True,False,40,50,200,3000.0,[],False,0,1,0,0,,,,[]
3126158,1,0,19085000,1,1,10002,,,0,0,1,0,True,0,0,2,0,True,False,40,50,200,3000.0,[],False,0,1,0,0,,,,[]
3126159,1,0,30400000,1,1,10002,,,0,0,1,0,True,0,0,2,0,True,False,40,50,200,3000.0,[],False,0,1,0,0,,,,[]
3126160,1,0,30400001,1,1,10002,,,0,0,1,0,True,0,0,2,0,True,False,40,50,200,3000.0,[],False,0,1,0,0,,,,[]
3126161,1,0,30400002,1,1,10002,,,0,0,1,0,True,0,0,2,0,True,False,40,50,200,3000.0,[],False,0,1,0,0,,,,[]
3126162,1,0,30400004,1,1,10002,,,0,0,1,0,True,0,0,2,0,True,False,40,50,200,3000.0,[],False,0,1,0,0,,,,[]
3126163,1,0,30400005,1,1,10002,,,0,0,1,0,True,0,0,2,0,True,False,40,50,200,3000.0,[],False,0,1,0,0,,,,[]
3126164,1,0,30400006,1,1,10002,,,0,0,1,0,True,0,0,2,0,True,False,40,50,200,3000.0,[],False,0,1,0,0,,,,[]
3126201,1,0,14100001,1,1,3126201,Object_Name_3126201,,0,0,1,117,True,0,0,2,0,True,False,30,60,180,3000.0,[],False,0,0,0,0,Caixa de Armas Nômade,,,[]
3126202,1,0,31160000,1,1,3126202,Object_Name_3126202,,0,0,1,117,True,0,0,2,0,True,False,0,60,180,3000.0,[],False,0,2,0,0,Traços Suspeitos,,,[]
3126203,1,0,30180001,1,1,3126203,Object_Name_3126203,,0,0,1,117,True,0,0,2,0,True,False,30,60,180,3000.0,[],False,0,0,0,0,Carga Lutherus,,,[]
3126204,1,0,31715000,1,1,3126204,Object_Name_3126204,,0,0,1,117,True,0,0,2,0,True,False,30,60,180,3000.0,[],False,0,0,0,0,Cristal Artificial,,,[]
3126205,1,0,31715001,1,1,3126205,Object_Name_3126205,,0,0,1,117,True,0,0,2,0,True,False,30,60,180,3000.0,[],False,0,0,0,0,Cristal Suspeito,,,[]
3126206,1,0,30720000,1,1,3126206,Object_Name_3126206,,0,0,1,117,True,0,0,2,0,True,False,30,60,180,3000.0,[],False,0,0,0,0,Mercenário Colapsado,,,[]
3126207,1,0,17200012,1,1,3126207,Object_Name_3126207,,0,0,1,117,True,0,0,2,0,True,False,30,60,180,3000.0,[],False,0,0,0,0,Starlock Desorientado,,,[]
3126208,1,0,30170000,1,1,3126208,Object_Name_3126208,,0,0,1,117,True,0,0,2,0,True,False,30,60,180,3000.0,[],False,0,0,0,0,Carga da Equipe de Pesquisa,,,[]
3126209,1,0,30180000,1,1,3126209,Object_Name_3126209,,0,0,1,117,True,0,0,2,0,True,False,30,60,180,3000.0,[],False,0,0,0,0,Bens Perdidos do Nômade,,,[]
3126210,1,0,30080000,1,1,3126210,Object_Name_3126210,,0,0,1,117,True,0,0,2,0,True,False,0,60,180,3000.0,[],False,0,2,0,0,Mapa de Relíquias,,,[]
3126211,1,0,30080000,1,1,3126211,Object_Name_3126211,,0,0,1,117,True,0,0,2,0,True,False,0,60,180,3000.0,[],False,0,2,0,0,Mapa de Relíquias,,,[]
3126212,1,0,30910000,1,1,3126212,Object_Name_3126212,,0,0,1,117,True,0,0,2,0,True,False,0,60,180,3000.0,[],False,0,0,0,0,Escritura de Lutherus,,,[]
3126213,1,0,30680000,999999,1,10010,Object_Name_3121240,,0,0,1,117,True,0,0,2,0,True,False,30,60,180,3000.0,[],False,0,2,0,0,Eco Abissal,,,[]
3126214,1,0,31210000,999999,1,3121201,Object_Name_3121241,,0,0,1,117,True,0,0,2,0,True,False,30,60,180,3000.0,[],False,0,2,0,0,Gangue Lutherus,,,[]
3126215,1,0,31210000,999999,1,3121201,Object_Name_3121242,,0,0,1,117,True,0,0,2,0,True,False,30,60,180,3000.0,[],False,0,2,0,0,Gangue Lutherus,,,[]
3126216,1,0,30080000,1,1,3126216,Object_Name_3126210,,0,0,1,117,True,0,0,2,0,True,False,0,60,180,3000.0,[],False,0,2,0,0,Mapa de Relíquias,,,[]
3126217,1,0,30080000,1,1,3126217,Object_Name_3126211,,0,0,1,117,True,0,0,2,0,True,False,0,60,180,3000.0,[],False,0,2,0,0,Mapa de Relíquias,,,[]
3126301,113,1000748,10442001,1,1,0,Monster_Name_3126301,Monster_Title_126001,0,126001,2,0,False,0,0,2,0,True,True,40,50,200,3000.0,[7012001],False,0,0,0,0,Sacer Mortal Vafer,Bandidos Vashalt,,[139169]
3126302,113,1000749,10443001,1,1,0,Monster_Name_3126302,Monster_Title_126001,0,126001,2,0,False,0,0,2,0,True,True,40,50,200,3000.0,[7011301],False,0,0,0,0,Sacer Rex Vafer,Bandidos Vashalt,,[139169]
3126303,113,1000750,10574001,1,1,0,Monster_Name_3126303,Monster_Title_126002,0,126002,2,0,False,0,0,2,0,True,True,40,50,200,3000.0,[7007001],False,0,0,0,0,Lanceiro Snatcher Sacer,Cindersneak,,[139169]
3126304,113,1000751,10573001,1,1,0,Monster_Name_3126304,Monster_Title_126002,0,126002,2,0,False,0,0,2,0,True,True,40,60,200,3000.0,[7007301],False,0,0,0,0,Sacer Arremessador Snatcher,Cindersneak,,[147169]
3126305,114,1000752,10550008,1,1,0,Monster_Name_3126305,Monster_Title_126001,0,126001,2,0,False,0,0,2,0,True,True,40,60,200,3000.0,"[7006201,7006202]",False,0,0,0,0,Sacer Guerreiro Crawler,Bandidos Vashalt,,[147169]
3126306,114,1000753,10551004,1,1,0,Monster_Name_3126306,Monster_Title_126001,0,126001,2,0,False,0,0,2,0,True,True,40,60,200,3000.0,[7006301],False,0,0,0,0,Sacer Batedor Crawler,Bandidos Vashalt,,[147169]
3126307,114,1000754,10836000,1,1,0,Monster_Name_3126307,Monster_Title_126003,0,126003,2,0,False,0,0,2,0,True,True,40,60,200,3000.0,"[7017401,7017402]",False,0,0,0,0,Sacer Mentalista Palid,Executor Cinzento,,[147169]
3126308,114,1000755,10837000,1,1,0,Monster_Name_3126308,Monster_Title_126003,0,126003,2,0,False,0,0,2,0,True,True,40,60,200,3000.0,[7018101],False,0,0,0,0,Feiticeiro Palid Sacer,Executor Cinzento,,[147169]
3126309,115,1000756,10190003,1,1,0,Monster_Name_3126309,,0,126004,2,0,False,0,0,2,0,True,True,50,60,200,3000.0,[7001301],False,0,0,0,0,Catus de Cristal Sacer,,,[155419]
3126310,115,1000757,10280006,1,1,0,Monster_Name_3126310,,0,126004,2,0,False,0,0,2,0,True,True,40,110,200,3000.0,"[7008501,7008502]",False,0,0,0,0,Gaff de Cristal Sacer,,,[155419]
3126311,115,1000758,10450100,1,1,0,Monster_Name_3126311,,0,126004,2,0,False,0,0,2,0,True,True,40,100,200,3000.0,[7012201],False,0,0,0,0,Lápis de Cristal Sacer,,,[155419]
3126312,115,1000759,10032100,1,1,0,Monster_Name_3126312,,0,126004,2,0,False,0,0,2,0,True,True,40,80,200,3000.0,[7000701],False,0,0,0,0,Chifre de Grumble de Cristal Sagrado,,,[155419]
3126313,113,1000760,10460002,1,1,0,Monster_Name_3126313,,0,0,2,0,False,0,0,2,1,True,True,40,80,200,1300.0,[7008401],False,0,0,0,0,Fantasma Enfurecido,,,[139169]
3126314,114,1000761,10130001,1,1,0,Monster_Name_3126314,,0,0,2,0,False,0,0,2,1,True,True,40,80,200,1300.0,[7008801],False,0,0,0,0,Simbiôntico Selvagem,,,[147169]
3126315,115,1000762,10010003,1,1,0,Monster_Name_3126315,,0,0,2,0,False,0,0,2,1,True,True,40,100,140,1300.0,[7000101],False,0,0,0,0,Estilhaçador Selvagem,,,[155419]
3126401,1,0,18990002,1,1,10002,NPC_Name_3126401,NPC_Title_3126401,0,0,1,13,False,0,0,2,0,True,False,40,50,200,30000.0,"[7006101,7006102,7006103]",False,0,0,0,0,Redtail,Mercenário Independente,,[]
3126402,1,0,19072000,1,1,10002,NPC_Name_3126402,NPC_Title_3126402,0,0,1,13,False,0,0,2,0,True,False,40,50,200,3000.0,[],False,0,0,0,0,Monica,Sacerdotisa Lutherus,,[]
3126403,1,0,19073001,1,1,10002,NPC_Name_3126403,NPC_Title_3126403,0,0,1,13,False,0,0,2,0,True,False,40,50,200,3000.0,[],False,0,0,0,0,Víbora,Lutherus Zelote,,[]
3126404,1,0,17340000,1,1,10002,NPC_Name_3126404,NPC_Title_3126404,0,0,1,13,False,0,0,2,0,True,False,40,50,200,3000.0,[],False,0,0,0,0,Arca,IA de Gestão do Planeta Arcano,,[]
3126405,1,0,17010000,100019,1,10002,NPC_Name_3126405,NPC_Title_3126405,0,0,1,0,False,0,0,2,0,True,False,40,50,200,3000.0,"[7002201,7002202,7002203]",False,0,0,0,0,Bigbass,Mercenário Veterano,,[]
3126406,1,0,17760002,1,1,10002,NPC_Name_3126406,NPC_Title_3126406,0,0,1,0,False,0,0,2,0,True,False,40,50,200,3000.0,[],False,0,0,0,0,Giz Kadasha,Protetor das Estrelas,,[]
3126407,1,0,18750000,1,100827,10002,NPC_Name_3126407,NPC_Title_3126407,0,0,1,0,False,0,0,2,1,True,True,40,34,200,30000.0,"[7013201,7013202]",False,0,1,0,0,Guarda Nômade,Guarda Rootvein,,[]
3126408,1,0,17220000,220,1,10002,NPC_Name_3126408,NPC_Title_3126407,0,0,1,0,False,0,0,2,1,True,True,40,34,200,30000.0,[7009901],False,0,1,0,0,Guarda Nômade,Guarda Rootvein,,[]
3126409,1,0,17220000,219,1,10002,NPC_Name_3126409,NPC_Title_3126407,0,0,1,0,False,0,0,2,1,True,True,40,40,200,30000.0,[7009901],False,0,1,0,0,Guarda Nômade,Guarda Rootvein,,[]
3126410,1,0,17221000,220,1,10002,NPC_Name_3126410,NPC_Title_3126407,0,0,1,0,False,0,0,2,1,True,True,40,35,200,30000.0,[7009901],False,0,1,0,0,Guarda Nômade,Guarda Rootvein,,[]
3126411,1,0,11126001,1,1,10002,NPC_Name_3126411,NPC_Title_3126411,0,0,1,13,False,0,0,2,0,True,False,40,50,200,3000.0,[],True,0,0,0,0,Demar,Contrabandista Sacer,,[]
3126412,1,0,17200010,1,1,10002,NPC_Name_3126103,NPC_Title_3126103,0,0,1,0,False,0,0,2,0,True,False,40,50,200,3000.0,[],True,0,0,0,0,Starlock,Mercenários de Milhagem,,[]
3126413,1,0,30080000,0,1,10002,,,0,0,1,0,True,0,0,2,0,False,False,40,50,200,3000.0,[],False,0,0,0,0,,,,[]
3126501,1,0,30680000,999999,1,10010,Object_Name_3126501,,0,0,1,117,True,0,0,2,0,True,False,30,60,180,3000.0,[],False,0,2,0,0,Eco Abissal,,,[]
3126502,1,0,19072000,1,1,3126502,Object_Name_3126502,,0,0,1,117,True,0,0,2,0,True,False,30,60,180,3000.0,[],False,0,0,0,0,Monica,,,[]
3126503,1,0,31711000,1,1,3126503,Object_Name_3126503,,0,0,1,117,True,0,0,2,0,True,False,30,60,180,3000.0,[],False,0,0,0,0,Escritura Cora,,,[]
3126504,1,0,31711001,1,1,3126504,Object_Name_3126504,,0,0,1,117,True,0,0,2,0,True,False,30,60,180,3000.0,[],False,0,0,0,0,Escritura Cora,,,[]
3126601,115,0,16584000,953,3,0,Monster_Name_3126601,Monster_Title_126103,0,0,2,103,True,0,2,2,0,True,True,40,200,400,5000.0,"[7109101,7109102]",False,0,0,0,0,Víbora,Lutherus Zelote,,[]
3126602,113,0,10280006,1,1,0,Monster_Name_3126602,,0,126101,2,0,True,0,0,2,0,True,True,40,110,200,30000.0,"[7008501,7008502]",False,0,0,0,0,Mutante de Cristal,,,[]
3126603,113,0,10450100,1,1,0,Monster_Name_3126603,,0,126101,2,0,True,0,0,2,0,True,True,40,100,200,30000.0,[7012201],False,0,0,0,0,Mutante de Cristal,,,[]
3126604,113,0,10032100,1,1,0,Monster_Name_3126604,,0,126101,2,0,True,0,0,2,0,True,True,40,80,200,30000.0,[7000701],False,0,0,0,0,Mutante de Cristal,,,[]
3126605,113,0,10280006,1,1,0,Monster_Name_3126605,,0,126102,2,0,True,0,0,2,0,True,True,40,110,200,30000.0,"[7008501,7008502]",False,0,0,0,0,Mutante de Cristal,,,[]
3126606,113,0,10450100,1,1,0,Monster_Name_3126606,,0,126102,2,0,True,0,0,2,0,True,True,40,100,200,30000.0,[7012201],False,0,0,0,0,Mutante de Cristal,,,[]
3126607,113,0,10032100,1,1,0,Monster_Name_3126607,,0,126102,2,0,True,0,0,2,0,True,True,40,80,200,30000.0,[7000701],False,0,0,0,0,Mutante de Cristal,,,[]
3126608,114,0,11126000,1,1,0,Monster_Name_3126608,Monster_Title_3126608,0,126005,2,103,True,0,2,2,0,True,True,40,80,200,30000.0,"[7023101,7023102,7023103]",False,0,0,0,0,Demar,Contrabandista Sacer,,[]
3126609,112,0,10550004,1,1,0,Monster_Name_3126609,Monster_Title_126005,0,126005,2,0,False,0,0,2,0,True,True,40,50,200,30000.0,"[7006201,7006202]",False,0,0,0,0,Guerreiro Crawler do Crepúsculo,Subordinado de Demar,,[]
3126610,112,0,10551004,1,1,0,Monster_Name_3126610,Monster_Title_126005,0,126005,2,0,False,0,0,2,0,True,True,40,50,200,30000.0,[7006301],False,0,0,0,0,Batedor Crawler do Crepúsculo,Subordinado de Demar,,[]
3126611,112,0,11125000,1,1,0,Monster_Name_3126611,Monster_Title_126005,0,126005,2,0,False,0,0,2,0,True,True,40,80,200,30000.0,[7023001],False,0,0,0,0,Atirador Nômade,Subordinado de Demar,,[]
3126612,112,0,11127000,1,1,0,Monster_Name_3126612,Monster_Title_126005,0,126005,2,0,False,0,0,2,0,True,True,40,80,200,30000.0,[7023201],False,0,0,0,0,Atirador Pesado Nômade,Subordinado de Demar,,[]
3130000,1,0,30320000,999999,1,1323,Object_Name_3130000,,0,0,1,107,False,0,0,2,0,True,False,40,100,180,3000.0,[],False,0,0,0,0,,,,[]
3130001,1,0,30060000,999999,1,1324,Object_Name_500001,,0,0,1,108,False,0,0,2,0,True,False,40,100,180,3000.0,[],False,0,0,0,0,Cápsula de Tesouro,,,[]
3130002,1,0,30061000,999999,1,1324,Object_Name_500001,,0,0,1,108,False,0,0,2,0,True,False,40,100,180,3000.0,[],False,0,0,0,0,Cápsula de Tesouro,,,[]
3130003,1,0,30061000,999999,1,1324,Object_Name_500001,,0,0,1,108,False,0,0,2,0,True,False,40,100,180,3000.0,[],False,0,0,0,0,Cápsula de Tesouro,,,[]
3130004,1,0,30062000,999999,1,1324,Object_Name_500001,,0,0,1,108,False,0,0,2,0,True,False,40,100,180,3000.0,[],False,0,0,0,0,Cápsula de Tesouro,,,[]
3130301,1,1,10080000,1,1,0,Monster_Name_3130301,,0,0,2,0,False,0,0,2,0,True,True,40,80,200,3000.0,[7005601],False,0,0,0,0,,,,[]
3130302,1,1,10080000,1,1,0,Monster_Name_3130302,,0,0,2,0,False,0,0,2,0,True,True,40,80,200,3000.0,[7005601],False,0,0,0,0,,,,[]
3130303,1,1,10080000,1,1,0,Monster_Name_3130303,,0,0,2,0,False,0,0,2,0,True,True,40,80,200,3000.0,[7005601],False,0,0,0,0,,,,[]
3130304,1,1,10160000,1,1,0,Monster_Name_3130304,,0,0,2,0,False,0,0,2,0,True,True,40,50,200,3000.0,[7000901],False,0,0,0,0,,,,[]
3130305,1,1,10110000,1,1,0,Monster_Name_3130305,,0,0,2,0,False,0,0,2,0,True,True,40,120,200,3000.0,[7008701],False,0,0,0,0,,,,[]
3130306,1,1,10360000,1,1,0,Monster_Name_3130306,,0,0,2,0,False,0,0,2,0,True,True,40,50,200,3000.0,[7004201],False,0,0,0,0,,,,[]
3130307,1,1,10400000,1,1,0,Monster_Name_3130307,,0,0,2,0,False,0,0,2,0,True,True,40,80,200,3000.0,"[7009301,7009302]",False,0,0,0,0,,,,[]
3130308,1,1,10170000,1,1,0,Monster_Name_3130308,,0,0,2,0,False,0,0,2,0,True,True,40,50,200,3000.0,[7001001],False,0,0,0,0,,,,[]
3130309,1,1,10380000,1,1,0,Monster_Name_3130309,,0,0,2,0,False,0,0,2,0,True,True,40,50,200,3000.0,[7009101],False,0,0,0,0,,,,[]
3130310,1,1,10080000,1,1,0,Monster_Name_3130310,,0,0,2,0,False,0,0,2,0,True,True,40,80,200,3000.0,[7005601],False,0,0,0,0,,,,[]
3130311,1,1,10080000,1,1,0,Monster_Name_3130311,,0,0,2,0,False,0,0,2,0,True,True,40,80,200,3000.0,[7005601],False,0,0,0,0,,,,[]
3130312,1,1,10080000,1,1,0,Monster_Name_3130312,,0,0,2,0,False,0,0,2,0,True,True,40,80,200,3000.0,[7005601],False,0,0,0,0,,,,[]
3130396,1,1,10010003,1,1,0,Monster_Name_3130396,,0,0,2,0,False,0,0,2,1,True,True,40,100,200,3000.0,[7000101],False,0,0,0,0,,,,[]
3130397,1,1,10130001,1,1,0,Monster_Name_3130397,,0,0,2,0,False,0,0,2,1,True,True,40,80,200,3000.0,[7008801],False,0,0,0,0,,,,[]
3130398,1,1,10310003,1,1,0,Monster_Name_3130398,,0,0,2,0,False,0,0,2,1,True,True,40,130,200,3000.0,"[7005801,7005802]",False,0,0,0,0,,,,[]
3130399,1,1,10050002,1,1,0,Monster_Name_3130399,,0,0,2,0,False,0,0,2,1,True,True,40,50,200,3000.0,"[7003701,7003702,7003703]",False,0,0,0,0,,,,[]
3131101,1,0,17120000,0,1,10002,NPC_Name_3131101,NPC_Title_3131101,0,0,1,0,False,0,0,2,0,True,False,40,50,200,3000.0,[],False,0,0,0,0,,,,[]
3131102,1,0,18580000,0,1,10002,NPC_Name_3131102,NPC_Title_3131102,0,0,1,0,False,0,0,2,0,True,False,40,50,200,3000.0,[],False,0,0,0,0,,,,[]
3131103,1,0,17120000,0,1,10002,NPC_Name_3131103,NPC_Title_3131103,0,0,1,0,False,0,0,2,0,True,False,40,50,200,3000.0,[],False,0,0,0,0,,,,[]
3131104,1,0,17010000,0,1,10002,NPC_Name_3131104,NPC_Title_3131104,0,0,1,0,False,0,0,2,0,True,False,40,50,200,3000.0,[],False,0,0,0,0,,,,[]
3131105,1,0,17120000,0,1,10002,NPC_Name_3131105,NPC_Title_3131105,0,0,1,0,False,0,0,2,0,True,False,40,50,200,3000.0,[],False,0,0,0,0,,,,[]
3131106,1,0,17120000,0,1,10002,NPC_Name_3131106,NPC_Title_3131106,0,0,1,0,False,0,0,2,0,True,False,40,50,200,3000.0,[],False,0,0,0,0,,,,[]
3131151,1,0,17120000,0,1,10002,NPC_Name_3131151,,0,0,1,0,False,0,0,2,0,True,False,40,50,200,3000.0,[],False,0,0,0,0,,,,[]
3131152,1,0,17120000,0,1,10002,NPC_Name_3131152,,0,0,1,0,False,0,0,2,0,True,False,40,50,200,3000.0,[],False,0,0,0,0,,,,[]
3131153,1,0,17120000,0,1,10002,NPC_Name_3131153,,0,0,1,0,False,0,0,2,0,True,False,40,50,200,3000.0,[],False,0,0,0,0,,,,[]
3131154,1,0,17120000,0,1,10002,NPC_Name_3131154,,0,0,1,0,False,0,0,2,0,True,False,40,50,200,3000.0,[],False,0,0,0,0,,,,[]
3131155,1,0,17120000,0,1,10002,NPC_Name_3131155,,0,0,1,0,False,0,0,2,0,True,False,40,50,200,3000.0,[],False,0,0,0,0,,,,[]
3131401,1,0,17010000,0,1,10002,NPC_Name_3131401,NPC_Title_3131401,0,0,1,0,False,0,0,2,0,True,False,40,50,200,3000.0,[],False,0,0,0,0,,,,[]
3131402,1,0,17120000,0,1,10002,NPC_Name_3131402,NPC_Title_3131402,0,0,1,0,False,0,0,2,0,True,False,40,50,200,3000.0,[],False,0,0,0,0,,,,[]
3131403,1,0,17240000,0,1,10002,NPC_Name_3131403,NPC_Title_3131403,0,0,1,0,False,0,0,2,0,True,False,40,50,200,3000.0,[],False,0,0,0,0,,,,[]
3131404,1,0,17120000,0,1,10002,NPC_Name_3131404,NPC_Title_3131404,0,0,1,0,False,0,0,2,0,True,False,40,50,200,3000.0,[],False,0,0,0,0,,,,[]
3131405,1,0,17120000,0,1,10002,NPC_Name_3131405,NPC_Title_3131405,0,0,1,0,False,0,0,2,0,True,False,40,50,200,3000.0,[],False,0,0,0,0,,,,[]
3131421,1,0,17120000,0,1,10002,NPC_Name_3131421,NPC_Title_3131421,0,0,1,0,False,0,0,2,0,True,False,40,50,200,3000.0,[],False,0,0,0,0,,,,[]
3131422,1,0,18580000,0,1,10002,NPC_Name_3131422,NPC_Title_3131422,0,0,1,0,False,0,0,2,0,True,False,40,50,200,3000.0,[],False,0,0,0,0,,,,[]
3131423,1,0,17120000,0,1,10002,NPC_Name_3131423,NPC_Title_3131423,0,0,1,0,False,0,0,2,0,True,False,40,50,200,3000.0,[],False,0,0,0,0,,,,[]
3131451,1,0,18650000,0,1,10002,NPC_Name_3131451,,0,0,1,0,False,0,0,2,0,True,False,40,50,200,3000.0,[],False,0,0,0,0,,,,[]
3131452,1,0,18610000,0,1,10002,NPC_Name_3131452,,0,0,1,0,False,0,0,2,0,True,False,40,50,200,3000.0,[],False,0,0,0,0,,,,[]
3131453,1,0,18620000,0,1,10002,NPC_Name_3131453,,0,0,1,0,False,0,0,2,0,True,False,40,50,200,3000.0,[],False,0,0,0,0,,,,[]
3131454,1,0,18640000,0,1,10002,NPC_Name_3131454,,0,0,1,0,False,0,0,2,0,True,False,40,50,200,3000.0,[],False,0,0,0,0,,,,[]
3131455,1,0,17141010,0,1,10002,NPC_Name_3131455,,0,0,1,0,False,0,0,2,0,True,False,40,50,200,3000.0,[],False,0,0,0,0,,,,[]
3131456,1,0,18400001,0,1,10002,NPC_Name_3131456,,0,0,1,0,False,0,0,2,0,True,False,40,50,200,3000.0,[],False,0,0,0,0,,,,[]
3131457,1,0,18770000,0,1,10002,NPC_Name_3131457,,0,0,1,0,False,0,0,2,0,True,False,40,50,200,3000.0,[],False,0,0,0,0,,,,[]
3131458,1,0,18750000,0,1,10002,NPC_Name_3131458,,0,0,1,0,False,0,0,2,0,True,False,40,50,200,3000.0,[],False,0,0,0,0,,,,[]
3131471,1,0,17141010,0,1,10002,NPC_Name_3131471,,0,0,1,0,False,0,0,2,0,True,False,40,50,200,3000.0,[],False,0,0,0,0,,,,[]
3131472,1,0,18400001,0,1,10002,NPC_Name_3131472,,0,0,1,0,False,0,0,2,0,True,False,40,50,200,3000.0,[],False,0,0,0,0,,,,[]
3131473,1,0,18410001,0,1,10002,NPC_Name_3131473,,0,0,1,0,False,0,0,2,0,True,False,40,50,200,3000.0,[],False,0,0,0,0,,,,[]
3131474,1,0,17120000,0,1,10002,NPC_Name_3131474,,0,0,1,0,False,0,0,2,0,True,False,40,50,200,3000.0,[],False,0,0,0,0,,,,[]
3131475,1,0,17120000,0,1,10002,NPC_Name_3131475,,0,0,1,0,False,0,0,2,0,True,False,40,50,200,3000.0,[],False,0,0,0,0,,,,[]
3131476,1,0,17120000,0,1,10002,NPC_Name_3131476,,0,0,1,0,False,0,0,2,0,True,False,40,50,200,3000.0,[],False,0,0,0,0,,,,[]
3131621,1,0,10812001,1,1,0,Monster_Name_3131621,,0,131101,2,103,False,0,0,2,0,True,True,40,60,200,3000.0,[7013101],False,0,0,0,0,,,,[]
3131622,1,0,10812001,1,1,0,Monster_Name_3131622,,0,131101,2,0,False,0,0,2,0,True,True,40,60,200,3000.0,[7013101],False,0,0,0,0,,,,[]
3131701,1,0,17010000,0,1,10002,NPC_Name_3131701,NPC_Title_3131701,0,0,1,0,False,0,0,2,0,True,False,40,50,200,3000.0,[],False,0,0,0,0,,,,[]
3131702,1,0,17120000,0,1,10002,NPC_Name_3131702,NPC_Title_3131702,0,0,1,0,False,0,0,2,0,True,False,40,50,200,3000.0,[],False,0,0,0,0,,,,[]
3131703,1,0,18580000,0,1,10002,NPC_Name_3131703,NPC_Title_3131703,0,0,1,0,False,0,0,2,0,True,False,40,50,200,3000.0,[],False,0,0,0,0,,,,[]
3131704,1,0,17120000,0,1,10002,NPC_Name_3131704,NPC_Title_3131704,0,0,1,0,False,0,0,2,0,True,False,40,50,200,3000.0,[],False,0,0,0,0,,,,[]
3131705,1,0,17120000,0,1,10002,NPC_Name_3131705,,0,0,1,0,False,0,0,2,0,True,False,40,50,200,3000.0,[],False,0,0,0,0,,,,[]
3131751,1,0,17141010,0,1,10002,NPC_Name_3131751,,0,0,1,0,False,0,0,2,0,True,False,40,50,200,3000.0,[],False,0,0,0,0,,,,[]
3131752,1,0,18400001,0,1,10002,NPC_Name_3131752,,0,0,1,0,False,0,0,2,0,True,False,40,50,200,3000.0,[],False,0,0,0,0,,,,[]
3131753,1,0,18410001,0,1,10002,NPC_Name_3131753,,0,0,1,0,False,0,0,2,0,True,False,40,50,200,3000.0,[],False,0,0,0,0,,,,[]
3131754,1,0,17120000,0,1,10002,NPC_Name_3131754,,0,0,1,0,False,0,0,2,0,True,False,40,50,200,3000.0,[],False,0,0,0,0,,,,[]
3131755,1,0,17120000,0,1,10002,NPC_Name_3131755,,0,0,1,0,False,0,0,2,0,True,False,40,50,200,3000.0,[],False,0,0,0,0,,,,[]
3132000,1,1,30320000,999999,1,1323,Object_Name_3130000,,0,0,1,107,False,0,0,2,0,True,False,40,100,180,3000.0,[],False,0,0,0,0,,,,[]
3132001,1,1,30060000,999999,1,1324,Object_Name_500001,,0,0,1,108,False,0,0,2,0,True,False,40,100,180,3000.0,[],False,0,0,0,0,Cápsula de Tesouro,,,[]
3132002,1,1,30061000,999999,1,1324,Object_Name_500001,,0,0,1,108,False,0,0,2,0,True,False,40,100,180,3000.0,[],False,0,0,0,0,Cápsula de Tesouro,,,[]
3132003,1,1,30061000,999999,1,1324,Object_Name_500001,,0,0,1,108,False,0,0,2,0,True,False,40,100,180,3000.0,[],False,0,0,0,0,Cápsula de Tesouro,,,[]
3132004,1,1,30062000,999999,1,1324,Object_Name_500001,,0,0,1,108,False,0,0,2,0,True,False,40,100,180,3000.0,[],False,0,0,0,0,Cápsula de Tesouro,,,[]
3132101,1,0,17120000,0,1,10002,NPC_Name_3132101,NPC_Title_3132101,0,0,1,0,False,0,0,2,0,True,False,40,50,200,3000.0,[],False,0,0,0,0,,,,[]
3132102,1,0,18580000,0,1,10002,NPC_Name_3132102,NPC_Title_3132102,0,0,1,0,False,0,0,2,0,True,False,40,50,200,3000.0,[],False,0,0,0,0,,,,[]
3132103,1,0,17120000,0,1,10002,NPC_Name_3132103,NPC_Title_3132103,0,0,1,0,False,0,0,2,0,True,False,40,50,200,3000.0,[],False,0,0,0,0,,,,[]
3132104,1,0,17120000,0,1,10002,NPC_Name_3132104,NPC_Title_3132104,0,0,1,0,False,0,0,2,0,True,False,40,50,200,3000.0,[],False,0,0,0,0,,,,[]
3132105,1,0,17120000,0,1,10002,NPC_Name_3132105,NPC_Title_3132105,0,0,1,0,False,0,0,2,0,True,False,40,50,200,3000.0,[],False,0,0,0,0,,,,[]
3132106,1,0,18580000,0,1,10002,NPC_Name_3132106,NPC_Title_3132106,0,0,1,0,False,0,0,2,0,True,False,40,50,200,3000.0,[],False,0,0,0,0,,,,[]
3132107,1,0,17120000,0,1,10002,NPC_Name_3132107,NPC_Title_3132107,0,0,1,0,False,0,0,2,0,True,False,40,50,200,3000.0,[],False,0,0,0,0,,,,[]
3132108,1,0,17120000,0,1,10002,NPC_Name_3132108,NPC_Title_3132108,0,0,1,0,False,0,0,2,0,True,False,40,50,200,3000.0,[],False,0,0,0,0,,,,[]
3132109,1,0,17120000,0,1,10002,NPC_Name_3132109,NPC_Title_3132109,0,0,1,0,False,0,0,2,0,True,False,40,50,200,3000.0,[],False,0,0,0,0,,,,[]
3132110,1,0,17120000,0,1,10002,NPC_Name_3132110,NPC_Title_3132110,0,0,1,0,False,0,0,2,0,True,False,40,50,200,3000.0,[],False,0,0,0,0,,,,[]
3132111,1,0,17120000,0,1,10002,NPC_Name_3132111,NPC_Title_3132111,0,0,1,0,False,0,0,2,0,True,False,40,50,200,3000.0,[],False,0,0,0,0,,,,[]
3132112,1,0,17120000,0,1,10002,NPC_Name_3132112,NPC_Title_3132112,0,0,1,0,False,0,0,2,0,True,False,40,50,200,3000.0,[],False,0,0,0,0,,,,[]
3132113,1,0,17120000,0,1,10002,NPC_Name_3132113,NPC_Title_3132113,0,0,1,0,False,0,0,2,0,True,False,40,50,200,3000.0,[],False,0,0,0,0,,,,[]
3132151,1,0,17120000,0,1,10002,NPC_Name_3132151,,0,0,1,0,False,0,0,2,0,True,False,40,50,200,3000.0,[],False,0,0,0,0,,,,[]
3132152,1,0,17120000,0,1,10002,NPC_Name_3132152,,0,0,1,0,False,0,0,2,0,True,False,40,50,200,3000.0,[],False,0,0,0,0,,,,[]
3132153,1,0,17120000,0,1,10002,NPC_Name_3132153,,0,0,1,0,False,0,0,2,0,True,False,40,50,200,3000.0,[],False,0,0,0,0,,,,[]
3132154,1,0,17120000,0,1,10002,NPC_Name_3132154,,0,0,1,0,False,0,0,2,0,True,False,40,50,200,3000.0,[],False,0,0,0,0,,,,[]
3132155,1,0,17120000,0,1,10002,NPC_Name_3132155,,0,0,1,0,False,0,0,2,0,True,False,40,50,200,3000.0,[],False,0,0,0,0,,,,[]
3132156,1,0,17120000,0,1,10002,NPC_Name_3132156,,0,0,1,0,False,0,0,2,0,True,False,40,50,200,3000.0,[],False,0,0,0,0,,,,[]
3132157,1,0,17120000,0,1,10002,NPC_Name_3132157,,0,0,1,0,False,0,0,2,0,True,False,40,50,200,3000.0,[],False,0,0,0,0,,,,[]
3132201,1,0,30080000,999999,1,3132201,Object_Name_3132201,,0,0,1,117,True,0,0,2,0,True,False,30,60,180,3000.0,[],False,0,2,0,0,,,,[]
3132202,1,0,30080000,999999,1,3132202,Object_Name_3132202,,0,0,1,117,True,0,0,2,0,True,False,30,60,180,3000.0,[],False,0,2,0,0,,,,[]
3132203,1,0,31190000,999999,1,3132203,Object_Name_3132203,,0,0,1,117,True,0,0,2,0,True,False,30,60,180,3000.0,[],False,0,2,0,0,,,,[]
3132204,1,0,31190000,999999,1,3132204,Object_Name_3132204,,0,0,1,117,True,0,0,2,0,True,False,30,60,180,3000.0,[],False,0,2,0,0,,,,[]
3132205,1,0,31190000,999999,1,3132205,Object_Name_3132205,,0,0,1,117,True,0,0,2,0,True,False,30,60,180,3000.0,[],False,0,2,0,0,,,,[]
3132206,1,0,31190000,999999,1,3132206,Object_Name_3132206,,0,0,1,117,True,0,0,2,0,True,False,30,60,180,3000.0,[],False,0,2,0,0,,,,[]
3132207,1,0,30080000,999999,1,3132207,Object_Name_3132207,,0,0,1,117,True,0,0,2,0,True,False,30,60,180,3000.0,[],False,0,2,0,0,,,,[]
3132301,1,1,10812001,1,1,0,Monster_Name_3132301,,0,0,2,0,False,0,0,2,0,True,True,40,60,200,3000.0,[7013101],False,0,0,0,0,,,,[]
3132302,1,1,10812001,1,1,0,Monster_Name_3132302,,0,0,2,0,False,0,0,2,0,True,True,40,60,200,3000.0,[7013101],False,0,0,0,0,,,,[]
3132303,1,1,10812001,1,1,0,Monster_Name_3132303,,0,0,2,0,False,0,0,2,0,True,True,40,60,200,3000.0,[7013101],False,0,0,0,0,,,,[]
3132304,1,1,10812001,1,1,0,Monster_Name_3132304,,0,0,2,0,False,0,0,2,0,True,True,40,60,200,3000.0,[7013101],False,0,0,0,0,,,,[]
3132305,1,1,10812001,1,1,0,Monster_Name_3132305,Monster_Title_131001,0,131001,2,0,False,0,0,2,0,True,True,40,60,200,3000.0,[7013101],False,0,0,0,0,,,,[]
3132306,1,1,10812001,1,1,0,Monster_Name_3132306,Monster_Title_131001,0,131001,2,0,False,0,0,2,0,True,True,40,60,200,3000.0,[7013101],False,0,0,0,0,,,,[]
3132307,1,1,10812001,1,1,0,Monster_Name_3132307,Monster_Title_131002,0,131002,2,0,False,0,0,2,0,True,True,40,60,200,3000.0,[7013101],False,0,0,0,0,,,,[]
3132308,1,1,10812001,1,1,0,Monster_Name_3132308,Monster_Title_131002,0,131002,2,0,False,0,0,2,0,True,True,40,60,200,3000.0,[7013101],False,0,0,0,0,,,,[]
3132309,1,1,10812001,1,1,0,Monster_Name_3132309,Monster_Title_131003,0,131003,2,0,False,0,0,2,0,True,True,40,60,200,3000.0,[7013101],False,0,0,0,0,,,,[]
3132310,1,1,10812001,1,1,0,Monster_Name_3132310,Monster_Title_131003,0,131003,2,0,False,0,0,2,0,True,True,40,60,200,3000.0,[7013101],False,0,0,0,0,,,,[]
3132311,1,1,10812001,1,1,0,Monster_Name_3132311,Monster_Title_131003,0,131003,2,0,False,0,0,2,0,True,True,40,60,200,3000.0,[7013101],False,0,0,0,0,,,,[]
3132312,1,1,10812001,1,1,0,Monster_Name_3132312,,0,0,2,0,False,0,0,2,0,True,True,40,60,200,3000.0,[7013101],False,0,0,0,0,,,,[]
3132391,1,1,10010003,1,1,0,Monster_Name_3132391,,0,0,2,0,False,0,0,2,1,True,True,40,100,200,1300.0,[7000101],False,0,0,0,0,,,,[]
3132392,1,1,10050002,1,1,0,Monster_Name_3132392,,0,0,2,0,False,0,0,2,1,True,True,40,90,200,1300.0,"[7003701,7003702,7003703]",False,0,0,0,0,,,,[]
3132393,1,1,10831002,1,1,0,Monster_Name_3132393,,0,0,2,0,False,0,0,2,1,True,True,40,80,140,3000.0,"[7015801,7015802]",False,0,0,0,0,,,,[]
3132401,1,0,17120000,1,1,10002,NPC_Name_3132401,NPC_Title_3132401,0,0,1,0,False,0,0,2,0,True,False,40,50,200,3000.0,[],False,0,0,0,0,,,,[]
3132501,1,0,31190000,999999,1,3132501,Object_Name_3132501,,0,0,1,117,True,0,0,2,0,True,False,30,60,180,3000.0,[],False,0,2,0,0,,,,[]
3132502,1,0,31190000,999999,1,3132502,Object_Name_3132502,,0,0,1,117,True,0,0,2,0,True,False,30,60,180,3000.0,[],False,0,2,0,0,,,,[]
3132503,1,0,31190000,999999,1,3132503,Object_Name_3132503,,0,0,1,117,True,0,0,2,0,True,False,30,60,180,3000.0,[],False,0,2,0,0,,,,[]
3132601,1,0,10812001,1,1,0,Monster_Name_3132601,Monster_Title_3132601,0,0,2,103,False,0,0,2,0,True,True,40,60,200,3000.0,[7013101],False,0,0,0,0,,,,[]
3132602,1,0,10812001,1,1,0,Monster_Name_3132602,Monster_Title_131101,0,131101,2,0,False,0,0,2,0,True,True,40,60,200,3000.0,[7013101],False,0,0,0,0,,,,[]
3132603,1,0,10812001,1,1,0,Monster_Name_3132603,Monster_Title_131101,0,131101,2,0,False,0,0,2,0,True,True,40,60,200,3000.0,[7013101],False,0,0,0,0,,,,[]
3132604,1,0,10812001,1,1,0,Monster_Name_3132604,Monster_Title_131101,0,131101,2,0,False,0,0,2,0,True,True,40,60,200,3000.0,[7013101],False,0,0,0,0,,,,[]
3133101,1,0,17120000,0,1,10002,NPC_Name_3133101,NPC_Title_3133101,0,0,1,0,False,0,0,2,0,True,False,40,50,200,3000.0,[],False,0,0,0,0,,,,[]
3133102,1,0,18580000,0,1,10002,NPC_Name_3133102,NPC_Title_3133102,0,0,1,0,False,0,0,2,0,True,False,40,50,200,3000.0,[],False,0,0,0,0,,,,[]
3133103,1,0,17120000,0,1,10002,NPC_Name_3133103,NPC_Title_3133103,0,0,1,0,False,0,0,2,0,True,False,40,50,200,3000.0,[],False,0,0,0,0,,,,[]
3133104,1,0,17120000,0,1,10002,NPC_Name_3133104,NPC_Title_3133104,0,0,1,0,False,0,0,2,0,True,False,40,50,200,3000.0,[],False,0,0,0,0,,,,[]
3133105,1,0,17120000,0,1,10002,NPC_Name_3133105,NPC_Title_3133105,0,0,1,0,False,0,0,2,0,True,False,40,50,200,3000.0,[],False,0,0,0,0,,,,[]
3133106,1,0,18580000,0,1,10002,NPC_Name_3133106,NPC_Title_3133106,0,0,1,0,False,0,0,2,0,True,False,40,50,200,3000.0,[],False,0,0,0,0,,,,[]
3133107,1,0,17120000,0,1,10002,NPC_Name_3133107,NPC_Title_3133107,0,0,1,0,False,0,0,2,0,True,False,40,50,200,3000.0,[],False,0,0,0,0,,,,[]
3133108,1,0,17120000,0,1,10002,NPC_Name_3133108,NPC_Title_3133108,0,0,1,0,False,0,0,2,0,True,False,40,50,200,3000.0,[],False,0,0,0,0,,,,[]
3133109,1,0,17120000,0,1,10002,NPC_Name_3133109,NPC_Title_3133109,0,0,1,0,False,0,0,2,0,True,False,40,50,200,3000.0,[],False,0,0,0,0,,,,[]
3133110,1,0,18580000,0,1,10002,NPC_Name_3133110,NPC_Title_3133110,0,0,1,0,False,0,0,2,0,True,False,40,50,200,3000.0,[],False,0,0,0,0,,,,[]
3133111,1,0,17120000,0,1,10002,NPC_Name_3133111,NPC_Title_3133111,0,0,1,0,False,0,0,2,0,True,False,40,50,200,3000.0,[],False,0,0,0,0,,,,[]
3133112,1,0,17120000,0,1,10002,NPC_Name_3133112,NPC_Title_3133112,0,0,1,0,False,0,0,2,0,True,False,40,50,200,3000.0,[],False,0,0,0,0,,,,[]
3133113,1,0,17120000,0,1,10002,NPC_Name_3133113,NPC_Title_3133113,0,0,1,0,False,0,0,2,0,True,False,40,50,200,3000.0,[],False,0,0,0,0,,,,[]
3133114,1,0,18580000,0,1,10002,NPC_Name_3133114,NPC_Title_3133114,0,0,1,0,False,0,0,2,0,True,False,40,50,200,3000.0,[],False,0,0,0,0,,,,[]
3133115,1,0,17120000,0,1,10002,NPC_Name_3133115,NPC_Title_3133115,0,0,1,0,False,0,0,2,0,True,False,40,50,200,3000.0,[],False,0,0,0,0,,,,[]
3133116,1,0,17120000,0,1,10002,NPC_Name_3133116,NPC_Title_3133116,0,0,1,0,False,0,0,2,0,True,False,40,50,200,3000.0,[],False,0,0,0,0,,,,[]
3133117,1,0,18580000,0,1,10002,NPC_Name_3133117,NPC_Title_3133117,0,0,1,0,False,0,0,2,0,True,False,40,50,200,3000.0,[],False,0,0,0,0,,,,[]
3133118,1,0,17120000,0,1,10002,NPC_Name_3133118,NPC_Title_3133118,0,0,1,0,False,0,0,2,0,True,False,40,50,200,3000.0,[],False,0,0,0,0,,,,[]
3133119,1,0,17120000,0,1,10002,NPC_Name_3133119,NPC_Title_3133119,0,0,1,0,False,0,0,2,0,True,False,40,50,200,3000.0,[],False,0,0,0,0,,,,[]
3133120,1,0,18580000,0,1,10002,NPC_Name_3133120,NPC_Title_3133120,0,0,1,0,False,0,0,2,0,True,False,40,50,200,3000.0,[],False,0,0,0,0,,,,[]
3133121,1,0,17120000,0,1,10002,NPC_Name_3133121,NPC_Title_3133121,0,0,1,0,False,0,0,2,0,True,False,40,50,200,3000.0,[],False,0,0,0,0,,,,[]
3133201,1,0,30080000,999999,1,3132201,Object_Name_3133201,,0,0,1,117,True,0,0,2,0,True,False,30,60,180,3000.0,[],False,0,2,0,0,,,,[]
3133202,1,0,30080000,999999,1,3132202,Object_Name_3133202,,0,0,1,117,True,0,0,2,0,True,False,30,60,180,3000.0,[],False,0,2,0,0,,,,[]
3133203,1,0,31190000,999999,1,3132203,Object_Name_3133203,,0,0,1,117,True,0,0,2,0,True,False,30,60,180,3000.0,[],False,0,2,0,0,,,,[]
3133204,1,0,31190000,999999,1,3132204,Object_Name_3133204,,0,0,1,117,True,0,0,2,0,True,False,30,60,180,3000.0,[],False,0,2,0,0,,,,[]
3133205,1,0,31190000,999999,1,3132205,Object_Name_3133205,,0,0,1,117,True,0,0,2,0,True,False,30,60,180,3000.0,[],False,0,2,0,0,,,,[]
3133206,1,0,30080000,999999,1,3132201,Object_Name_3133201,,0,0,1,117,True,0,0,2,0,True,False,30,60,180,3000.0,[],False,0,2,0,0,,,,[]
3133207,1,0,30080000,999999,1,3132202,Object_Name_3133202,,0,0,1,117,True,0,0,2,0,True,False,30,60,180,3000.0,[],False,0,2,0,0,,,,[]
3133208,1,0,31190000,999999,1,3132203,Object_Name_3133203,,0,0,1,117,True,0,0,2,0,True,False,30,60,180,3000.0,[],False,0,2,0,0,,,,[]
3133209,1,0,31190000,999999,1,3132204,Object_Name_3133204,,0,0,1,117,True,0,0,2,0,True,False,30,60,180,3000.0,[],False,0,2,0,0,,,,[]
3133210,1,0,31190000,999999,1,3132205,Object_Name_3133205,,0,0,1,117,True,0,0,2,0,True,False,30,60,180,3000.0,[],False,0,2,0,0,,,,[]
3133211,1,0,31190000,999999,1,3132205,Object_Name_3133205,,0,0,1,117,True,0,0,2,0,True,False,30,60,180,3000.0,[],False,0,2,0,0,,,,[]
3133301,1,1,10812001,1,1,0,Monster_Name_3133301,Monster_Title_3133301,0,0,2,0,False,0,0,2,0,True,True,40,60,200,3000.0,[7013101],False,0,0,0,0,,,,[]
3133302,1,1,10812001,1,1,0,Monster_Name_3133302,Monster_Title_3133301,0,0,2,0,False,0,0,2,0,True,True,40,60,200,3000.0,[7013101],False,0,0,0,0,,,,[]
3133303,1,1,10812001,1,1,0,Monster_Name_3133303,Monster_Title_3133301,0,0,2,0,False,0,0,2,0,True,True,40,60,200,3000.0,[7013101],False,0,0,0,0,,,,[]
3133304,1,1,10812001,1,1,0,Monster_Name_3133304,Monster_Title_3133301,0,0,2,0,False,0,0,2,0,True,True,40,60,200,3000.0,[7013101],False,0,0,0,0,,,,[]
3133305,1,1,10812001,1,1,0,Monster_Name_3133305,Monster_Title_3133301,0,0,2,0,False,0,0,2,0,True,True,40,60,200,3000.0,[7013101],False,0,0,0,0,,,,[]
3133306,1,1,10812001,1,1,0,Monster_Name_3133306,Monster_Title_3133301,0,0,2,0,False,0,0,2,0,True,True,40,60,200,3000.0,[7013101],False,0,0,0,0,,,,[]
3133307,1,1,10812001,1,1,0,Monster_Name_3133307,Monster_Title_3133301,0,0,2,0,False,0,0,2,0,True,True,40,60,200,3000.0,[7013101],False,0,0,0,0,,,,[]
3133308,1,1,10812001,1,1,0,Monster_Name_3133308,Monster_Title_3133301,0,0,2,0,False,0,0,2,0,True,True,40,60,200,3000.0,[7013101],False,0,0,0,0,,,,[]
3133309,1,1,10812001,1,1,0,Monster_Name_3133309,Monster_Title_3133301,0,0,2,0,False,0,0,2,0,True,True,40,60,200,3000.0,[7013101],False,0,0,0,0,,,,[]
3133310,1,1,10812001,1,1,0,Monster_Name_3133310,Monster_Title_3133301,0,0,2,0,False,0,0,2,0,True,True,40,60,200,3000.0,[7013101],False,0,0,0,0,,,,[]
3133311,1,1,10812001,1,1,0,Monster_Name_3133311,Monster_Title_3133301,0,0,2,0,False,0,0,2,0,True,True,40,60,200,3000.0,[7013101],False,0,0,0,0,,,,[]
3133312,1,1,10812001,1,1,0,Monster_Name_3133312,Monster_Title_3133301,0,0,2,0,False,0,0,2,0,True,True,40,60,200,3000.0,[7013101],False,0,0,0,0,,,,[]
3133401,1,0,17120000,1,1,10002,NPC_Name_3133401,NPC_Title_3132401,0,0,1,0,False,0,0,2,0,True,False,40,50,200,3000.0,[],False,0,0,0,0,,,,[]
3133402,1,0,17120000,1,1,10002,NPC_Name_3133402,NPC_Title_3132401,0,0,1,0,False,0,0,2,0,True,False,40,50,200,3000.0,[],False,0,0,0,0,,,,[]
3133403,1,0,17120000,1,1,10002,NPC_Name_3133403,NPC_Title_3132401,0,0,1,0,False,0,0,2,0,True,False,40,50,200,3000.0,[],False,0,0,0,0,,,,[]
3133404,1,0,17120000,1,1,10002,NPC_Name_3133403,NPC_Title_3132401,0,0,1,0,False,0,0,2,0,True,False,40,50,200,3000.0,[],False,0,0,0,0,,,,[]
3133405,1,0,17120000,1,1,10002,NPC_Name_3133403,NPC_Title_3132401,0,0,1,0,False,0,0,2,0,True,False,40,50,200,3000.0,[],False,0,0,0,0,,,,[]
3133406,1,0,17120000,1,1,10002,NPC_Name_3133403,NPC_Title_3132401,0,0,1,0,False,0,0,2,0,True,False,40,50,200,3000.0,[],False,0,0,0,0,,,,[]
3133501,1,0,31190000,999999,1,3132501,Object_Name_3133501,,0,0,1,117,True,0,0,2,0,True,False,30,60,180,3000.0,[],False,0,2,0,0,,,,[]
3133502,1,0,31190000,999999,1,3132502,Object_Name_3133502,,0,0,1,117,True,0,0,2,0,True,False,30,60,180,3000.0,[],False,0,2,0,0,,,,[]
3133601,1,0,10812001,1,1,0,Monster_Name_3133601,Monster_Title_3133601,0,0,2,103,False,0,0,2,0,True,True,40,60,200,3000.0,[7013101],False,0,0,0,0,,,,[]
3133602,1,0,10812001,1,1,0,Monster_Name_3133602,Monster_Title_3133601,0,131101,2,0,False,0,0,2,0,True,True,40,60,200,3000.0,[7013101],False,0,0,0,0,,,,[]
3133603,1,0,10812001,1,1,0,Monster_Name_3133603,Monster_Title_3133601,0,131101,2,0,False,0,0,2,0,True,True,40,60,200,3000.0,[7013101],False,0,0,0,0,,,,[]
3133604,1,0,10812001,1,1,0,Monster_Name_3133604,Monster_Title_3133604,0,131101,2,0,False,0,0,2,0,True,True,40,60,200,3000.0,[7013101],False,0,0,0,0,,,,[]
3134101,1,0,18720000,0,1,10002,NPC_Name_3134101,NPC_Title_3134101,0,0,1,0,False,0,0,2,0,True,False,40,50,200,3000.0,[],False,0,0,0,0,,,,[]
3134102,1,0,18990003,0,1,10002,NPC_Name_3134102,NPC_Title_3134102,0,0,1,0,False,0,0,2,0,True,False,40,50,200,3000.0,[],False,0,0,0,0,,,,[]
3134201,1,0,30260001,999999,1,3134201,Object_Name_3134201,,0,0,1,117,True,0,0,2,0,True,False,30,60,180,3000.0,[],False,0,2,0,0,,,,[]
3134202,1,0,30260001,999999,1,3134201,Object_Name_3134202,,0,0,1,117,True,0,0,2,0,True,False,30,60,180,3000.0,[],False,0,2,0,0,,,,[]
3134203,1,0,30260001,999999,1,3134201,Object_Name_3134203,,0,0,1,117,True,0,0,2,0,True,False,30,60,180,3000.0,[],False,0,2,0,0,,,,[]
3135000,1,0,30320000,999999,1,1323,Object_Name_3135000,,0,0,1,107,False,0,0,2,0,True,False,40,100,180,3000.0,[],False,0,0,0,0,,,,[]
3135001,1,0,30060000,999999,1,1324,Object_Name_500001,,0,0,1,108,False,0,0,2,0,True,False,40,100,180,3000.0,[],False,0,0,0,0,Cápsula de Tesouro,,,[]
3135002,1,0,30061000,999999,1,1324,Object_Name_500001,,0,0,1,108,False,0,0,2,0,True,False,40,100,180,3000.0,[],False,0,0,0,0,Cápsula de Tesouro,,,[]
3135003,1,0,30061000,999999,1,1324,Object_Name_500001,,0,0,1,108,False,0,0,2,0,True,False,40,100,180,3000.0,[],False,0,0,0,0,Cápsula de Tesouro,,,[]
3135004,1,0,30062000,999999,1,1324,Object_Name_500001,,0,0,1,108,False,0,0,2,0,True,False,40,100,180,3000.0,[],False,0,0,0,0,Cápsula de Tesouro,,,[]
3135101,1,0,17250000,0,1,10002,NPC_Name_3135101,NPC_Title_3135101,0,0,1,0,False,0,0,2,0,True,False,40,40,180,3000.0,[],False,0,0,0,0,,,,[]
3135102,1,0,18990003,0,1,10002,NPC_Name_3135102,NPC_Title_3135102,0,0,1,0,False,0,0,2,0,True,False,40,40,200,3000.0,[],False,0,0,0,0,,,,[]
3135103,1,0,18770011,0,1,10002,NPC_Name_3135103,NPC_Title_3135103,0,0,1,0,False,0,0,2,0,True,False,40,50,200,3000.0,[],False,0,0,0,0,,,,[]
3135104,1,0,18990003,0,1,10002,NPC_Name_3135104,NPC_Title_3135104,0,0,1,0,False,0,0,2,0,True,False,40,40,200,3000.0,[],False,0,0,0,0,,,,[]
3135105,1,0,18750050,0,1,10002,NPC_Name_3135105,NPC_Title_3135105,0,0,1,0,False,0,0,2,0,True,False,40,50,200,3000.0,[],False,0,0,0,0,,,,[]
3135106,1,0,18990003,0,1,10002,NPC_Name_3135106,NPC_Title_3135106,0,0,1,0,False,0,0,2,0,True,False,40,40,200,3000.0,[],False,0,0,0,0,,,,[]
3135107,1,0,17220001,0,1,10002,NPC_Name_3135107,NPC_Title_3135107,0,0,1,0,False,0,0,2,0,True,False,35,200,200,3000.0,[],False,0,0,0,0,,,,[]
3135108,1,0,17250000,0,1,10002,NPC_Name_3135108,NPC_Title_3135108,0,0,1,0,False,0,0,2,0,True,False,40,40,180,3000.0,[],False,0,0,0,0,,,,[]
3135109,1,0,17010000,100019,1,10002,NPC_Name_3135109,NPC_Title_3135109,0,0,1,0,False,0,0,2,0,True,False,40,50,200,3000.0,"[7002201,7002202,7002203]",False,0,0,0,0,,,,[]
3135110,1,0,18990003,0,1,10002,NPC_Name_3135110,NPC_Title_3135110,0,0,1,0,False,0,0,2,0,True,False,40,40,200,3000.0,[],False,0,0,0,0,,,,[]
3135111,1,0,17250000,0,1,10002,NPC_Name_3135111,NPC_Title_3135111,0,0,1,0,False,0,0,2,0,True,False,40,40,180,3000.0,[],False,0,0,0,0,,,,[]
3135112,1,0,18990003,0,1,10002,NPC_Name_3135112,NPC_Title_3135112,0,0,1,0,False,0,0,2,0,True,False,40,40,200,3000.0,[],False,0,0,0,0,,,,[]
3135113,1,0,17250000,0,1,10002,NPC_Name_3135111,NPC_Title_3135111,0,0,1,0,False,0,0,2,0,True,False,40,40,180,3000.0,[],False,0,0,0,0,,,,[]
3135131,1,0,18750000,0,1,10002,NPC_Name_3135131,,0,0,1,0,False,0,0,2,0,True,False,40,50,200,3000.0,[],False,0,1,0,0,,,,[]
3135132,1,0,18760000,0,1,10002,NPC_Name_3135132,,0,0,1,0,False,0,0,2,0,True,False,40,50,200,3000.0,[],False,0,1,0,0,,,,[]
3135133,1,0,18770000,0,1,10002,NPC_Name_3135133,,0,0,1,0,False,0,0,2,0,True,False,40,50,200,3000.0,[],False,0,1,0,0,,,,[]
3135134,1,0,17220001,0,1,10002,NPC_Name_3135134,,0,0,1,0,False,0,0,2,0,True,False,35,200,200,3000.0,[],False,0,1,0,0,,,,[]
3135135,1,0,17250000,0,1,10002,NPC_Name_3135109,,0,0,1,0,False,0,0,2,0,True,False,40,40,180,3000.0,[],False,0,1,0,0,,,,[]
3135136,1,0,17250000,0,1,10002,NPC_Name_3135110,,0,0,1,0,False,0,0,2,0,True,False,40,40,180,3000.0,[],False,0,1,0,0,,,,[]
3135201,1,0,30620000,999999,1,2538,Object_Name_3135201,,0,0,1,117,True,0,0,2,0,True,False,30,60,180,3000.0,[],False,0,2,0,0,,,,[]
3135202,1,0,30080000,0,1,10002,Object_Name_3135202,,0,0,1,117,True,0,0,2,0,True,False,40,50,200,3000.0,[],False,0,2,0,0,,,,[]
3135203,1,0,30200004,999999,1,3115205,Object_Name_3135203,,0,0,1,117,True,0,0,2,0,True,False,30,60,180,3000.0,[],False,0,2,0,0,,,,[]
3135204,1,0,30620000,999999,1,2538,Object_Name_3135204,,0,0,1,117,True,0,0,2,0,True,False,30,60,180,3000.0,[],False,0,2,0,0,,,,[]
3135205,1,0,31330003,999999,1,213406,Object_Name_3135205,,0,0,1,117,True,0,0,2,0,True,False,30,60,180,3000.0,[],False,0,2,0,0,,,,[]
3135206,1,0,31330003,999999,1,213406,Object_Name_3135206,,0,0,1,117,True,0,0,2,0,True,False,30,60,180,3000.0,[],False,0,2,0,0,,,,[]
3135207,1,0,30620000,999999,1,2538,Object_Name_3135207,,0,0,1,117,True,0,0,2,0,True,False,30,60,180,3000.0,[],False,0,2,0,0,,,,[]
3135301,1,1,10836000,1,1,0,Monster_Name_3135301,Monster_Title_133001,0,0,2,0,False,0,0,2,0,True,True,40,60,120,3000.0,"[7017401,7017402]",False,0,0,0,0,,,,[]
3135302,1,1,10836000,1,1,0,Monster_Name_3135302,Monster_Title_133001,0,0,2,0,False,0,0,2,0,True,True,40,60,120,3000.0,"[7017401,7017402]",False,0,0,0,0,,,,[]
3135303,1,1,10210000,1,1,0,Monster_Name_3135303,,0,0,2,0,False,0,0,2,0,True,True,50,100,200,3000.0,[7005001],False,0,0,0,0,,,,[]
3135304,1,1,10836000,1,1,0,Monster_Name_3135304,Monster_Title_133001,0,0,2,0,False,0,0,2,0,True,True,40,60,120,3000.0,"[7017401,7017402]",False,0,0,0,0,,,,[]
3135305,1,1,10836000,1,1,0,Monster_Name_3135305,Monster_Title_133002,0,0,2,0,False,0,0,2,0,True,True,40,60,120,3000.0,"[7017401,7017402]",False,0,0,0,0,,,,[]
3135306,1,1,10837000,1,1,0,Monster_Name_3135306,Monster_Title_133002,0,0,2,0,False,0,0,2,0,True,True,30,50,50,3000.0,[7018101],False,0,0,0,0,,,,[]
3135307,1,1,10210000,1,1,0,Monster_Name_3135307,,0,0,2,0,False,0,0,2,0,True,True,50,100,200,3000.0,[7005001],False,0,0,0,0,,,,[]
3135308,1,1,10825000,1,1,0,Monster_Name_3135308,Monster_Title_133003,0,0,2,0,False,0,0,2,0,True,True,30,50,200,3000.0,"[7014501,7014502,7014503]",False,0,0,0,0,,,,[]
3135309,1,1,10210000,1,1,0,Monster_Name_3135309,,0,0,2,0,False,0,0,2,0,True,True,50,100,200,3000.0,[7005001],False,0,0,0,0,,,,[]
3135310,1,1,10210000,1,1,0,Monster_Name_3135310,,0,0,2,0,False,0,0,2,0,True,True,50,100,200,3000.0,[7005001],False,0,0,0,0,,,,[]
3135311,1,1,10826000,1,1,0,Monster_Name_3135311,Monster_Title_133003,0,0,2,0,False,0,0,2,0,True,True,40,60,120,3000.0,"[7015901,7015902]",False,0,0,0,0,,,,[]
3135312,1,1,10827000,1,1,0,Monster_Name_3135312,Monster_Title_133003,0,0,2,0,False,0,0,2,0,True,True,40,60,120,3000.0,"[7016001,7016002]",False,0,0,0,0,,,,[]
3135397,1,1,10842001,1,1,0,Monster_Name_3135397,,0,0,2,0,False,0,0,2,1,True,True,40,50,50,1300.0,[7018302],False,0,0,0,0,,,,[]
3135398,1,1,10842001,1,1,0,Monster_Name_3135398,,0,0,2,0,False,0,0,2,1,True,True,40,50,50,1300.0,[7018302],False,0,0,0,0,,,,[]
3135399,1,1,10842001,1,1,0,Monster_Name_3135399,,0,0,2,0,False,0,0,2,1,True,True,40,50,50,1300.0,[7018302],False,0,0,0,0,,,,[]
3135401,1,0,10836000,1,1,0,NPC_Name_3135401,NPC_Title_3135401,0,0,1,0,False,0,0,2,0,True,True,40,60,120,3000.0,"[7017401,7017402]",False,0,0,0,0,,,,[]
3135402,1,0,10836000,1,1,0,NPC_Name_3135402,NPC_Title_3135402,0,0,1,0,False,0,0,2,0,True,True,40,60,120,3000.0,"[7017401,7017402]",False,0,0,0,0,,,,[]
3135501,1,0,30080000,999999,1,213406,Object_Name_3135501,,0,0,1,117,True,0,0,2,0,True,False,30,60,180,3000.0,[],False,0,2,0,0,,,,[]
3135502,1,0,30550000,999999,1,205912,Object_Name_3135502,,0,0,1,117,True,0,0,2,0,True,False,0,60,180,3000.0,[],False,0,0,0,0,,,,[]
3135503,1,0,31300000,999999,1,213406,Object_Name_3135503,,0,0,1,117,True,0,0,2,0,True,False,30,60,180,3000.0,[],False,0,2,0,0,,,,[]
3135504,1,0,30080000,0,1,10002,Object_Name_3135504,,0,0,1,117,True,0,0,2,0,False,False,40,50,200,3000.0,[],False,0,1,0,0,,,,[]
3135601,1,0,10825000,1,1,0,Monster_Name_3135601,Monster_Title_133101,0,133101,2,0,False,0,0,2,1,True,True,30,50,200,3000.0,"[7014501,7014502,7014503]",False,0,0,0,0,,,,[]
3135602,1,0,10826000,1,1,0,Monster_Name_3135602,Monster_Title_133101,0,133101,2,0,False,0,0,2,1,True,True,40,60,120,3000.0,"[7015901,7015902]",False,0,0,0,0,,,,[]
3135603,1,0,10827000,1,1,0,Monster_Name_3135603,Monster_Title_133101,0,133101,2,0,False,0,0,2,1,True,True,40,60,120,3000.0,"[7016001,7016002]",False,0,0,0,0,,,,[]
3135611,1,0,10825000,1,1,0,Monster_Name_3135601,Monster_Title_133101,0,133101,2,0,False,0,0,2,1,True,True,30,50,200,3000.0,"[7014501,7014502,7014503]",False,0,0,0,0,,,,[]
3135612,1,0,10826000,1,1,0,Monster_Name_3135602,Monster_Title_133101,0,133101,2,0,False,0,0,2,1,True,True,40,60,120,3000.0,"[7015901,7015902]",False,0,0,0,0,,,,[]
3135613,1,0,10827000,1,1,0,Monster_Name_3135603,Monster_Title_133101,0,133101,2,0,False,0,0,2,1,True,True,40,60,120,3000.0,"[7016001,7016002]",False,0,0,0,0,,,,[]
3135614,1,0,30080001,1,5091005,0,Monster_Name_5091005,,0,0,2,255,False,0,0,2,0,False,False,0,40,200,3000.0,[6801009],True,0,1,0,0,,,,[]
3135621,1,0,10836000,1,1,0,NPC_Name_3135402,NPC_Title_3135402,0,0,2,0,False,0,0,2,1,True,True,40,60,120,3000.0,"[7017401,7017402]",True,0,0,0,0,,,,[]
3136101,1,0,18990000,0,1,10002,NPC_Name_3136101,,0,0,1,0,False,0,0,2,0,True,False,40,50,200,3000.0,[],False,0,0,0,0,,,,[]
3136102,1,0,18990000,0,1,10002,NPC_Name_3136102,,0,0,1,0,False,0,0,2,0,True,False,40,50,200,3000.0,[],False,0,0,0,0,,,,[]
3136103,1,0,18660000,0,1,10002,NPC_Name_3136103,,0,0,1,0,False,0,0,2,0,True,False,40,50,200,3000.0,[],False,0,0,0,0,,,,[]
3136104,1,0,18660000,0,1,10002,NPC_Name_3136104,,0,0,1,0,False,0,0,2,0,True,False,40,50,200,3000.0,[],False,0,0,0,0,,,,[]
3136105,1,0,18660000,0,1,10002,NPC_Name_3136105,,0,0,1,0,False,0,0,2,0,True,False,40,50,200,3000.0,[],False,0,0,0,0,,,,[]
3136106,1,0,18660000,0,1,10002,NPC_Name_3136106,,0,0,1,0,False,0,0,2,0,True,False,40,50,200,3000.0,[],False,0,0,0,0,,,,[]
3136107,1,0,18660000,0,1,10002,NPC_Name_3136107,,0,0,1,0,False,0,0,2,0,True,False,40,50,200,3000.0,[],False,0,0,0,0,,,,[]
3136108,1,0,18660000,0,1,10002,NPC_Name_3136108,,0,0,1,0,False,0,0,2,0,True,False,40,50,200,3000.0,[],False,0,0,0,0,,,,[]
3136109,1,0,18660000,0,1,10002,NPC_Name_3136109,,0,0,1,0,False,0,0,2,0,True,False,40,50,200,3000.0,[],False,0,0,0,0,,,,[]
3136110,1,0,18660000,0,1,10002,NPC_Name_3136110,,0,0,1,0,False,0,0,2,0,True,False,40,50,200,3000.0,[],False,0,0,0,0,,,,[]
3136111,1,0,18660000,0,1,10002,NPC_Name_3136111,,0,0,1,0,False,0,0,2,0,True,False,40,50,200,3000.0,[],False,0,0,0,0,,,,[]
3136112,1,0,18660000,0,1,10002,NPC_Name_3136112,,0,0,1,0,False,0,0,2,0,True,False,40,50,200,3000.0,[],False,0,0,0,0,,,,[]
3136113,1,0,18660000,0,1,10002,NPC_Name_3136113,,0,0,1,0,False,0,0,2,0,True,False,40,50,200,3000.0,[],False,0,0,0,0,,,,[]
3136114,1,0,18660000,0,1,10002,NPC_Name_3136114,,0,0,1,0,False,0,0,2,0,True,False,40,50,200,3000.0,[],False,0,0,0,0,,,,[]
3136115,1,0,18660000,0,1,10002,NPC_Name_3136115,,0,0,1,0,False,0,0,2,0,True,False,40,50,200,3000.0,[],False,0,0,0,0,,,,[]
3136116,1,0,17760002,0,1,10002,NPC_Name_3136116,,0,0,1,0,False,0,0,2,0,True,False,40,50,200,3000.0,[],False,0,0,0,0,,,,[]
3136117,1,0,17340000,0,1,10002,NPC_Name_3136117,,0,0,1,0,False,0,0,2,0,True,False,40,50,200,3000.0,[],False,0,0,0,0,,,,[]
3136201,1,0,30960000,999999,1,2503,Object_Name_3136201,,0,0,1,117,True,0,0,2,0,True,False,0,60,180,3000.0,[],False,0,2,0,0,,,,[]
3136202,1,0,30960000,999999,1,2503,Object_Name_3136202,,0,0,1,117,True,0,0,2,0,True,False,0,60,180,3000.0,[],False,0,2,0,0,,,,[]
3136203,1,0,30390000,999999,1,2503,Object_Name_3136203,,0,0,1,117,True,0,0,2,0,True,False,0,60,180,3000.0,[],False,0,2,0,0,,,,[]
3136204,1,0,30390000,999999,1,2503,Object_Name_3136204,,0,0,1,117,True,0,0,2,0,True,False,0,60,180,3000.0,[],False,0,2,0,0,,,,[]
3136205,1,0,30620000,999999,1,2503,Object_Name_3136205,,0,0,1,117,True,0,0,2,0,True,False,0,60,180,3000.0,[],False,0,2,0,0,,,,[]
3136206,1,0,30080000,999999,1,2503,Object_Name_3136206,,0,0,1,117,True,0,0,2,0,True,False,0,60,180,3000.0,[],False,0,2,0,0,,,,[]
3136207,1,0,30950000,999999,1,2503,Object_Name_3136207,,0,0,1,117,True,0,0,2,0,True,False,0,60,180,3000.0,[],False,0,2,0,0,,,,[]
3136208,1,0,30940002,999999,1,2503,Object_Name_3136208,,0,0,1,117,True,0,0,2,0,True,False,0,60,180,3000.0,[],False,0,2,0,0,,,,[]
3136209,1,0,30200000,999999,1,2503,Object_Name_3136209,,0,0,1,117,True,0,0,2,0,True,False,0,60,180,3000.0,[],False,0,2,0,0,,,,[]
3136210,1,0,30680000,999999,1,2503,Object_Name_3136210,,0,0,1,117,True,0,0,2,0,True,False,0,60,180,3000.0,[],False,0,2,0,0,,,,[]
3136211,1,0,30680000,999999,1,2503,Object_Name_3136211,,0,0,1,117,True,0,0,2,0,True,False,0,60,180,3000.0,[],False,0,2,0,0,,,,[]
3136301,1,1,10010000,1,1,0,Monster_Name_3136301,,0,0,2,0,False,0,0,2,0,True,True,40,50,200,3000.0,"[7022201,7022202]",False,0,0,0,0,,,,[]
3136302,1,1,10010000,1,1,0,Monster_Name_3136302,,0,0,2,0,False,0,0,2,0,True,True,40,50,200,3000.0,"[7022201,7022202]",False,0,0,0,0,,,,[]
3136303,1,1,10839000,1,1,0,Monster_Name_3136303,,0,0,2,0,False,0,0,2,0,True,True,30,40,50,3000.0,"[7017801,7017802]",False,0,0,0,0,,,,[]
3136304,1,1,10840000,1,1,0,Monster_Name_3136304,,0,0,2,0,False,0,0,2,0,True,True,30,40,50,3000.0,[7017901],False,0,0,0,0,,,,[]
3136305,1,1,10870000,1,1,0,Monster_Name_3136305,,0,0,2,0,False,0,0,2,0,True,True,40,40,100,3000.0,"[7019801,7019802]",False,0,0,0,0,,,,[]
3136306,1,1,10890000,1,1,0,Monster_Name_3136306,,0,0,2,0,False,0,0,2,0,True,True,40,70,150,3000.0,"[7020001,7020002,7020003]",False,0,0,0,0,,,,[]
3136307,1,1,11030000,1,1,0,Monster_Name_3136307,,0,0,2,0,False,0,0,2,0,True,True,40,120,200,3000.0,"[7021501,7021502,7021503]",False,0,0,0,0,,,,[]
3136308,1,1,11040000,1,1,0,Monster_Name_3136308,,0,0,2,0,False,0,0,2,0,True,True,40,120,200,3000.0,"[7021601,7021602]",False,0,0,0,0,,,,[]
3136309,1,1,10825000,1,1,0,Monster_Name_3136309,,0,0,2,0,False,0,0,2,0,True,True,40,50,200,3000.0,"[7022201,7022202]",False,0,0,0,0,,,,[]
3136310,1,1,10825000,1,1,0,Monster_Name_3136310,,0,0,2,0,False,0,0,2,0,True,True,40,50,200,3000.0,"[7022201,7022202]",False,0,0,0,0,,,,[]
3136311,1,1,10825000,1,1,0,Monster_Name_3136311,,0,0,2,0,False,0,0,2,0,True,True,40,50,200,3000.0,"[7022201,7022202]",False,0,0,0,0,,,,[]
3136312,1,1,10825000,1,1,0,Monster_Name_3136312,,0,0,2,0,False,0,0,2,0,True,True,40,50,200,3000.0,"[7022201,7022202]",False,0,0,0,0,,,,[]
3136391,1,1,10031002,1,1,0,Monster_Name_3136391,,0,0,2,0,False,0,0,2,1,True,True,40,80,200,3000.0,[7000701],False,0,0,0,0,,,,[]
3136392,1,1,10832005,1,1,0,Monster_Name_3136392,,0,0,2,0,False,0,0,2,1,True,True,60,150,130,3000.0,"[7016101,7016102,7016103]",False,0,0,0,0,,,,[]
3136393,1,1,17430011,1,1,0,Monster_Name_3136393,,0,0,2,0,False,0,0,2,1,True,True,40,100,310,3000.0,"[7013901,7013902]",False,0,0,0,0,,,,[]
3136401,1,0,18660000,0,1,10002,NPC_Name_3136401,,0,0,1,0,False,0,0,2,0,True,False,40,50,200,3000.0,[],False,0,0,0,0,,,,[]
3136402,1,0,18660000,0,1,10002,NPC_Name_3136402,,0,0,1,0,False,0,0,2,0,True,False,40,50,200,3000.0,[],False,0,0,0,0,,,,[]
3136403,1,0,18660000,0,1,10002,NPC_Name_3136403,,0,0,1,0,False,0,0,2,0,True,False,40,50,200,3000.0,[],False,0,0,0,0,,,,[]
3136404,1,0,18660000,0,1,10002,NPC_Name_3136404,,0,0,1,0,False,0,0,2,0,True,False,40,50,200,3000.0,[],False,0,0,0,0,,,,[]
3136405,1,0,18660000,0,1,10002,NPC_Name_3136405,,0,0,1,0,False,0,0,2,0,True,False,40,50,200,3000.0,[],False,0,0,0,0,,,,[]
3136501,1,0,17780001,999999,1,2546,Object_Name_3136501,,0,0,1,117,True,0,0,2,0,True,False,0,60,180,3000.0,[],False,0,2,0,0,,,,[]
3136601,1,0,10825000,1,1,0,Monster_Name_3136601,Monster_Title_136009,0,136009,2,0,False,0,0,2,1,True,True,40,50,200,3000.0,"[7022201,7022202]",False,0,0,0,0,,,,[]
3136602,1,0,10825000,1,1,0,Monster_Name_3136602,Monster_Title_136009,0,136009,2,0,False,0,0,2,1,True,True,40,50,200,3000.0,"[7022201,7022202]",False,0,0,0,0,,,,[]
3136603,1,0,10825000,1,1,0,Monster_Name_3136603,Monster_Title_136009,0,136009,2,0,False,0,0,2,1,True,True,40,50,200,3000.0,"[7022201,7022202]",False,0,0,0,0,,,,[]
3136604,1,0,10825000,1,1,0,Monster_Name_3136604,Monster_Title_136009,0,136009,2,0,False,0,0,2,1,True,True,40,50,200,3000.0,"[7022201,7022202]",False,0,0,0,0,,,,[]
3136611,1,0,18660000,1,1,0,Monster_Name_3136611,,0,0,2,103,False,0,2,2,1,True,True,40,50,200,3000.0,"[7022201,7022202]",False,0,0,0,0,,,,[]
3136612,1,0,16490000,1,1,0,Monster_Name_3136612,,0,0,2,103,False,0,2,2,1,True,True,40,50,200,3000.0,"[7022201,7022202]",False,0,0,0,0,,,,[]
3421101,85,1200070,18410000,1,1,0,Monster_Name_340201,,0,101,2,0,False,0,0,2,0,True,True,40,50,200,3000.0,[7003101],False,0,0,0,0,Sentinela Android,,,[75657]
3421102,85,1200071,18400000,1,1,0,Monster_Name_340202,,0,101,2,0,False,0,0,2,0,True,True,40,50,200,3000.0,[7003001],False,0,0,0,0,Defensor Android,,,[75657]
3421103,85,1200072,17460000,1,1,0,Monster_Name_340203,,0,101,2,0,False,0,0,2,0,True,True,40,100,200,3000.0,[7003101],False,0,0,0,0,Fuzileiro Android,,,[75657]
3421104,85,1200073,17450000,1,1,0,Monster_Name_340204,,0,101,2,0,False,0,0,2,0,True,True,40,100,200,3000.0,[7003001],False,0,0,0,0,Choque de Android,,,[75657]
3421105,85,1200074,18410000,1,1,0,Monster_Name_340205,,0,101,2,0,False,0,0,2,0,True,True,40,50,200,3000.0,[7003101],False,0,0,0,0,Sniper Android,,,[75657]
3421106,85,1200075,18400000,1,1,0,Monster_Name_340206,,0,101,2,0,False,0,0,2,0,True,True,40,50,200,3000.0,[7003001],False,0,0,0,0,Escolta Android,,,[75657]
3421107,85,1200076,17430003,1,1,0,Monster_Name_340207,,0,101,2,0,False,0,0,2,0,True,True,40,100,200,3000.0,"[7013901,7013902]",False,0,0,0,0,Comandante Android,,,[75657]
3421201,90,1200077,18410000,1,1,0,Monster_Name_340201,,0,101,2,0,False,0,0,2,0,True,True,40,50,200,3000.0,[7003101],False,0,0,0,0,Sentinela Android,,,[102657]
3421202,90,1200078,18400000,1,1,0,Monster_Name_340202,,0,101,2,0,False,0,0,2,0,True,True,40,50,200,3000.0,[7003001],False,0,0,0,0,Defensor Android,,,[102657]
3421203,90,1200079,17460000,1,1,0,Monster_Name_340203,,0,101,2,0,False,0,0,2,0,True,True,40,100,200,3000.0,[7003101],False,0,0,0,0,Fuzileiro Android,,,[102657]
3421204,90,1200080,17450000,1,1,0,Monster_Name_340204,,0,101,2,0,False,0,0,2,0,True,True,40,100,200,3000.0,[7003001],False,0,0,0,0,Choque de Android,,,[102657]
3421205,90,1200081,18410000,1,1,0,Monster_Name_340205,,0,101,2,0,False,0,0,2,0,True,True,40,50,200,3000.0,[7003101],False,0,0,0,0,Sniper Android,,,[102657]
3421206,90,1200082,18400000,1,1,0,Monster_Name_340206,,0,101,2,0,False,0,0,2,0,True,True,40,50,200,3000.0,[7003001],False,0,0,0,0,Escolta Android,,,[102657]
3421207,90,1200083,17430003,1,1,0,Monster_Name_340207,,0,101,2,0,False,0,0,2,0,True,True,40,100,200,3000.0,"[7013901,7013902]",False,0,0,0,0,Comandante Android,,,[102657]
3421301,95,1200084,18410000,1,1,0,Monster_Name_340201,,0,101,2,0,False,0,0,2,0,True,True,40,50,200,3000.0,[7003101],False,0,0,0,0,Sentinela Android,,,[133407]
3421302,95,1200085,18400000,1,1,0,Monster_Name_340202,,0,101,2,0,False,0,0,2,0,True,True,40,50,200,3000.0,[7003001],False,0,0,0,0,Defensor Android,,,[133407]
3421303,95,1200086,17460000,1,1,0,Monster_Name_340203,,0,101,2,0,False,0,0,2,0,True,True,40,100,200,3000.0,[7003101],False,0,0,0,0,Fuzileiro Android,,,[133407]
3421304,95,1200087,17450000,1,1,0,Monster_Name_340204,,0,101,2,0,False,0,0,2,0,True,True,40,100,200,3000.0,[7003001],False,0,0,0,0,Choque de Android,,,[133407]
3421305,95,1200088,18410000,1,1,0,Monster_Name_340205,,0,101,2,0,False,0,0,2,0,True,True,40,50,200,3000.0,[7003101],False,0,0,0,0,Sniper Android,,,[133407]
3421306,95,1200089,18400000,1,1,0,Monster_Name_340206,,0,101,2,0,False,0,0,2,0,True,True,40,50,200,3000.0,[7003001],False,0,0,0,0,Escolta Android,,,[133407]
3421307,95,1200090,17430003,1,1,0,Monster_Name_340207,,0,101,2,0,False,0,0,2,0,True,True,40,100,200,3000.0,"[7013901,7013902]",False,0,0,0,0,Comandante Android,,,[133407]
3421401,100,1200091,18410000,1,1,0,Monster_Name_340201,,0,101,2,0,False,0,0,2,0,True,True,40,50,200,3000.0,[7003101],False,0,0,0,0,Sentinela Android,,,[184557]
3421402,100,1200092,18400000,1,1,0,Monster_Name_340202,,0,101,2,0,False,0,0,2,0,True,True,40,50,200,3000.0,[7003001],False,0,0,0,0,Defensor Android,,,[184557]
3421403,100,1200093,17460000,1,1,0,Monster_Name_340203,,0,101,2,0,False,0,0,2,0,True,True,40,100,200,3000.0,[7003101],False,0,0,0,0,Fuzileiro Android,,,[184557]
3421404,100,1200094,17450000,1,1,0,Monster_Name_340204,,0,101,2,0,False,0,0,2,0,True,True,40,100,200,3000.0,[7003001],False,0,0,0,0,Choque de Android,,,[184557]
3421405,100,1200095,18410000,1,1,0,Monster_Name_340205,,0,101,2,0,False,0,0,2,0,True,True,40,50,200,3000.0,[7003101],False,0,0,0,0,Sniper Android,,,[184557]
3421406,100,1200096,18400000,1,1,0,Monster_Name_340206,,0,101,2,0,False,0,0,2,0,True,True,40,50,200,3000.0,[7003001],False,0,0,0,0,Escolta Android,,,[184557]
3421407,100,1200097,17430003,1,1,0,Monster_Name_340207,,0,101,2,0,False,0,0,2,0,True,True,40,100,200,3000.0,"[7013901,7013902]",False,0,0,0,0,Comandante Android,,,[184557]
3430101,80,0,10980000,1,1,0,Monster_Name_3430101,NPC_Title_3430101,0,0,2,243,False,0,0,2,0,True,True,40,120,200,3000.0,"[7021001,7021002]",False,0,0,0,0,Cão Carmesim,Babylon Infectado,,[]
3430102,80,0,10960000,1,1,0,Monster_Name_3430102,NPC_Title_3430101,0,0,2,243,False,0,0,2,0,True,True,40,120,200,3000.0,[7020901],False,0,0,0,0,Regenerador Carmesim,Babylon Infectado,,[]
3430103,80,0,10970000,1,1,0,Monster_Name_3430103,NPC_Title_3430101,0,0,2,243,False,0,0,2,0,True,True,40,120,200,3000.0,[7020701],False,0,0,0,0,Arremessador Carmesim,Babylon Infectado,,[]
3430104,82,0,16510000,685,3,0,Monster_Name_3430104,,0,0,2,245,False,0,2,2,1,True,True,150,800,500,5000.0,"[7106401,7106402]",False,0,0,0,0,Gran Howler,,,[]
3430105,100,0,31620000,0,3430107,0,Monster_Name_3430105,,0,0,2,242,False,0,0,2,0,True,True,60,300,400,3000.0,[],True,0,0,0,0,Barreira Carmesim,,,[]
3430106,100,0,30920050,0,3430106,0,Monster_Name_3430106,,0,0,2,248,False,0,0,2,0,True,True,40,100,110,3000.0,[],True,0,0,0,0,Farol Babilônico,,,[]
3430107,100,0,31620000,0,3430107,0,Monster_Name_3430105,,0,0,2,242,False,0,0,2,0,True,True,60,300,800,3000.0,[],True,0,0,0,0,Barreira Carmesim,,,[]
3430108,100,0,31620000,0,3430107,0,Monster_Name_3430105,,0,0,2,242,False,0,0,2,0,True,True,60,300,800,3000.0,[],True,0,0,0,0,Barreira Carmesim,,,[]
3430109,100,0,31620000,0,3430107,0,Monster_Name_3430105,,0,0,2,242,False,0,0,2,0,True,True,60,300,800,3000.0,[],True,0,0,0,0,Barreira Carmesim,,,[]
3430110,100,0,31620000,0,3430107,0,Monster_Name_3430105,,0,0,2,242,False,0,0,2,0,True,True,60,300,800,3000.0,[],True,0,0,0,0,Barreira Carmesim,,,[]
3430111,100,0,31620000,0,3430107,0,Monster_Name_3430105,,0,0,2,242,False,0,0,2,0,True,True,60,300,800,3000.0,[],True,0,0,0,0,Barreira Carmesim,,,[]
3430112,100,0,31620000,0,3430107,0,Monster_Name_3430105,,0,0,2,242,False,0,0,2,0,True,True,60,300,800,3000.0,[],True,0,0,0,0,Barreira Carmesim,,,[]
3430113,100,0,31620000,0,3430107,0,Monster_Name_3430105,,0,0,2,242,False,0,0,2,0,True,True,60,300,800,3000.0,[],True,0,0,0,0,Barreira Carmesim,,,[]
3430114,100,0,31620000,0,3430107,0,Monster_Name_3430105,,0,0,2,242,False,0,0,2,0,True,True,60,300,800,3000.0,[],True,0,0,0,0,Barreira Carmesim,,,[]
3430115,100,0,31620000,0,3430107,0,Monster_Name_3430105,,0,0,2,242,False,0,0,2,0,True,True,60,300,800,3000.0,[],True,0,0,0,0,Barreira Carmesim,,,[]
3430116,100,0,31620000,0,3430107,0,Monster_Name_3430105,,0,0,2,242,False,0,0,2,0,True,True,60,300,800,3000.0,[],True,0,0,0,0,Barreira Carmesim,,,[]
3430117,100,0,31620000,0,3430107,0,Monster_Name_3430105,,0,0,2,242,False,0,0,2,0,True,True,60,300,800,3000.0,[],True,0,0,0,0,Barreira Carmesim,,,[]
3430118,100,0,31620000,0,3430107,0,Monster_Name_3430105,,0,0,2,242,False,0,0,2,0,True,True,60,300,800,3000.0,[],True,0,0,0,0,Barreira Carmesim,,,[]
3430119,100,0,30920050,0,3430106,0,Monster_Name_3430119,,0,0,2,250,False,0,0,2,0,True,True,40,100,110,3000.0,[],True,0,0,0,0,Nexus,,,[]
3430120,95,0,14150001,1,3430120,0,Monster_Name_3430120,,0,0,2,240,False,0,2,2,1,False,False,180,180,540,5000.0,"[3513004,3513005,3513006]",True,0,0,0,0,Guardião,,,[]
3430121,95,0,14150001,1,3430120,0,Monster_Name_3430121,,0,0,2,241,False,0,2,2,1,False,False,180,180,540,5000.0,"[3513004,3513005,3513006]",True,0,0,0,0,Guardião,,,[]
3430122,95,0,10770001,1,309632,0,Monster_Name_3430122,,0,0,2,246,False,0,0,2,1,False,False,200,300,500,3000.0,[9999007],True,0,0,0,0,Torre de Guarda,,,[]
3430123,80,0,10980002,1,1,0,Monster_Name_3430123,NPC_Title_3430123,0,0,2,244,False,0,0,2,0,True,True,40,120,200,3000.0,"[7021001,7021002]",False,0,0,0,0,Cão Carmesim,Infectado Luminoso,,[]
3430124,80,0,10960002,1,1,0,Monster_Name_3430124,NPC_Title_3430123,0,0,2,244,False,0,0,2,0,True,True,40,120,200,3000.0,[7020901],False,0,0,0,0,Regenerador Carmesim,Infectado Luminoso,,[]
3430125,80,0,10970002,1,1,0,Monster_Name_3430125,NPC_Title_3430123,0,0,2,244,False,0,0,2,0,True,True,40,120,200,3000.0,[7020701],False,0,0,0,0,Arremessador Carmesim,Infectado Luminoso,,[]
3430126,1,0,30080000,1,1,0,,,0,0,1,247,False,0,0,2,0,False,False,40,100,200,3000.0,[],False,0,1,0,0,,,,[]
3430127,100,0,30920050,0,3430106,0,Monster_Name_3430106,,0,0,2,249,False,0,0,2,0,True,True,40,100,110,3000.0,[],False,0,0,0,0,Farol Babilônico,,,[]
3430128,100,0,30920050,0,3430106,0,Monster_Name_3430119,,0,0,2,251,False,0,0,2,0,True,True,40,100,110,3000.0,[],False,0,0,0,0,Nexus,,,[]
3430129,1,0,30442000,0,1,0,,,0,0,1,0,False,0,0,2,0,False,False,60,150,200,3000.0,[],False,0,1,0,0,,,,[]
3430130,1,0,30640001,0,1,0,,,0,0,1,0,False,0,0,2,0,False,False,0,150,200,3000.0,[],False,0,1,0,0,,,,[]
3430131,1,0,31620000,0,1,0,Monster_Name_3430105,,0,0,1,0,False,0,0,2,0,True,True,60,300,800,3000.0,[],True,0,1,0,0,Barreira Carmesim,,,[]
3430201,86,0,10980000,1,1,0,Monster_Name_3430201,NPC_Title_3430101,0,0,2,243,False,0,0,2,0,True,True,40,120,200,3000.0,"[7021001,7021002]",False,0,0,0,0,Cão Carmesim,Babylon Infectado,,[]
3430202,86,0,10960000,1,1,0,Monster_Name_3430202,NPC_Title_3430101,0,0,2,243,False,0,0,2,0,True,True,40,120,200,3000.0,[7020901],False,0,0,0,0,Regenerador Carmesim,Babylon Infectado,,[]
3430203,86,0,10970000,1,1,0,Monster_Name_3430203,NPC_Title_3430101,0,0,2,243,False,0,0,2,0,True,True,40,120,200,3000.0,[7020701],False,0,0,0,0,Arremessador Carmesim,Babylon Infectado,,[]
3430204,88,0,16510000,685,3,0,Monster_Name_3430204,,0,0,2,245,False,0,2,2,1,True,True,150,800,500,5000.0,"[7106401,7106402]",False,0,0,0,0,Gran Howler,,,[]
3430205,100,0,31620000,0,3430107,0,Monster_Name_3430205,,0,0,2,242,False,0,0,2,0,True,True,60,300,400,3000.0,[],True,0,0,0,0,Barreira Carmesim,,,[]
3430206,100,0,30920050,0,3430106,0,Monster_Name_3430206,,0,0,2,248,False,0,0,2,0,True,True,40,100,110,3000.0,[],True,0,0,0,0,Nexus,,,[]
3430207,100,0,31620000,0,3430107,0,Monster_Name_3430205,,0,0,2,242,False,0,0,2,0,True,True,60,300,800,3000.0,[],True,0,0,0,0,Barreira Carmesim,,,[]
3430208,100,0,31620000,0,3430107,0,Monster_Name_3430205,,0,0,2,242,False,0,0,2,0,True,True,60,300,800,3000.0,[],True,0,0,0,0,Barreira Carmesim,,,[]
3430209,100,0,31620000,0,3430107,0,Monster_Name_3430205,,0,0,2,242,False,0,0,2,0,True,True,60,300,800,3000.0,[],True,0,0,0,0,Barreira Carmesim,,,[]
3430210,100,0,31620000,0,3430107,0,Monster_Name_3430205,,0,0,2,242,False,0,0,2,0,True,True,60,300,800,3000.0,[],True,0,0,0,0,Barreira Carmesim,,,[]
3430211,100,0,31620000,0,3430107,0,Monster_Name_3430205,,0,0,2,242,False,0,0,2,0,True,True,60,300,800,3000.0,[],True,0,0,0,0,Barreira Carmesim,,,[]
3430212,100,0,31620000,0,3430107,0,Monster_Name_3430205,,0,0,2,242,False,0,0,2,0,True,True,60,300,800,3000.0,[],True,0,0,0,0,Barreira Carmesim,,,[]
3430213,100,0,31620000,0,3430107,0,Monster_Name_3430205,,0,0,2,242,False,0,0,2,0,True,True,60,300,800,3000.0,[],True,0,0,0,0,Barreira Carmesim,,,[]
3430214,100,0,31620000,0,3430107,0,Monster_Name_3430205,,0,0,2,242,False,0,0,2,0,True,True,60,300,800,3000.0,[],True,0,0,0,0,Barreira Carmesim,,,[]
3430215,100,0,31620000,0,3430107,0,Monster_Name_3430205,,0,0,2,242,False,0,0,2,0,True,True,60,300,800,3000.0,[],True,0,0,0,0,Barreira Carmesim,,,[]
3430216,100,0,31620000,0,3430107,0,Monster_Name_3430205,,0,0,2,242,False,0,0,2,0,True,True,60,300,800,3000.0,[],True,0,0,0,0,Barreira Carmesim,,,[]
3430217,100,0,31620000,0,3430107,0,Monster_Name_3430205,,0,0,2,242,False,0,0,2,0,True,True,60,300,800,3000.0,[],True,0,0,0,0,Barreira Carmesim,,,[]
3430218,100,0,31620000,0,3430107,0,Monster_Name_3430205,,0,0,2,242,False,0,0,2,0,True,True,60,300,800,3000.0,[],True,0,0,0,0,Barreira Carmesim,,,[]
3430219,100,0,30920050,0,3430106,0,Monster_Name_3430219,,0,0,2,250,False,0,0,2,0,True,True,40,100,110,3000.0,[],True,0,0,0,0,Nexus,,,[]
3430220,95,0,14150001,1,3430120,0,Monster_Name_3430220,,0,0,2,240,False,0,2,2,1,False,False,180,180,540,5000.0,"[3513004,3513005,3513006]",False,0,0,0,0,Guardião,,,[]
3430221,95,0,14150001,1,3430120,0,Monster_Name_3430221,,0,0,2,241,False,0,2,2,1,False,False,180,180,540,5000.0,"[3513004,3513005,3513006]",False,0,0,0,0,Guardião,,,[]
3430222,95,0,10770001,1,309632,0,Monster_Name_3430222,,0,0,2,246,False,0,0,2,1,False,False,200,300,500,3000.0,[9999007],True,0,0,0,0,Torre de Guarda,,,[]
3430223,86,0,10980002,1,1,0,Monster_Name_3430223,NPC_Title_3430123,0,0,2,244,False,0,0,2,0,True,True,40,120,200,3000.0,"[7021001,7021002]",False,0,0,0,0,Cão Carmesim,Infectado Luminoso,,[]
3430224,86,0,10960002,1,1,0,Monster_Name_3430224,NPC_Title_3430123,0,0,2,244,False,0,0,2,0,True,True,40,120,200,3000.0,[7020901],False,0,0,0,0,Regenerador Carmesim,Infectado Luminoso,,[]
3430225,86,0,10970002,1,1,0,Monster_Name_3430225,NPC_Title_3430123,0,0,2,244,False,0,0,2,0,True,True,40,120,200,3000.0,[7020701],False,0,0,0,0,Arremessador Carmesim,Infectado Luminoso,,[]
3430226,1,0,30080000,1,1,0,,,0,0,1,247,False,0,0,2,0,False,False,40,100,200,3000.0,[],False,0,1,0,0,,,,[]
3430227,100,0,30920050,0,3430106,0,Monster_Name_3430206,,0,0,2,249,False,0,0,2,0,True,True,40,100,110,3000.0,[],False,0,0,0,0,Nexus,,,[]
3430228,100,0,30920050,0,3430106,0,Monster_Name_3430219,,0,0,2,251,False,0,0,2,0,True,True,40,100,110,3000.0,[],False,0,0,0,0,Nexus,,,[]
3430229,1,0,30442000,0,1,0,,,0,0,1,0,False,0,0,2,0,False,False,60,150,200,3000.0,[],False,0,1,0,0,,,,[]
3430230,1,0,30640001,0,1,0,,,0,0,1,0,False,0,0,2,0,False,False,0,150,200,3000.0,[],False,0,1,0,0,,,,[]
3430301,92,0,10980000,1,1,0,Monster_Name_3430301,NPC_Title_3430101,0,0,2,243,False,0,0,2,0,True,True,40,120,200,3000.0,"[7021001,7021002]",False,0,0,0,0,Cão Carmesim,Babylon Infectado,,[]
3430302,92,0,10960000,1,1,0,Monster_Name_3430302,NPC_Title_3430101,0,0,2,243,False,0,0,2,0,True,True,40,120,200,3000.0,[7020901],False,0,0,0,0,Larva Infernal Carmesim,Babylon Infectado,,[]
3430303,92,0,10970000,1,1,0,Monster_Name_3430303,NPC_Title_3430101,0,0,2,243,False,0,0,2,0,True,True,40,120,200,3000.0,[7020701],False,0,0,0,0,Arremessador Carmesim,Babylon Infectado,,[]
3430304,94,0,16510000,685,3,0,Monster_Name_3430304,,0,0,2,245,False,0,2,2,1,True,True,150,800,500,5000.0,"[7106401,7106402]",False,0,0,0,0,Gran Howler,,,[]
3430305,100,0,31620000,0,3430107,0,Monster_Name_3430305,,0,0,2,242,False,0,0,2,0,True,True,60,300,400,3000.0,[],True,0,0,0,0,Barreira Carmesim,,,[]
3430306,100,0,30920050,0,3430106,0,Monster_Name_3430306,,0,0,2,248,False,0,0,2,0,True,True,40,100,110,3000.0,[],True,0,0,0,0,Nexus,,,[]
3430307,100,0,31620000,0,3430107,0,Monster_Name_3430305,,0,0,2,242,False,0,0,2,0,True,True,60,300,800,3000.0,[],True,0,0,0,0,Barreira Carmesim,,,[]
3430308,100,0,31620000,0,3430107,0,Monster_Name_3430305,,0,0,2,242,False,0,0,2,0,True,True,60,300,800,3000.0,[],True,0,0,0,0,Barreira Carmesim,,,[]
3430309,100,0,31620000,0,3430107,0,Monster_Name_3430305,,0,0,2,242,False,0,0,2,0,True,True,60,300,800,3000.0,[],True,0,0,0,0,Barreira Carmesim,,,[]
3430310,100,0,31620000,0,3430107,0,Monster_Name_3430305,,0,0,2,242,False,0,0,2,0,True,True,60,300,800,3000.0,[],True,0,0,0,0,Barreira Carmesim,,,[]
3430311,100,0,31620000,0,3430107,0,Monster_Name_3430305,,0,0,2,242,False,0,0,2,0,True,True,60,300,800,3000.0,[],True,0,0,0,0,Barreira Carmesim,,,[]
3430312,100,0,31620000,0,3430107,0,Monster_Name_3430305,,0,0,2,242,False,0,0,2,0,True,True,60,300,800,3000.0,[],True,0,0,0,0,Barreira Carmesim,,,[]
3430313,100,0,31620000,0,3430107,0,Monster_Name_3430305,,0,0,2,242,False,0,0,2,0,True,True,60,300,800,3000.0,[],True,0,0,0,0,Barreira Carmesim,,,[]
3430314,100,0,31620000,0,3430107,0,Monster_Name_3430305,,0,0,2,242,False,0,0,2,0,True,True,60,300,800,3000.0,[],True,0,0,0,0,Barreira Carmesim,,,[]
3430315,100,0,31620000,0,3430107,0,Monster_Name_3430305,,0,0,2,242,False,0,0,2,0,True,True,60,300,800,3000.0,[],True,0,0,0,0,Barreira Carmesim,,,[]
3430316,100,0,31620000,0,3430107,0,Monster_Name_3430305,,0,0,2,242,False,0,0,2,0,True,True,60,300,800,3000.0,[],True,0,0,0,0,Barreira Carmesim,,,[]
3430317,100,0,31620000,0,3430107,0,Monster_Name_3430305,,0,0,2,242,False,0,0,2,0,True,True,60,300,800,3000.0,[],True,0,0,0,0,Barreira Carmesim,,,[]
3430318,100,0,31620000,0,3430107,0,Monster_Name_3430305,,0,0,2,242,False,0,0,2,0,True,True,60,300,800,3000.0,[],True,0,0,0,0,Barreira Carmesim,,,[]
3430319,100,0,30920050,0,3430106,0,Monster_Name_3430319,,0,0,2,250,False,0,0,2,0,True,True,40,100,110,3000.0,[],True,0,0,0,0,Nexus,,,[]
3430320,95,0,14150001,1,3430120,0,Monster_Name_3430320,,0,0,2,240,False,0,2,2,1,False,False,180,180,540,5000.0,"[3513004,3513005,3513006]",False,0,0,0,0,Guardião,,,[]
3430321,95,0,14150001,1,3430120,0,Monster_Name_3430321,,0,0,2,241,False,0,2,2,1,False,False,180,180,540,5000.0,"[3513004,3513005,3513006]",False,0,0,0,0,Guardião,,,[]
3430322,95,0,10770001,1,309632,0,Monster_Name_3430322,,0,0,2,246,False,0,0,2,1,False,False,200,300,500,3000.0,[9999007],True,0,0,0,0,Torre de Guarda,,,[]
3430323,92,0,10980002,1,1,0,Monster_Name_3430323,NPC_Title_3430123,0,0,2,244,False,0,0,2,0,True,True,40,120,200,3000.0,"[7021001,7021002]",False,0,0,0,0,Cão Carmesim,Infectado Luminoso,,[]
3430324,92,0,10960002,1,1,0,Monster_Name_3430324,NPC_Title_3430123,0,0,2,244,False,0,0,2,0,True,True,40,120,200,3000.0,[7020901],False,0,0,0,0,Regenerador Carmesim,Infectado Luminoso,,[]
3430325,92,0,10970002,1,1,0,Monster_Name_3430325,NPC_Title_3430123,0,0,2,244,False,0,0,2,0,True,True,40,120,200,3000.0,[7020701],False,0,0,0,0,Arremessador Carmesim,Infectado Luminoso,,[]
3430326,1,0,30080000,1,1,0,,,0,0,1,247,False,0,0,2,0,False,False,40,100,200,3000.0,[],False,0,1,0,0,,,,[]
3430327,100,0,30920050,0,3430106,0,Monster_Name_3430306,,0,0,2,249,False,0,0,2,0,True,True,40,100,110,3000.0,[],False,0,0,0,0,Nexus,,,[]
3430328,100,0,30920050,0,3430106,0,Monster_Name_3430319,,0,0,2,251,False,0,0,2,0,True,True,40,100,110,3000.0,[],False,0,0,0,0,Nexus,,,[]
3430329,1,0,30442000,0,1,0,,,0,0,1,0,False,0,0,2,0,False,False,60,150,200,3000.0,[],False,0,1,0,0,,,,[]
3430330,1,0,30640001,0,1,0,,,0,0,1,0,False,0,0,2,0,False,False,0,150,200,3000.0,[],False,0,1,0,0,,,,[]
3430401,98,0,10980000,1,1,0,Monster_Name_3430401,NPC_Title_3430101,0,0,2,243,False,0,0,2,0,True,True,40,120,200,3000.0,"[7021001,7021002]",False,0,0,0,0,Cão Carmesim,Babylon Infectado,,[]
3430402,98,0,10960000,1,1,0,Monster_Name_3430402,NPC_Title_3430101,0,0,2,243,False,0,0,2,0,True,True,40,120,200,3000.0,[7020901],False,0,0,0,0,Regenerador Carmesim,Babylon Infectado,,[]
3430403,98,0,10970000,1,1,0,Monster_Name_3430403,NPC_Title_3430101,0,0,2,243,False,0,0,2,0,True,True,40,120,200,3000.0,[7020701],False,0,0,0,0,Arremessador Carmesim,Babylon Infectado,,[]
3430404,100,0,16510000,685,3,0,Monster_Name_3430404,,0,0,2,245,False,0,2,2,1,True,True,150,800,500,5000.0,"[7106401,7106402]",False,0,0,0,0,Gran Howler,,,[]
3430405,100,0,31620000,0,3430107,0,Monster_Name_3430405,,0,0,2,242,False,0,0,2,0,True,True,60,300,400,3000.0,[],True,0,0,0,0,Barreira Carmesim,,,[]
3430406,100,0,30920050,0,3430106,0,Monster_Name_3430406,,0,0,2,248,False,0,0,2,0,True,True,40,100,110,3000.0,[],True,0,0,0,0,Nexus,,,[]
3430407,100,0,31620000,0,3430107,0,Monster_Name_3430405,,0,0,2,242,False,0,0,2,0,True,True,60,300,800,3000.0,[],True,0,0,0,0,Barreira Carmesim,,,[]
3430408,100,0,31620000,0,3430107,0,Monster_Name_3430405,,0,0,2,242,False,0,0,2,0,True,True,60,300,800,3000.0,[],True,0,0,0,0,Barreira Carmesim,,,[]
3430409,100,0,31620000,0,3430107,0,Monster_Name_3430405,,0,0,2,242,False,0,0,2,0,True,True,60,300,800,3000.0,[],True,0,0,0,0,Barreira Carmesim,,,[]
3430410,100,0,31620000,0,3430107,0,Monster_Name_3430405,,0,0,2,242,False,0,0,2,0,True,True,60,300,800,3000.0,[],True,0,0,0,0,Barreira Carmesim,,,[]
3430411,100,0,31620000,0,3430107,0,Monster_Name_3430405,,0,0,2,242,False,0,0,2,0,True,True,60,300,800,3000.0,[],True,0,0,0,0,Barreira Carmesim,,,[]
3430412,100,0,31620000,0,3430107,0,Monster_Name_3430405,,0,0,2,242,False,0,0,2,0,True,True,60,300,800,3000.0,[],True,0,0,0,0,Barreira Carmesim,,,[]
3430413,100,0,31620000,0,3430107,0,Monster_Name_3430405,,0,0,2,242,False,0,0,2,0,True,True,60,300,800,3000.0,[],True,0,0,0,0,Barreira Carmesim,,,[]
3430414,100,0,31620000,0,3430107,0,Monster_Name_3430405,,0,0,2,242,False,0,0,2,0,True,True,60,300,800,3000.0,[],True,0,0,0,0,Barreira Carmesim,,,[]
3430415,100,0,31620000,0,3430107,0,Monster_Name_3430405,,0,0,2,242,False,0,0,2,0,True,True,60,300,800,3000.0,[],True,0,0,0,0,Barreira Carmesim,,,[]
3430416,100,0,31620000,0,3430107,0,Monster_Name_3430405,,0,0,2,242,False,0,0,2,0,True,True,60,300,800,3000.0,[],True,0,0,0,0,Barreira Carmesim,,,[]
3430417,100,0,31620000,0,3430107,0,Monster_Name_3430405,,0,0,2,242,False,0,0,2,0,True,True,60,300,800,3000.0,[],True,0,0,0,0,Barreira Carmesim,,,[]
3430418,100,0,31620000,0,3430107,0,Monster_Name_3430405,,0,0,2,242,False,0,0,2,0,True,True,60,300,800,3000.0,[],True,0,0,0,0,Barreira Carmesim,,,[]
3430419,100,0,30920050,0,3430106,0,Monster_Name_3430419,,0,0,2,250,False,0,0,2,0,True,True,40,100,110,3000.0,[],True,0,0,0,0,Nexus,,,[]
3430420,95,0,14150001,1,3430120,0,Monster_Name_3430420,,0,0,2,240,False,0,2,2,1,False,False,180,180,540,5000.0,"[3513004,3513005,3513006]",False,0,0,0,0,Guardião,,,[]
3430421,95,0,14150001,1,3430120,0,Monster_Name_3430421,,0,0,2,241,False,0,2,2,1,False,False,180,180,540,5000.0,"[3513004,3513005,3513006]",False,0,0,0,0,Guardião,,,[]
3430422,95,0,10770001,1,309632,0,Monster_Name_3430422,,0,0,2,246,False,0,0,2,1,False,False,200,300,500,3000.0,[9999007],True,0,0,0,0,Torre de Guarda,,,[]
3430423,98,0,10980002,1,1,0,Monster_Name_3430423,NPC_Title_3430123,0,0,2,244,False,0,0,2,0,True,True,40,120,200,3000.0,"[7021001,7021002]",False,0,0,0,0,Cão Carmesim,Infectado Luminoso,,[]
3430424,98,0,10960002,1,1,0,Monster_Name_3430424,NPC_Title_3430123,0,0,2,244,False,0,0,2,0,True,True,40,120,200,3000.0,[7020901],False,0,0,0,0,Regenerador Carmesim,Infectado Luminoso,,[]
3430425,98,0,10970002,1,1,0,Monster_Name_3430425,NPC_Title_3430123,0,0,2,244,False,0,0,2,0,True,True,40,120,200,3000.0,[7020701],False,0,0,0,0,Arremessador Carmesim,Infectado Luminoso,,[]
3430426,1,0,30080000,1,1,0,,,0,0,1,247,False,0,0,2,0,False,False,40,100,200,3000.0,[],False,0,1,0,0,,,,[]
3430427,100,0,30920050,0,3430106,0,Monster_Name_3430406,,0,0,2,249,False,0,0,2,0,True,True,40,100,110,3000.0,[],False,0,0,0,0,Nexus,,,[]
3430428,100,0,30920050,0,3430106,0,Monster_Name_3430419,,0,0,2,251,False,0,0,2,0,True,True,40,100,110,3000.0,[],False,0,0,0,0,Nexus,,,[]
3430429,1,0,30442000,0,1,0,,,0,0,1,0,False,0,0,2,0,False,False,60,150,200,3000.0,[],False,0,1,0,0,,,,[]
3430430,1,0,30640001,0,1,0,,,0,0,1,0,False,0,0,2,0,False,False,0,150,200,3000.0,[],False,0,1,0,0,,,,[]
3435101,86,1213000,16470002,772,3,0,Monster_Name_3435101,,0,0,2,254,False,0,2,2,1,True,True,150,300,500,0.0,[7105701],False,0,0,0,0,Gigas,,,[1345950]
3435102,86,1213001,16460002,3435102,3,0,Monster_Name_3435102,,0,0,2,254,False,0,2,2,1,True,True,150,300,500,0.0,"[7105601,7105602]",False,0,0,0,0,Morposi,,,[1345950]
3435103,80,0,31620000,0,3430107,0,Monster_Name_3435103,,0,0,2,242,False,0,0,2,0,True,True,60,300,800,3000.0,[],True,0,0,0,0,Barreira Carmesim,,,[]
3435104,80,0,31620000,0,3430107,0,Monster_Name_3435103,,0,0,2,242,False,0,0,2,0,True,True,60,300,800,3000.0,[],True,0,0,0,0,Barreira Carmesim,,,[]
3435105,80,0,31620000,0,3430107,0,Monster_Name_3435103,,0,0,2,242,False,0,0,2,0,True,True,60,300,800,3000.0,[],True,0,0,0,0,Barreira Carmesim,,,[]
3435106,80,0,31620000,0,3430107,0,Monster_Name_3435103,,0,0,2,242,False,0,0,2,0,True,True,60,300,800,3000.0,[],True,0,0,0,0,Barreira Carmesim,,,[]
3435107,80,0,31620000,0,3430107,0,Monster_Name_3435103,,0,0,2,242,False,0,0,2,0,True,True,60,300,800,3000.0,[],True,0,0,0,0,Barreira Carmesim,,,[]
3435108,80,0,31620000,0,3430107,0,Monster_Name_3435103,,0,0,2,242,False,0,0,2,0,True,True,60,300,800,3000.0,[],True,0,0,0,0,Barreira Carmesim,,,[]
3435109,80,0,31620000,0,3430107,0,Monster_Name_3435103,,0,0,2,242,False,0,0,2,0,True,True,60,300,800,3000.0,[],True,0,0,0,0,Barreira Carmesim,,,[]
3435110,80,0,31620000,0,3430107,0,Monster_Name_3435103,,0,0,2,242,False,0,0,2,0,True,True,60,300,800,3000.0,[],True,0,0,0,0,Barreira Carmesim,,,[]
3435111,80,0,31620000,0,3430107,0,Monster_Name_3435103,,0,0,2,242,False,0,0,2,0,True,True,60,300,800,3000.0,[],True,0,0,0,0,Barreira Carmesim,,,[]
3435112,80,0,31620000,0,3430107,0,Monster_Name_3435103,,0,0,2,242,False,0,0,2,0,True,True,60,300,800,3000.0,[],True,0,0,0,0,Barreira Carmesim,,,[]
3435113,80,0,31620000,0,3430107,0,Monster_Name_3435103,,0,0,2,242,False,0,0,2,0,True,True,60,300,800,3000.0,[],True,0,0,0,0,Barreira Carmesim,,,[]
3435114,80,0,31620000,0,3430107,0,Monster_Name_3435103,,0,0,2,242,False,0,0,2,0,True,True,60,300,800,3000.0,[],True,0,0,0,0,Barreira Carmesim,,,[]
3435115,80,0,16510000,685,3,0,Monster_Name_3430304,,0,0,2,245,False,0,2,2,1,True,True,150,800,500,5000.0,"[7106401,7106402]",False,0,0,0,0,Gran Howler,,,[]
3435116,1,0,30080000,0,1,0,,,0,0,1,0,False,0,0,2,0,False,False,60,150,200,3000.0,[],False,0,1,0,0,,,,[]
3435117,1,0,30640001,0,1,0,,,0,0,1,0,False,0,0,2,0,False,False,0,150,200,3000.0,[],False,0,1,0,0,,,,[]
3435118,86,1214000,10980003,1,1,0,Monster_Name_3430301,NPC_Title_3430101,0,0,2,243,False,0,0,2,0,True,True,40,120,200,3000.0,"[7021001,7021002]",False,0,0,0,0,Cão Carmesim,Babylon Infectado,,[87486]
3435119,86,1214001,10370051,1,1,0,Monster_Name_3430302,NPC_Title_3430101,0,0,2,243,False,0,0,2,0,True,True,40,120,200,3000.0,"[7008301,7008302]",False,0,0,0,0,Larva Infernal Carmesim,Babylon Infectado,,[87486]
3435120,86,1214002,10970003,1,1,0,Monster_Name_3430303,NPC_Title_3430101,0,0,2,243,False,0,0,2,0,True,True,40,120,200,3000.0,[7020701],False,0,0,0,0,Arremessador Carmesim,Babylon Infectado,,[87486]
3435201,90,1213002,16470002,772,3,0,Monster_Name_3435201,,0,0,2,254,False,0,2,2,1,True,True,150,300,500,0.0,[7105701],False,0,0,0,0,Gigas,,,[1710950]
3435202,90,1213003,16460002,3435102,3,0,Monster_Name_3435202,,0,0,2,254,False,0,2,2,1,True,True,150,300,500,0.0,"[7105601,7105602]",False,0,0,0,0,Morposi,,,[1710950]
3435203,80,0,31620000,0,3430107,0,Monster_Name_3435203,,0,0,2,242,False,0,0,2,0,True,True,60,300,800,3000.0,[],True,0,0,0,0,Barreira Carmesim,,,[]
3435204,80,0,31620000,0,3430107,0,Monster_Name_3435203,,0,0,2,242,False,0,0,2,0,True,True,60,300,800,3000.0,[],True,0,0,0,0,Barreira Carmesim,,,[]
3435205,80,0,31620000,0,3430107,0,Monster_Name_3435203,,0,0,2,242,False,0,0,2,0,True,True,60,300,800,3000.0,[],True,0,0,0,0,Barreira Carmesim,,,[]
3435206,80,0,31620000,0,3430107,0,Monster_Name_3435203,,0,0,2,242,False,0,0,2,0,True,True,60,300,800,3000.0,[],True,0,0,0,0,Barreira Carmesim,,,[]
3435207,80,0,31620000,0,3430107,0,Monster_Name_3435203,,0,0,2,242,False,0,0,2,0,True,True,60,300,800,3000.0,[],True,0,0,0,0,Barreira Carmesim,,,[]
3435208,80,0,31620000,0,3430107,0,Monster_Name_3435203,,0,0,2,242,False,0,0,2,0,True,True,60,300,800,3000.0,[],True,0,0,0,0,Barreira Carmesim,,,[]
3435209,80,0,31620000,0,3430107,0,Monster_Name_3435203,,0,0,2,242,False,0,0,2,0,True,True,60,300,800,3000.0,[],True,0,0,0,0,Barreira Carmesim,,,[]
3435210,80,0,31620000,0,3430107,0,Monster_Name_3435203,,0,0,2,242,False,0,0,2,0,True,True,60,300,800,3000.0,[],True,0,0,0,0,Barreira Carmesim,,,[]
3435211,80,0,31620000,0,3430107,0,Monster_Name_3435203,,0,0,2,242,False,0,0,2,0,True,True,60,300,800,3000.0,[],True,0,0,0,0,Barreira Carmesim,,,[]
3435212,80,0,31620000,0,3430107,0,Monster_Name_3435203,,0,0,2,242,False,0,0,2,0,True,True,60,300,800,3000.0,[],True,0,0,0,0,Barreira Carmesim,,,[]
3435213,80,0,31620000,0,3430107,0,Monster_Name_3435203,,0,0,2,242,False,0,0,2,0,True,True,60,300,800,3000.0,[],True,0,0,0,0,Barreira Carmesim,,,[]
3435214,80,0,31620000,0,3430107,0,Monster_Name_3435203,,0,0,2,242,False,0,0,2,0,True,True,60,300,800,3000.0,[],True,0,0,0,0,Barreira Carmesim,,,[]
3435215,80,0,16510000,685,3,0,Monster_Name_3430304,,0,0,2,245,False,0,2,2,1,True,True,150,800,500,5000.0,"[7106401,7106402]",False,0,0,0,0,Gran Howler,,,[]
3435216,1,0,30080000,0,1,0,,,0,0,1,0,False,0,0,2,0,False,False,60,150,200,3000.0,[],False,0,1,0,0,,,,[]
3435217,1,0,30640001,0,1,0,,,0,0,1,0,False,0,0,2,0,False,False,0,150,200,3000.0,[],False,0,1,0,0,,,,[]
3435218,90,1214003,10980003,1,1,0,Monster_Name_3430301,NPC_Title_3430101,0,0,2,243,False,0,0,2,0,True,True,40,120,200,3000.0,"[7021001,7021002]",False,0,0,0,0,Cão Carmesim,Babylon Infectado,,[111211]
3435219,90,1214004,10370051,1,1,0,Monster_Name_3430302,NPC_Title_3430101,0,0,2,243,False,0,0,2,0,True,True,40,120,200,3000.0,"[7008301,7008302]",False,0,0,0,0,Larva Infernal Carmesim,Babylon Infectado,,[111211]
3435220,90,1214005,10970003,1,1,0,Monster_Name_3430303,NPC_Title_3430101,0,0,2,243,False,0,0,2,0,True,True,40,120,200,3000.0,[7020701],False,0,0,0,0,Arremessador Carmesim,Babylon Infectado,,[111211]
3435301,94,1213004,16470002,772,3,0,Monster_Name_3435301,,0,0,2,254,False,0,2,2,1,True,True,150,300,500,0.0,[7105701],False,0,0,0,0,Gigas,,,[2115950]
3435302,94,1213005,16460002,3435102,3,0,Monster_Name_3435302,,0,0,2,254,False,0,2,2,1,True,True,150,300,500,0.0,"[7105601,7105602]",False,0,0,0,0,Morposi,,,[2115950]
3435303,80,0,31620000,0,3430107,0,Monster_Name_3435303,,0,0,2,242,False,0,0,2,0,True,True,60,300,800,3000.0,[],True,0,0,0,0,Barreira Carmesim,,,[]
3435304,80,0,31620000,0,3430107,0,Monster_Name_3435303,,0,0,2,242,False,0,0,2,0,True,True,60,300,800,3000.0,[],True,0,0,0,0,Barreira Carmesim,,,[]
3435305,80,0,31620000,0,3430107,0,Monster_Name_3435303,,0,0,2,242,False,0,0,2,0,True,True,60,300,800,3000.0,[],True,0,0,0,0,Barreira Carmesim,,,[]
3435306,80,0,31620000,0,3430107,0,Monster_Name_3435303,,0,0,2,242,False,0,0,2,0,True,True,60,300,800,3000.0,[],True,0,0,0,0,Barreira Carmesim,,,[]
3435307,80,0,31620000,0,3430107,0,Monster_Name_3435303,,0,0,2,242,False,0,0,2,0,True,True,60,300,800,3000.0,[],True,0,0,0,0,Barreira Carmesim,,,[]
3435308,80,0,31620000,0,3430107,0,Monster_Name_3435303,,0,0,2,242,False,0,0,2,0,True,True,60,300,800,3000.0,[],True,0,0,0,0,Barreira Carmesim,,,[]
3435309,80,0,31620000,0,3430107,0,Monster_Name_3435303,,0,0,2,242,False,0,0,2,0,True,True,60,300,800,3000.0,[],True,0,0,0,0,Barreira Carmesim,,,[]
3435310,80,0,31620000,0,3430107,0,Monster_Name_3435303,,0,0,2,242,False,0,0,2,0,True,True,60,300,800,3000.0,[],True,0,0,0,0,Barreira Carmesim,,,[]
3435311,80,0,31620000,0,3430107,0,Monster_Name_3435303,,0,0,2,242,False,0,0,2,0,True,True,60,300,800,3000.0,[],True,0,0,0,0,Barreira Carmesim,,,[]
3435312,80,0,31620000,0,3430107,0,Monster_Name_3435303,,0,0,2,242,False,0,0,2,0,True,True,60,300,800,3000.0,[],True,0,0,0,0,Barreira Carmesim,,,[]
3435313,80,0,31620000,0,3430107,0,Monster_Name_3435303,,0,0,2,242,False,0,0,2,0,True,True,60,300,800,3000.0,[],True,0,0,0,0,Barreira Carmesim,,,[]
3435314,80,0,31620000,0,3430107,0,Monster_Name_3435303,,0,0,2,242,False,0,0,2,0,True,True,60,300,800,3000.0,[],True,0,0,0,0,Barreira Carmesim,,,[]
3435315,80,0,16510000,685,3,0,Monster_Name_3430304,,0,0,2,245,False,0,2,2,1,True,True,150,800,500,5000.0,"[7106401,7106402]",False,0,0,0,0,Gran Howler,,,[]
3435316,1,0,30080000,0,1,0,,,0,0,1,0,False,0,0,2,0,False,False,60,150,200,3000.0,[],False,0,1,0,0,,,,[]
3435317,1,0,30640001,0,1,0,,,0,0,1,0,False,0,0,2,0,False,False,0,150,200,3000.0,[],False,0,1,0,0,,,,[]
3435318,94,1214006,10980003,1,1,0,Monster_Name_3430301,NPC_Title_3430101,0,0,2,243,False,0,0,2,0,True,True,40,120,200,3000.0,"[7021001,7021002]",False,0,0,0,0,Cão Carmesim,Babylon Infectado,,[154888]
3435319,94,1214007,10370051,1,1,0,Monster_Name_3430302,NPC_Title_3430101,0,0,2,243,False,0,0,2,0,True,True,40,120,200,3000.0,"[7008301,7008302]",False,0,0,0,0,Larva Infernal Carmesim,Babylon Infectado,,[154888]
3435320,94,1214008,10970003,1,1,0,Monster_Name_3430303,NPC_Title_3430101,0,0,2,243,False,0,0,2,0,True,True,40,120,200,3000.0,[7020701],False,0,0,0,0,Arremessador Carmesim,Babylon Infectado,,[154888]
3435401,98,1213006,16470002,772,3,0,Monster_Name_3435401,,0,0,2,254,False,0,2,2,1,True,True,150,300,500,0.0,[7105701],False,0,0,0,0,Gigas,,,[2560950]
3435402,98,1213007,16460002,3435102,3,0,Monster_Name_3435402,,0,0,2,254,False,0,2,2,1,True,True,150,300,500,0.0,"[7105601,7105602]",False,0,0,0,0,Morposi,,,[2560950]
3435403,80,0,31620000,0,3430107,0,Monster_Name_3435403,,0,0,2,242,False,0,0,2,0,True,True,60,300,800,3000.0,[],True,0,0,0,0,Barreira Carmesim,,,[]
3435404,80,0,31620000,0,3430107,0,Monster_Name_3435403,,0,0,2,242,False,0,0,2,0,True,True,60,300,800,3000.0,[],True,0,0,0,0,Barreira Carmesim,,,[]
3435405,80,0,31620000,0,3430107,0,Monster_Name_3435403,,0,0,2,242,False,0,0,2,0,True,True,60,300,800,3000.0,[],True,0,0,0,0,Barreira Carmesim,,,[]
3435406,80,0,31620000,0,3430107,0,Monster_Name_3435403,,0,0,2,242,False,0,0,2,0,True,True,60,300,800,3000.0,[],True,0,0,0,0,Barreira Carmesim,,,[]
3435407,80,0,31620000,0,3430107,0,Monster_Name_3435403,,0,0,2,242,False,0,0,2,0,True,True,60,300,800,3000.0,[],True,0,0,0,0,Barreira Carmesim,,,[]
3435408,80,0,31620000,0,3430107,0,Monster_Name_3435403,,0,0,2,242,False,0,0,2,0,True,True,60,300,800,3000.0,[],True,0,0,0,0,Barreira Carmesim,,,[]
3435409,80,0,31620000,0,3430107,0,Monster_Name_3435403,,0,0,2,242,False,0,0,2,0,True,True,60,300,800,3000.0,[],True,0,0,0,0,Barreira Carmesim,,,[]
3435410,80,0,31620000,0,3430107,0,Monster_Name_3435403,,0,0,2,242,False,0,0,2,0,True,True,60,300,800,3000.0,[],True,0,0,0,0,Barreira Carmesim,,,[]
3435411,80,0,31620000,0,3430107,0,Monster_Name_3435403,,0,0,2,242,False,0,0,2,0,True,True,60,300,800,3000.0,[],True,0,0,0,0,Barreira Carmesim,,,[]
3435412,80,0,31620000,0,3430107,0,Monster_Name_3435403,,0,0,2,242,False,0,0,2,0,True,True,60,300,800,3000.0,[],True,0,0,0,0,Barreira Carmesim,,,[]
3435413,80,0,31620000,0,3430107,0,Monster_Name_3435403,,0,0,2,242,False,0,0,2,0,True,True,60,300,800,3000.0,[],True,0,0,0,0,Barreira Carmesim,,,[]
3435414,80,0,31620000,0,3430107,0,Monster_Name_3435403,,0,0,2,242,False,0,0,2,0,True,True,60,300,800,3000.0,[],True,0,0,0,0,Barreira Carmesim,,,[]
3435415,100,0,16510000,685,3,0,Monster_Name_3430304,,0,0,2,252,False,0,2,2,1,True,True,150,800,500,5000.0,"[7106401,7106402]",False,0,0,0,0,Gran Howler,,,[]
3435416,1,0,30080000,0,1,0,,,0,0,1,0,False,0,0,2,0,False,False,60,150,200,3000.0,[],False,0,1,0,0,,,,[]
3435417,1,0,30640001,0,1,0,,,0,0,1,0,False,0,0,2,0,False,False,0,150,200,3000.0,[],False,0,1,0,0,,,,[]
3435418,98,1214009,10980003,1,1,0,Monster_Name_3430301,NPC_Title_3430101,0,0,2,243,False,0,0,2,0,True,True,40,120,200,3000.0,"[7021001,7021002]",False,0,0,0,0,Cão Carmesim,Babylon Infectado,,[204876]
3435419,98,1214010,10370051,1,1,0,Monster_Name_3430302,NPC_Title_3430101,0,0,2,243,False,0,0,2,0,True,True,40,120,200,3000.0,"[7008301,7008302]",False,0,0,0,0,Larva Infernal Carmesim,Babylon Infectado,,[204876]
3435420,98,1214011,10970003,1,1,0,Monster_Name_3430303,NPC_Title_3430101,0,0,2,243,False,0,0,2,0,True,True,40,120,200,3000.0,[7020701],False,0,0,0,0,Arremessador Carmesim,Babylon Infectado,,[204876]
3460301,95,1201024,10080002,1,1,0,Monster_Name_3460301,,0,0,2,0,False,0,0,2,0,True,True,40,80,200,3000.0,[7005601],False,0,0,0,0,Minar Silex,,,[58669]
3460302,95,1201025,10280003,1,1,0,Monster_Name_3460302,,0,0,2,0,False,0,0,2,0,True,True,40,50,200,3000.0,"[7008501,7008502]",False,0,0,0,0,Gafftail de Mina,,,[58669]
3460303,95,1201026,10420001,1,1,0,Monster_Name_3460303,,0,0,2,0,False,0,0,2,0,True,True,40,80,200,3000.0,"[7005201,7005202]",False,0,0,0,0,Minar Scud Pesado,,,[58669]
3460304,95,1201027,10032001,1,1,0,Monster_Name_3460304,,0,0,2,0,False,0,0,2,0,True,True,40,80,200,3000.0,[7000701],False,0,0,0,0,Minar Grumble Oul,,,[58669]
3460305,95,1201028,10460002,1,1,0,Monster_Name_3460305,,0,0,2,0,False,0,0,2,1,True,True,40,80,200,3000.0,[7008401],False,0,0,0,0,Fantasma do Pesadelo,,,[58669]
3460306,105,1201029,10030001,1,1,0,Monster_Name_3460306,,0,0,2,0,False,0,0,2,0,True,True,40,80,200,3000.0,[7000701],False,0,0,0,0,Minar Grumble,,,[109669]
3460307,105,1201030,10050003,1,1,0,Monster_Name_3460307,,0,0,2,0,False,0,0,2,0,True,True,40,50,200,3000.0,"[7003701,7003702,7003703]",False,0,0,0,0,Minas Arghol,,,[109669]
3460308,105,1201031,10200002,1,10,0,Monster_Name_3460308,,0,0,2,0,False,0,0,2,0,True,True,50,120,200,3000.0,[7000801],False,0,0,0,0,Mina Clod,,,[109669]
3460309,105,1201032,10821001,1,1,0,Monster_Name_3460309,,0,0,2,0,False,0,0,2,0,True,True,40,60,200,3000.0,"[7014401,7014402,7014403,7014404,7014405]",False,0,0,0,0,Guardião da Pedra Sagrada,,,[109669]
3460310,105,1201033,10820001,1,1,0,Monster_Name_3460310,,0,0,2,0,False,0,0,2,0,True,True,40,80,200,3000.0,"[7014201,7014202,7014203]",False,0,0,0,0,Buscador da Pedra Sagrada,,,[109669]
3460311,105,1201034,10819000,1,1,0,Monster_Name_3460311,,0,0,2,0,False,0,0,2,0,True,True,40,60,200,3000.0,[7013801],False,0,0,0,0,Purificador da Pedra Sagrada,,,[109669]
3460312,105,1201035,10823002,1,1,0,Monster_Name_3460312,,0,0,2,0,False,0,0,2,1,True,True,40,40,80,3000.0,"[7016401,7016402]",False,0,0,0,0,Fantasma Blindado de Pesadelo,,,[109669]
3460399,110,0,16220100,845,185,0,Monster_Name_3460399,,0,0,2,106,False,0,2,2,0,True,True,150,150,600,5000.0,[7107701],False,0,0,0,0,Guardião Tyrant Origin,,,[]
3462501,96,1201232,10080002,1,1,0,Monster_Name_3462501,,0,0,2,0,False,0,0,2,0,True,True,40,100,200,3000.0,[7005601],False,0,0,0,0,Estação de Classificação Silex,,,[61519]
3462502,96,1201233,10280003,1,1,0,Monster_Name_3462502,,0,0,2,0,False,0,0,2,0,True,True,40,110,200,3000.0,"[7008501,7008502]",False,0,0,0,0,Estação de Classificação Gafftail,,,[61519]
3462503,96,1201234,10420001,1,1,0,Monster_Name_3462503,,0,0,2,0,False,0,0,2,0,True,True,40,100,200,3000.0,"[7005201,7005202]",False,0,0,0,0,Estação de Classificação Scud Pesado,,,[61519]
3462504,96,1201235,10030001,1,1,0,Monster_Name_3462504,,0,0,2,0,False,0,0,2,0,True,True,40,80,200,3000.0,[7000701],False,0,0,0,0,Estação de Classificação Grumble,,,[61519]
3462505,96,1201236,10032001,1,1,0,Monster_Name_3462505,,0,0,2,0,False,0,0,2,0,True,True,40,80,200,3000.0,[7000701],False,0,0,0,0,Estação de Classificação Grumble Oul,,,[61519]
3462506,96,1201237,10050003,1,1,0,Monster_Name_3462506,,0,0,2,0,False,0,0,2,0,True,True,40,90,200,3000.0,"[7003701,7003702,7003703]",False,0,0,0,0,Estação de Classificação Arghol,,,[61519]
3462507,96,1201238,10200002,1,1,0,Monster_Name_3462507,,0,0,2,0,False,0,0,2,0,True,True,50,120,200,3000.0,[7000801],False,0,0,0,0,Estação de Classificação Clod,,,[61519]
3462508,96,1201239,10819000,1,1,0,Monster_Name_3462508,,0,0,2,0,False,0,0,2,0,True,True,40,150,200,3000.0,[7013801],False,0,0,0,0,Estação de Classificação Purificador da Pedra Sagrada,,,[61519]
3462509,96,1201240,10821001,1,1,0,Monster_Name_3462509,,0,0,2,0,False,0,0,2,0,True,True,40,100,200,3000.0,"[7014401,7014402,7014403]",False,0,0,0,0,Estação de Classificação Guardião da Pedra Sagrada,,,[61519]
3462510,96,1201241,10820001,1,1,0,Monster_Name_3462510,,0,0,2,0,False,0,0,2,0,True,True,40,80,200,3000.0,"[7014201,7014202,7014203]",False,0,0,0,0,Estação de Classificação Buscador da Pedra Sagrada,,,[61519]
3462511,96,1201242,10460002,1,1,0,Monster_Name_3462511,,0,0,2,0,False,0,0,2,1,True,True,40,80,200,1300.0,[7008401],False,0,0,0,0,Fantasma do Pesadelo,,,[61519]
3462521,101,1201243,10080002,1,1,0,Monster_Name_3462521,,0,0,2,0,False,0,0,2,0,True,True,40,100,200,3000.0,[7005601],False,0,0,0,0,Refinaria Silex,,,[84169]
3462522,101,1201244,10280003,1,1,0,Monster_Name_3462522,,0,0,2,0,False,0,0,2,0,True,True,40,110,200,3000.0,"[7008501,7008502]",False,0,0,0,0,Gafftail da Refinaria,,,[84169]
3462523,101,1201245,10420001,1,1,0,Monster_Name_3462523,,0,0,2,0,False,0,0,2,0,True,True,40,100,200,3000.0,"[7005201,7005202]",False,0,0,0,0,Refinaria Scud Pesado,,,[84169]
3462524,101,1201246,10030001,1,1,0,Monster_Name_3462524,,0,0,2,0,False,0,0,2,0,True,True,40,80,200,3000.0,[7000701],False,0,0,0,0,Refinaria Grumble,,,[84169]
3462525,101,1201247,10032001,1,1,0,Monster_Name_3462525,,0,0,2,0,False,0,0,2,0,True,True,40,80,200,3000.0,[7000701],False,0,0,0,0,Refinaria Grumble Oul,,,[84169]
3462526,101,1201248,10050003,1,1,0,Monster_Name_3462526,,0,0,2,0,False,0,0,2,0,True,True,40,90,200,3000.0,"[7003701,7003702,7003703]",False,0,0,0,0,Refinaria Arghol,,,[84169]
3462527,101,1201249,10200002,1,1,0,Monster_Name_3462527,,0,0,2,0,False,0,0,2,0,True,True,50,120,200,3000.0,[7000801],False,0,0,0,0,Torrão de Refinaria,,,[84169]
3462528,101,1201250,10819000,1,1,0,Monster_Name_3462528,,0,0,2,0,False,0,0,2,0,True,True,40,150,200,3000.0,[7013801],False,0,0,0,0,Refinaria Purificador da Pedra Sagrada,,,[84169]
3462529,101,1201251,10821001,1,1,0,Monster_Name_3462529,,0,0,2,0,False,0,0,2,0,True,True,40,100,200,3000.0,"[7014401,7014402,7014403]",False,0,0,0,0,Refinaria Guardião da Pedra Sagrada,,,[84169]
3462530,101,1201252,10820001,1,1,0,Monster_Name_3462530,,0,0,2,0,False,0,0,2,0,True,True,40,80,200,3000.0,"[7014201,7014202,7014203]",False,0,0,0,0,Refinaria Buscador da Pedra Sagrada,,,[84169]
3462531,101,1201253,10460002,1,1,0,Monster_Name_3462531,,0,0,2,0,False,0,0,2,1,True,True,40,80,200,1300.0,[7008401],False,0,0,0,0,Fantasma do Pesadelo,,,[84169]
3462541,106,1201254,10080002,1,1,0,Monster_Name_3462541,,0,0,2,0,False,0,0,2,0,True,True,40,100,200,3000.0,[7005601],False,0,0,0,0,Silex de Fundição,,,[116669]
3462542,106,1201255,10280003,1,1,0,Monster_Name_3462542,,0,0,2,0,False,0,0,2,0,True,True,40,110,200,3000.0,"[7008501,7008502]",False,0,0,0,0,Gafftail de Fundição,,,[116669]
3462543,106,1201256,10420001,1,1,0,Monster_Name_3462543,,0,0,2,0,False,0,0,2,0,True,True,40,100,200,3000.0,"[7005201,7005202]",False,0,0,0,0,Scud Pesado de Fundição,,,[116669]
3462544,106,1201257,10030001,1,1,0,Monster_Name_3462544,,0,0,2,0,False,0,0,2,0,True,True,40,80,200,3000.0,[7000701],False,0,0,0,0,Fundidor Grumble,,,[116669]
3462545,106,1201258,10032001,1,1,0,Monster_Name_3462545,,0,0,2,0,False,0,0,2,0,True,True,40,80,200,3000.0,[7000701],False,0,0,0,0,Fundidor Grumble Oul,,,[116669]
3462546,106,1201259,10050003,1,1,0,Monster_Name_3462546,,0,0,2,0,False,0,0,2,0,True,True,40,90,200,3000.0,"[7003701,7003702,7003703]",False,0,0,0,0,Fundidor Arghol,,,[116669]
3462547,106,1201260,10200002,1,1,0,Monster_Name_3462547,,0,0,2,0,False,0,0,2,0,True,True,50,120,200,3000.0,[7000801],False,0,0,0,0,Smelter Clod,,,[116669]
3462548,106,1201261,10819000,1,1,0,Monster_Name_3462548,,0,0,2,0,False,0,0,2,0,True,True,40,150,200,3000.0,[7013801],False,0,0,0,0,Fundidor Purificador da Pedra Sagrada,,,[116669]
3462549,106,1201262,10821001,1,1,0,Monster_Name_3462549,,0,0,2,0,False,0,0,2,0,True,True,40,100,200,3000.0,"[7014401,7014402,7014403]",False,0,0,0,0,Fundidor Guardião da Pedra Sagrada,,,[116669]
3462550,106,1201263,10820001,1,1,0,Monster_Name_3462550,,0,0,2,0,False,0,0,2,0,True,True,40,80,200,3000.0,"[7014201,7014202,7014203]",False,0,0,0,0,Fundidor Buscador da Pedra Sagrada,,,[116669]
3462551,106,1201264,10460002,1,1,0,Monster_Name_3462551,,0,0,2,0,False,0,0,2,1,True,True,40,80,200,1300.0,[7008401],False,0,0,0,0,Fantasma do Pesadelo,,,[116669]
3462599,110,0,16220101,846,185,0,Monster_Name_3462599,,0,0,2,106,False,0,2,2,0,True,True,150,180,600,5000.0,[7107801],False,0,0,0,0,Guardião Abissal Origin,,,[]
3500101,1,0,30442000,0,1,0,,,0,0,2,213,False,0,0,2,0,False,False,60,150,200,3000.0,[],False,0,1,0,0,,,,[]
3500102,95,0,16030010,787,303601,0,Monster_Name_3500102,,0,0,2,205,False,0,2,2,1,True,True,150,1050,1000,14000.0,[7107200],False,0,1,0,0,Igna Vritra,,,[]
3500201,1,0,30442000,0,1,0,,,0,0,2,213,False,0,0,2,0,False,False,60,150,200,3000.0,[],False,0,1,0,0,,,,[]
3500202,105,0,16578000,916,303501,0,Monster_Name_3500202,,0,0,2,205,False,0,2,2,1,True,True,200,450,800,10000.0,"[7108401,7108401]",False,0,1,0,0,Blita Gleba,,,[]
3500203,105,0,16578001,917,3500203,0,Monster_Name_3500202,,0,0,2,205,False,0,2,2,1,True,True,200,600,1200,10000.0,"[7108501,7108501]",False,0,1,0,0,Blita Gleba,,,[]
3500301,1,0,30442000,0,1,0,,,0,0,2,213,False,0,0,2,0,False,False,60,150,200,3000.0,[],False,0,1,0,0,,,,[]
3500302,45,0,16575000,787,303601,0,Monster_Name_3500302,,0,0,2,205,False,0,2,2,1,True,True,150,1050,1000,14000.0,[7107200],False,0,1,0,0,,,,[]
3500401,1,0,30443000,0,1,0,,,0,0,2,213,False,0,0,2,0,False,False,60,150,200,3000.0,[],False,0,1,0,0,,,,[]
3500402,115,0,16582000,933,933,0,Monster_Name_3500402,,0,0,2,205,False,0,2,2,1,True,True,250,450,800,10000.0,"[7109201,7109202]",True,0,1,0,0,Ragdion,,,[]
3500403,115,0,16582001,934,934,0,Monster_Name_3500402,,0,0,2,205,False,0,2,2,1,True,True,400,600,800,10000.0,"[7109301,7109302]",True,0,1,0,0,Ragdion,,,[]
3500410,1,0,30080000,1,1,10002,,,0,0,1,0,False,0,0,2,0,False,False,40,100,200,3000.0,[],False,0,1,0,0,,,,[]
3500501,1,0,30443001,0,1,0,,,0,0,2,213,False,0,0,2,0,False,False,60,150,200,3000.0,[],False,0,1,0,0,,,,[]
3500502,80,0,16575000,904,303303,0,Monster_Name_3500502,,0,0,2,205,False,0,2,2,1,True,True,1200,1300,1400,14000.0,[7107200],False,0,1,0,0,EI-01,,,[]
3509100,45,0,30080001,139,1,10002,NPC_Name_3509100,,0,0,1,0,False,0,0,2,1,False,False,0,60,200,500.0,[10000026],False,0,1,0,0,,,,[]
3509101,45,0,30080001,139,1,10002,NPC_Name_127108,,0,0,1,0,False,0,0,2,1,False,False,0,60,200,500.0,[10000027],False,0,1,0,0,,,,[]
3509102,45,0,30080000,0,1,10002,NPC_Name_121802,NPC_Title_121802,0,0,2,0,False,0,0,2,0,True,False,0,40,200,3000.0,[],False,0,1,0,0,Android Quebrado,Sinal-Fraco,,[]
3509103,45,0,30080000,0,1,10002,NPC_Name_121802,NPC_Title_121802,0,0,2,0,False,0,0,2,0,True,False,0,40,200,3000.0,[],False,0,1,0,0,Android Quebrado,Sinal-Fraco,,[]
3509104,45,0,10480051,383151,383151,0,Monster_Name_383151,Monster_Title_383151,0,0,2,0,False,0,0,2,1,True,True,40,90,90,3000.0,[],False,0,0,0,0,Drone Sobrecarregado,Robô de Combate da Instalação de Produção,,[]
3509105,45,0,10320000,1,1,0,Monster_Name_305507,,0,0,2,0,False,0,0,2,0,True,True,40,60,200,3000.0,"[7009001,7009002,7009003]",False,0,0,0,0,Chuti Seth,,,[]
3509106,45,0,10700000,1,1,10002,,,0,0,2,0,False,0,0,2,0,True,True,50,200,200,3000.0,"[3501001,3501002,3501003]",False,0,0,0,0,,,,[]
3901101,22,0,19070001,0,1,10002,NPC_Name_3901101,NPC_Title_3901101,0,0,1,0,False,0,0,2,0,True,False,40,50,200,3000.0,[],False,0,0,0,0,Ikumi Kaidoh,Viajante do Tempo,,[]
3901102,22,0,19069001,0,1,10002,NPC_Name_3901102,NPC_Title_3901102,0,0,1,0,False,0,0,2,0,True,False,40,50,200,3000.0,[],False,0,0,0,0,Mamoru Amami,Viajante do Tempo,,[]
3901103,22,0,17750000,0,1,10002,NPC_Name_3901103,NPC_Title_3901103,0,0,1,13,False,0,0,2,0,True,False,40,40,200,3000.0,[],False,0,0,0,0,Sitz Paro,Protetor das Estrelas,,[]
3901104,22,0,17750000,0,1,10002,NPC_Name_3901103,NPC_Title_3901103,0,0,1,0,False,0,0,2,0,True,False,40,40,200,3000.0,[],False,0,0,0,0,Sitz Paro,Protetor das Estrelas,,[]
3901105,22,0,17750000,0,1,10002,NPC_Name_3901103,NPC_Title_3901103,0,0,1,0,False,0,0,2,0,True,False,40,40,200,3000.0,[],False,0,0,0,0,Sitz Paro,Protetor das Estrelas,,[]
3901106,22,0,17750000,0,1,10002,NPC_Name_3901103,NPC_Title_3901103,0,0,1,0,False,0,0,2,0,True,False,40,40,200,3000.0,[],False,0,0,0,0,Sitz Paro,Protetor das Estrelas,,[]
3901107,22,0,17750000,0,1,10002,NPC_Name_3901103,NPC_Title_3901103,0,0,1,0,False,0,0,2,0,True,False,40,40,200,3000.0,[],False,0,0,0,0,Sitz Paro,Protetor das Estrelas,,[]
3901108,22,0,17750000,0,1,10002,NPC_Name_3901103,NPC_Title_3901103,0,0,1,0,False,0,0,2,0,True,False,40,40,200,3000.0,[],False,0,0,0,0,Sitz Paro,Protetor das Estrelas,,[]
3901109,22,0,19071001,0,1,10002,NPC_Name_3901416,NPC_Title_3901416,0,0,1,0,False,0,0,2,0,True,False,0,50,200,3000.0,[],False,0,2,0,0,Guy Shishioh,Bravos Invocados,,[]
3901201,1,0,30680000,999999,1,10010,Object_Name_205111,,0,0,1,117,True,0,0,2,0,True,False,0,50,180,3000.0,[],False,0,2,0,0,Eco Abissal,,,[]
3901202,1,0,30680000,999999,1,10010,Object_Name_205111,,0,0,1,117,True,0,0,2,0,True,False,0,50,180,3000.0,[],False,0,2,0,0,Eco Abissal,,,[]
3901203,1,0,30680000,999999,1,10010,Object_Name_205111,,0,0,1,117,True,0,0,2,0,True,False,0,50,180,3000.0,[],False,0,2,0,0,Eco Abissal,,,[]
3901204,1,0,31480020,0,1,5001,Object_Name_3901204,,0,0,1,117,True,0,0,2,0,True,False,40,100,200,3000.0,[],False,0,2,0,0,Portal de Ruínas Corroídas,,,[]
3901401,22,0,17750004,1,1,10002,NPC_Name_3901103,NPC_Title_3901103,0,0,1,0,False,0,0,2,1,True,False,40,50,200,30000.0,"[7022501,7022502,7022503]",False,0,0,0,0,Sitz Paro,Protetor das Estrelas,,[]
3901402,80,0,17340000,0,1,10002,NPC_Name_3901402,NPC_Title_3901402,0,0,1,0,False,0,0,2,0,True,False,40,50,200,3000.0,[],False,0,0,0,0,Arca,AI de Gestão de Planeta Arcano,,[]
3901403,80,0,17750004,1,1,10002,NPC_Name_3901103,NPC_Title_3901103,0,0,1,0,False,0,0,2,1,True,False,40,50,200,30000.0,"[7022501,7022502,7022503]",False,0,0,0,0,Sitz Paro,Protetor das Estrelas,,[]
3901404,22,0,19070000,0,1,10002,NPC_Name_3901101,NPC_Title_3901101,0,0,1,0,False,0,0,2,0,True,False,0,50,200,3000.0,[],False,0,2,0,0,Ikumi Kaidoh,Viajante do Tempo,,[]
3901405,22,0,19069000,0,1,10002,NPC_Name_3901102,NPC_Title_3901102,0,0,1,0,False,0,0,2,0,True,False,0,50,200,3000.0,[],False,0,2,0,0,Mamoru Amami,Viajante do Tempo,,[]
3901406,80,0,17340000,0,1,10002,NPC_Name_3901402,NPC_Title_3901402,0,0,1,0,False,0,0,2,0,True,False,40,50,200,3000.0,[],False,0,0,0,0,Arca,AI de Gestão de Planeta Arcano,,[]
3901407,22,0,17750004,1,1,10002,NPC_Name_3901103,NPC_Title_3901103,0,0,1,0,False,0,0,2,1,True,False,40,50,200,30000.0,"[7022501,7022502,7022503]",False,0,0,0,0,Sitz Paro,Protetor das Estrelas,,[]
3901408,22,0,19070000,0,1,10002,NPC_Name_3901101,NPC_Title_3901101,0,0,1,0,False,0,0,2,0,True,False,0,50,200,3000.0,[],False,0,2,0,0,Ikumi Kaidoh,Viajante do Tempo,,[]
3901409,22,0,19069000,0,1,10002,NPC_Name_3901102,NPC_Title_3901102,0,0,1,0,False,0,0,2,0,True,False,0,50,200,3000.0,[],False,0,2,0,0,Mamoru Amami,Viajante do Tempo,,[]
3901410,22,0,17750004,1,1,10002,NPC_Name_3901103,NPC_Title_3901103,0,0,1,0,False,0,0,2,1,True,False,40,50,200,30000.0,"[7022501,7022502,7022503]",False,0,0,0,0,Sitz Paro,Protetor das Estrelas,,[]
3901411,22,0,16576012,1,1,10002,NPC_Name_3901411,NPC_Title_3901411,0,0,1,0,True,0,0,2,1,True,False,50,200,200,30000.0,"[3501001,3501002,3501003]",True,0,0,0,0,Palus Palpalapa,,,[]
3901412,22,0,16576010,1,1,10002,NPC_Name_3901411,NPC_Title_3901411,0,0,1,0,True,0,0,2,1,True,False,50,200,200,30000.0,"[3501001,3501002,3501003]",True,0,0,0,0,Palus Palpalapa,,,[]
3901413,80,0,16576011,1,1,10002,NPC_Name_3901411,NPC_Title_3901411,0,0,1,0,True,0,0,2,1,True,False,50,200,200,30000.0,"[3501001,3501002,3501003]",True,0,0,0,0,Palus Palpalapa,,,[]
3901414,22,0,17750004,1,1,10002,NPC_Name_3901103,NPC_Title_3901103,0,0,1,0,False,0,0,2,1,True,False,40,50,200,30000.0,"[7022501,7022502,7022503]",False,0,0,0,0,Sitz Paro,Protetor das Estrelas,,[]
3901415,22,0,14160000,9048,9048,10002,NPC_Name_3901415,NPC_Title_3901415,0,0,1,0,False,0,0,2,1,True,True,180,180,540,30000.0,"[3517001,3517002]",True,0,0,0,0,GaoGaiGar,O Rei dos Bravos,,[]
3901416,22,0,19071000,0,1,10002,NPC_Name_3901416,NPC_Title_3901416,0,0,1,0,False,0,0,2,0,True,False,0,50,200,3000.0,[],False,0,2,0,0,Guy Shishioh,Bravos Invocados,,[]
3901417,22,0,17340000,0,1,10002,NPC_Name_3901402,NPC_Title_3901402,0,0,1,0,False,0,0,2,0,True,False,40,50,200,3000.0,[],False,0,0,0,0,Arca,AI de Gestão de Planeta Arcano,,[]
3901418,22,0,17750004,1,1,10002,NPC_Name_3901103,NPC_Title_3901103,0,0,1,0,False,0,0,2,0,True,False,40,50,200,3000.0,"[7022501,7022502,7022503]",False,0,0,0,0,Sitz Paro,Protetor das Estrelas,,[]
3901419,22,0,19070000,0,1,10002,NPC_Name_3901101,NPC_Title_3901101,0,0,1,0,False,0,0,2,0,True,False,0,50,200,3000.0,[],False,0,2,0,0,Ikumi Kaidoh,Viajante do Tempo,,[]
3901420,22,0,19069000,0,1,10002,NPC_Name_3901102,NPC_Title_3901102,0,0,1,0,False,0,0,2,0,True,False,0,50,200,3000.0,[],False,0,2,0,0,Mamoru Amami,Viajante do Tempo,,[]
3901421,22,0,14160000,9048,9048,206801,NPC_Name_3901415,NPC_Title_3901415,0,0,1,117,True,0,0,2,1,True,False,180,180,540,30000.0,"[3517001,3517002]",False,0,0,0,0,GaoGaiGar,O Rei dos Bravos,,[]
3901422,22,0,19071000,0,1,10002,NPC_Name_3901416,NPC_Title_3901416,0,0,1,0,False,0,0,2,0,True,False,0,50,200,3000.0,[],False,0,2,0,0,Guy Shishioh,Bravos Invocados,,[]
3901423,22,0,17750004,1,1,10002,NPC_Name_3901103,NPC_Title_3901103,0,0,1,0,False,0,0,2,1,True,False,40,50,200,30000.0,"[7022501,7022502,7022503]",False,0,0,0,0,Sitz Paro,Protetor das Estrelas,,[]
3901424,22,0,14060009,9022,1,10002,NPC_Name_3901424,NPC_Title_3901424,0,0,1,0,False,0,0,2,1,True,False,180,180,540,30000.0,"[3507001,3507002,3507003,3507004,3507005]",False,0,0,0,0,Stinger,MAU do Sitz Paro,,[]
3901425,22,0,17340000,0,1,10002,NPC_Name_3901402,NPC_Title_3901402,0,0,1,0,False,0,0,2,0,True,False,40,50,200,3000.0,[],False,0,0,0,0,Arca,AI de Gestão de Planeta Arcano,,[]
3901426,22,0,17750004,1,1,10002,NPC_Name_3901103,NPC_Title_3901103,0,0,1,0,False,0,0,2,1,True,False,40,50,200,30000.0,"[7022501,7022502,7022503]",False,0,0,0,0,Sitz Paro,Protetor das Estrelas,,[]
3901427,22,0,19070000,0,1,10002,NPC_Name_3901101,NPC_Title_3901101,0,0,1,0,False,0,0,2,0,True,False,0,50,200,3000.0,[],False,0,2,0,0,Ikumi Kaidoh,Viajante do Tempo,,[]
3901428,22,0,19069000,0,1,10002,NPC_Name_3901102,NPC_Title_3901102,0,0,1,0,False,0,0,2,0,True,False,0,50,200,3000.0,[],False,0,2,0,0,Mamoru Amami,Viajante do Tempo,,[]
3901429,22,0,19071000,0,1,10002,NPC_Name_3901416,NPC_Title_3901416,0,0,1,0,False,0,0,2,0,True,False,0,50,200,3000.0,[],False,0,2,0,0,Guy Shishioh,Bravos Invocados,,[]
3901430,22,0,30080000,1,1,10002,NPC_Name_3901430,,0,0,1,0,False,0,0,2,0,False,False,40,100,200,3000.0,[],False,0,1,0,0,,,,[]
3901431,22,0,30080000,1,1,10002,NPC_Name_3901430,,0,0,1,0,False,0,0,2,0,False,False,40,100,200,3000.0,[],False,0,1,0,0,,,,[]
3901432,22,0,19070002,0,1,10002,NPC_Name_3901101,NPC_Title_3901101,0,0,1,0,False,0,0,2,0,True,False,0,50,200,3000.0,[],False,0,2,0,0,Ikumi Kaidoh,Viajante do Tempo,,[]
3901433,22,0,19069002,0,1,10002,NPC_Name_3901102,NPC_Title_3901102,0,0,1,0,False,0,0,2,0,True,False,0,50,200,3000.0,[],False,0,2,0,0,Mamoru Amami,Viajante do Tempo,,[]
3901434,22,0,16576013,1,1,10002,NPC_Name_3901411,NPC_Title_3901411,0,0,1,0,True,0,0,2,1,True,True,50,200,200,30000.0,"[3501001,3501002,3501003]",True,0,1,0,0,Palus Palpalapa,,,[]
3901435,22,0,14060009,9022,1,10002,NPC_Name_3901424,NPC_Title_3901424,0,0,1,0,False,0,0,2,1,True,True,180,180,540,30000.0,"[3507001,3507002,3507003,3507004,3507005]",False,0,0,0,0,Stinger,MAU do Sitz Paro,,[]
3901436,22,0,30650010,9022,1,10002,NPC_Name_3901424,NPC_Title_3901424,0,0,1,0,False,0,0,2,1,True,True,180,180,540,30000.0,"[3507001,3507002,3507003,3507004,3507005]",False,0,0,0,0,Stinger,MAU do Sitz Paro,,[]
3901437,22,0,14160000,9048,9048,206801,NPC_Name_3901437,NPC_Title_3901415,0,0,1,117,True,0,0,2,1,True,False,180,180,540,30000.0,"[3517001,3517002]",False,0,0,0,0,Genesic GaoGaiGar,O Rei dos Bravos,,[]
3901501,1,0,30680000,999999,1,10010,Object_Name_205111,,0,0,1,117,True,0,0,2,0,True,False,0,50,180,3000.0,[],True,0,2,0,0,Eco Abissal,,,[]
3901502,80,0,30680000,999999,1,10010,Object_Name_205111,,0,0,1,117,True,0,0,2,0,True,False,0,50,180,3000.0,[],True,0,2,0,0,Eco Abissal,,,[]
3901503,1,0,30680000,999999,1,10010,Object_Name_205111,,0,0,1,117,True,0,0,2,0,True,False,0,50,180,3000.0,[],True,0,2,0,0,Eco Abissal,,,[]
3901504,1,0,30680000,999999,1,10010,Object_Name_205111,,0,0,1,117,True,0,0,2,0,True,False,0,50,180,3000.0,[],True,0,2,0,0,Eco Abissal,,,[]
3901505,1,0,30680000,999999,1,10010,Object_Name_205111,,0,0,1,117,True,0,0,2,0,True,False,0,50,180,3000.0,[],True,0,2,0,0,Eco Abissal,,,[]
3901506,1,0,31700000,0,1,10002,Object_Name_3901506,,0,0,1,0,False,0,0,2,0,True,False,40,50,200,3000.0,[],False,0,1,0,0,Objeto Voador Não Identificado,,,[]
3901507,1,0,30970000,999999,1,2505,Object_Name_3901507,,0,0,1,117,True,0,0,2,0,True,False,0,60,180,3000.0,[],False,0,2,0,0,Sinal Misterioso,,,[]
3901601,80,0,10620010,1,11,0,Monster_Name_3901601,,0,901001,2,0,False,0,0,2,1,True,True,40,200,200,30000.0,"[7007906,7007907]",False,0,0,0,0,Canibal Dorian Frenético,,,[]
3901602,80,0,10590010,1,11,0,Monster_Name_3901602,,0,901001,2,0,False,0,0,2,1,True,True,40,80,200,30000.0,[7006004],False,0,0,0,0,Larva Dorian Frenética,,,[]
3901603,80,0,10530010,1,11,0,Monster_Name_3901603,Monster_Title_901002,0,901002,2,0,False,0,0,2,1,True,True,40,50,200,30000.0,"[7003604,7003605]",False,0,0,0,0,Saqueador Predo Erodindo,Zonder Infectado,,[]
3901604,80,0,10531010,1,11,0,Monster_Name_3901604,Monster_Title_901002,0,901002,2,0,False,0,0,2,1,True,True,40,50,200,30000.0,[7003504],False,0,0,0,0,Atirador Predo Erosivo,Zonder Infectado,,[]
3901605,80,0,16140005,3901605,12,0,Monster_Name_3901605,,0,0,2,103,False,0,2,2,1,True,True,40,180,200,3000.0,[7100711],True,0,0,0,0,Lagarto Mecha Erosivo,,,[]
3901606,80,0,16150010,1,11,0,Monster_Name_3920101,Monster_Title_901004,0,901004,2,0,False,0,0,2,1,True,True,40,250,200,3000.0,[7005005],False,0,0,0,0,Erodido Temizl,Zonder Infectado,,[]
3901607,80,0,10600010,1,11,0,Monster_Name_3920102,Monster_Title_901004,0,901004,2,0,False,0,0,2,1,True,True,40,80,200,3000.0,"[7006905,7006906]",False,0,0,0,0,Estilhaçador Erodido,Zonder Infectado,,[]
3901608,80,0,16575000,3901608,12,0,Monster_Name_3901608,,0,0,2,103,False,0,2,2,1,True,True,1200,1300,1400,5000.0,[7108201],True,0,0,0,0,EI-01,,,[]
3901609,80,0,10200010,1,11,0,Monster_Name_3901609,Monster_Title_901006,0,0,2,0,False,0,0,2,1,True,True,50,120,200,3000.0,[7000803],False,0,0,0,0,Torrão Erosivo,Zonder Infectado,,[]
3901610,80,0,16576000,908,13,0,Monster_Name_3901610,,0,0,2,103,False,0,2,2,1,True,True,180,180,540,30000.0,[7108100],True,0,0,0,0,Palus Palpalapa,,,[]
3901611,80,0,10600010,1,11,0,Monster_Name_3920102,Monster_Title_901008,0,901008,2,0,False,0,0,2,1,True,True,40,80,200,3000.0,"[7006905,7006906]",False,0,0,0,0,Estilhaçador Erodido,Zonder Infectado,,[]
3901612,80,0,10280010,1,11,0,Monster_Name_3920103,Monster_Title_901008,0,901008,2,0,False,0,0,2,1,True,True,40,50,200,3000.0,"[7008504,7008505]",False,0,0,0,0,Gafftail Erodido,Zonder Infectado,,[]
3901613,80,0,16575000,3901608,13,0,Monster_Name_3901613,,0,0,2,103,False,0,2,2,1,True,True,1200,1300,1400,5000.0,[7108201],True,0,0,0,0,Palus EI-01,,,[]
3901614,98,0,16576001,909,13,0,Monster_Name_3901610,,0,0,2,103,False,0,2,2,1,True,True,180,180,540,30000.0,[7108100],True,0,0,0,0,Palus Palpalapa,,,[]
3910101,40,1300081,10710100,347,1,0,Monster_Name_3910101,,0,0,2,0,False,0,0,2,0,True,True,30,40,160,3000.0,[7016201],False,0,0,0,0,Caçador de Presentes,,,[477]
3910102,40,1300082,10711100,348,1,0,Monster_Name_3910102,,0,0,2,0,False,0,0,2,0,True,True,30,40,160,3000.0,[7017201],False,0,0,0,0,Caçador Delinquente,,,[477]
3910103,40,1300083,10573050,1,1,0,Monster_Name_3910103,,0,0,2,0,False,0,0,2,0,True,True,40,50,200,3000.0,[7007303],False,0,0,0,0,Arremessador de Bola de Neve,,,[477]
3910104,40,1300084,10571050,1,1,0,Monster_Name_3910104,,0,0,2,0,False,0,0,2,0,True,True,40,50,200,3000.0,[7007101],False,0,0,0,0,Ladrão de Doces,,,[477]
3910105,40,1300085,10400050,1,1,0,Monster_Name_3910105,,0,0,2,0,False,0,0,2,0,True,True,40,80,200,3000.0,"[7009303,7009304]",False,0,0,0,0,Árvore Excessivamente Próspera,,,[477]
3910106,40,1300086,10824002,1,1,0,Monster_Name_3910106,,0,0,2,0,False,0,0,2,0,True,True,30,80,200,3000.0,"[7014301,7014302]",False,0,0,0,0,Caixa de Presente Fugitiva,,,[477]
3910107,40,1300087,10130050,1,1,0,Monster_Name_3910107,,0,0,2,0,False,0,0,2,0,True,True,40,80,200,3000.0,[7008801],False,0,0,0,0,Renas em Greve,,,[477]
3910108,40,1300088,10380001,1,1,0,Monster_Name_3910108,,0,0,2,0,False,0,0,2,0,True,True,40,60,200,3000.0,[7009101],False,0,0,0,0,Decoração de Árvore Brilhante,,,[477]
3910109,40,1300089,11010000,1,1,0,Monster_Name_3910109,,0,0,2,0,False,0,0,2,0,True,True,40,120,200,3000.0,[7021201],False,0,0,0,0,Boneco de Neve de Terror de Três Camadas,,,[477]
3910110,40,1300090,10380000,1,1,0,Monster_Name_3910110,,0,0,2,0,False,0,0,2,0,True,True,40,60,200,3000.0,[7009101],False,0,0,0,0,Decoração de Árvore Furiosa,,,[477]
3910111,40,1300091,10220003,1,1,0,Monster_Name_3910111,,0,0,2,0,False,0,0,2,0,True,True,30,50,200,3000.0,[7001901],False,0,0,0,0,Espectador Flem,,,[477]
3910112,40,1300092,10380002,1,1,0,Monster_Name_3910112,,0,0,2,0,False,0,0,2,0,True,True,40,100,200,3000.0,[7009101],False,0,0,0,0,Decoração de Árvore Furiosa,,,[477]
3910113,40,1300093,11000000,1,1,0,Monster_Name_3910113,,0,0,2,0,False,0,0,2,0,True,True,40,120,200,3000.0,[7021301],False,0,0,0,0,Boneco de Neve de Dois Níveis Furioso,,,[477]
3910114,40,1300094,10390000,1,1,0,Monster_Name_3910114,,0,0,2,0,False,0,0,2,0,True,True,40,100,200,3000.0,[7009101],False,0,0,0,0,Decoração de Árvore Ardente,,,[477]
3910115,40,1300095,10320000,1,1,0,Monster_Name_3910115,,0,0,2,0,False,0,0,2,0,True,True,40,60,200,3000.0,"[7009001,7009002,7009003]",False,0,0,0,0,Vítima Chuti,,,[477]
3910116,40,1300096,10130051,1,1,0,Monster_Name_3910116,,0,0,2,0,False,0,0,2,0,True,True,40,80,200,3000.0,[7008801],False,0,0,0,0,Rena Fugitiva,,,[477]
3910131,88,0,17090000,0,1,0,,,0,0,1,0,False,0,0,2,0,True,False,30,40,200,3000.0,[],False,0,0,0,0,,,,[]
3910132,88,0,17090001,0,1,0,,,0,0,1,0,False,0,0,2,0,True,False,30,40,200,3000.0,[],False,0,0,0,0,,,,[]
3910133,88,0,17090000,0,1,0,,,0,0,1,0,False,0,0,2,0,True,False,30,40,200,3000.0,[],False,0,0,0,0,,,,[]
3910134,88,0,17090001,0,1,0,,,0,0,1,0,False,0,0,2,0,True,False,30,40,200,3000.0,[],False,0,0,0,0,,,,[]
3910135,88,0,10750101,0,1,0,,,0,0,1,0,False,0,0,2,0,True,False,30,40,200,3000.0,[],False,0,0,0,0,,,,[]
3910136,88,0,18660010,0,1,0,,,0,0,1,0,False,0,0,2,0,True,False,40,50,200,3000.0,[],False,0,0,0,0,,,,[]
3910137,88,0,19054000,0,1,0,,,0,0,1,0,False,0,0,2,0,True,False,40,50,200,3000.0,[],False,0,0,0,0,,,,[]
3910138,88,0,17000010,0,1,0,NPC_Name_3910138,NPC_Title_3910138,0,0,1,0,False,0,0,2,0,True,False,40,40,180,3000.0,[],False,0,0,0,0,Inez Allen,Operador,,[]
3910201,45,1300097,10710100,347,1,0,Monster_Name_3910101,,0,0,2,0,False,0,0,2,0,True,True,30,40,160,3000.0,[7016201],False,0,0,0,0,Caçador de Presentes,,,[1077]
3910202,45,1300098,10711100,348,1,0,Monster_Name_3910102,,0,0,2,0,False,0,0,2,0,True,True,30,40,160,3000.0,[7017201],False,0,0,0,0,Caçador Delinquente,,,[1077]
3910203,45,1300099,10573050,1,1,0,Monster_Name_3910103,,0,0,2,0,False,0,0,2,0,True,True,40,50,200,3000.0,[7007303],False,0,0,0,0,Arremessador de Bola de Neve,,,[1077]
3910204,45,1300100,10571050,1,1,0,Monster_Name_3910104,,0,0,2,0,False,0,0,2,0,True,True,40,50,200,3000.0,[7007101],False,0,0,0,0,Ladrão de Doces,,,[1077]
3910205,45,1300101,10400050,1,1,0,Monster_Name_3910105,,0,0,2,0,False,0,0,2,0,True,True,40,80,200,3000.0,"[7009303,7009304]",False,0,0,0,0,Árvore Excessivamente Próspera,,,[1077]
3910206,45,1300102,10824002,1,1,0,Monster_Name_3910106,,0,0,2,0,False,0,0,2,0,True,True,30,80,200,3000.0,"[7014301,7014302]",False,0,0,0,0,Caixa de Presente Fugitiva,,,[1077]
3910207,45,1300103,10130050,1,1,0,Monster_Name_3910107,,0,0,2,0,False,0,0,2,0,True,True,40,80,200,3000.0,[7008801],False,0,0,0,0,Renas em Greve,,,[1077]
3910208,45,1300104,10380001,1,1,0,Monster_Name_3910108,,0,0,2,0,False,0,0,2,0,True,True,40,60,200,3000.0,[7009101],False,0,0,0,0,Decoração de Árvore Brilhante,,,[1077]
3910209,45,1300105,11010000,1,1,0,Monster_Name_3910109,,0,0,2,0,False,0,0,2,0,True,True,40,120,200,3000.0,[7021201],False,0,0,0,0,Boneco de Neve de Terror de Três Camadas,,,[1077]
3910210,45,1300106,10380000,1,1,0,Monster_Name_3910110,,0,0,2,0,False,0,0,2,0,True,True,40,60,200,3000.0,[7009101],False,0,0,0,0,Decoração de Árvore Furiosa,,,[1077]
3910211,45,1300107,10220003,1,1,0,Monster_Name_3910111,,0,0,2,0,False,0,0,2,0,True,True,30,50,200,3000.0,[7001901],False,0,0,0,0,Espectador Flem,,,[1077]
3910212,45,1300108,10380002,1,1,0,Monster_Name_3910112,,0,0,2,0,False,0,0,2,0,True,True,40,100,200,3000.0,[7009101],False,0,0,0,0,Decoração de Árvore Furiosa,,,[1077]
3910213,45,1300109,11000000,1,1,0,Monster_Name_3910113,,0,0,2,0,False,0,0,2,0,True,True,40,120,200,3000.0,[7021301],False,0,0,0,0,Boneco de Neve de Dois Níveis Furioso,,,[1077]
3910214,45,1300110,10390000,1,1,0,Monster_Name_3910114,,0,0,2,0,False,0,0,2,0,True,True,40,100,200,3000.0,[7009101],False,0,0,0,0,Decoração de Árvore Ardente,,,[1077]
3910215,45,1300111,10320000,1,1,0,Monster_Name_3910115,,0,0,2,0,False,0,0,2,0,True,True,40,60,200,3000.0,"[7009001,7009002,7009003]",False,0,0,0,0,Vítima Chuti,,,[1077]
3910216,45,1300112,10130051,1,1,0,Monster_Name_3910116,,0,0,2,0,False,0,0,2,0,True,True,40,80,200,3000.0,[7008801],False,0,0,0,0,Rena Fugitiva,,,[1077]
3910301,50,1300113,10710100,347,1,0,Monster_Name_3910101,,0,0,2,0,False,0,0,2,0,True,True,30,40,160,3000.0,[7016201],False,0,0,0,0,Caçador de Presentes,,,[2337]
3910302,50,1300114,10711100,348,1,0,Monster_Name_3910102,,0,0,2,0,False,0,0,2,0,True,True,30,40,160,3000.0,[7017201],False,0,0,0,0,Caçador Delinquente,,,[2337]
3910303,50,1300115,10573050,1,1,0,Monster_Name_3910103,,0,0,2,0,False,0,0,2,0,True,True,40,50,200,3000.0,[7007303],False,0,0,0,0,Arremessador de Bola de Neve,,,[2337]
3910304,50,1300116,10571050,1,1,0,Monster_Name_3910104,,0,0,2,0,False,0,0,2,0,True,True,40,50,200,3000.0,[7007101],False,0,0,0,0,Ladrão de Doces,,,[2337]
3910305,50,1300117,10400050,1,1,0,Monster_Name_3910105,,0,0,2,0,False,0,0,2,0,True,True,40,80,200,3000.0,"[7009303,7009304]",False,0,0,0,0,Árvore Excessivamente Próspera,,,[2337]
3910306,50,1300118,10824002,1,1,0,Monster_Name_3910106,,0,0,2,0,False,0,0,2,0,True,True,30,80,200,3000.0,"[7014301,7014302]",False,0,0,0,0,Caixa de Presente Fugitiva,,,[2337]
3910307,50,1300119,10130050,1,1,0,Monster_Name_3910107,,0,0,2,0,False,0,0,2,0,True,True,40,80,200,3000.0,[7008801],False,0,0,0,0,Renas em Greve,,,[2337]
3910308,50,1300120,10380001,1,1,0,Monster_Name_3910108,,0,0,2,0,False,0,0,2,0,True,True,40,60,200,3000.0,[7009101],False,0,0,0,0,Decoração de Árvore Brilhante,,,[2337]
3910309,50,1300121,11010000,1,1,0,Monster_Name_3910109,,0,0,2,0,False,0,0,2,0,True,True,40,120,200,3000.0,[7021201],False,0,0,0,0,Boneco de Neve de Terror de Três Camadas,,,[2337]
3910310,50,1300122,10380000,1,1,0,Monster_Name_3910110,,0,0,2,0,False,0,0,2,0,True,True,40,60,200,3000.0,[7009101],False,0,0,0,0,Decoração de Árvore Furiosa,,,[2337]
3910311,50,1300123,10220003,1,1,0,Monster_Name_3910111,,0,0,2,0,False,0,0,2,0,True,True,30,50,200,3000.0,[7001901],False,0,0,0,0,Espectador Flem,,,[2337]
3910312,50,1300124,10380002,1,1,0,Monster_Name_3910112,,0,0,2,0,False,0,0,2,0,True,True,40,100,200,3000.0,[7009101],False,0,0,0,0,Decoração de Árvore Furiosa,,,[2337]
3910313,50,1300125,11000000,1,1,0,Monster_Name_3910113,,0,0,2,0,False,0,0,2,0,True,True,40,120,200,3000.0,[7021301],False,0,0,0,0,Boneco de Neve de Dois Níveis Furioso,,,[2337]
3910314,50,1300126,10390000,1,1,0,Monster_Name_3910114,,0,0,2,0,False,0,0,2,0,True,True,40,100,200,3000.0,[7009101],False,0,0,0,0,Decoração de Árvore Ardente,,,[2337]
3910315,50,1300127,10320000,1,1,0,Monster_Name_3910115,,0,0,2,0,False,0,0,2,0,True,True,40,60,200,3000.0,"[7009001,7009002,7009003]",False,0,0,0,0,Vítima Chuti,,,[2337]
3910316,50,1300128,10130051,1,1,0,Monster_Name_3910116,,0,0,2,0,False,0,0,2,0,True,True,40,80,200,3000.0,[7008801],False,0,0,0,0,Rena Fugitiva,,,[2337]
3910401,55,1300129,10710100,347,1,0,Monster_Name_3910101,,0,0,2,0,False,0,0,2,0,True,True,30,40,160,3000.0,[7016201],False,0,0,0,0,Caçador de Presentes,,,[3807]
3910402,55,1300130,10711100,348,1,0,Monster_Name_3910102,,0,0,2,0,False,0,0,2,0,True,True,30,40,160,3000.0,[7017201],False,0,0,0,0,Caçador Delinquente,,,[3807]
3910403,55,1300131,10573050,1,1,0,Monster_Name_3910103,,0,0,2,0,False,0,0,2,0,True,True,40,50,200,3000.0,[7007303],False,0,0,0,0,Arremessador de Bola de Neve,,,[3807]
3910404,55,1300132,10571050,1,1,0,Monster_Name_3910104,,0,0,2,0,False,0,0,2,0,True,True,40,50,200,3000.0,[7007101],False,0,0,0,0,Ladrão de Doces,,,[3807]
3910405,55,1300133,10400050,1,1,0,Monster_Name_3910105,,0,0,2,0,False,0,0,2,0,True,True,40,80,200,3000.0,"[7009303,7009304]",False,0,0,0,0,Árvore Excessivamente Próspera,,,[3807]
3910406,55,1300134,10824002,1,1,0,Monster_Name_3910106,,0,0,2,0,False,0,0,2,0,True,True,30,80,200,3000.0,"[7014301,7014302]",False,0,0,0,0,Caixa de Presente Fugitiva,,,[3807]
3910407,55,1300135,10130050,1,1,0,Monster_Name_3910107,,0,0,2,0,False,0,0,2,0,True,True,40,80,200,3000.0,[7008801],False,0,0,0,0,Renas em Greve,,,[3807]
3910408,55,1300136,10380001,1,1,0,Monster_Name_3910108,,0,0,2,0,False,0,0,2,0,True,True,40,60,200,3000.0,[7009101],False,0,0,0,0,Decoração de Árvore Brilhante,,,[3807]
3910409,55,1300137,11010000,1,1,0,Monster_Name_3910109,,0,0,2,0,False,0,0,2,0,True,True,40,120,200,3000.0,[7021201],False,0,0,0,0,Boneco de Neve de Terror de Três Camadas,,,[3807]
3910410,55,1300138,10380000,1,1,0,Monster_Name_3910110,,0,0,2,0,False,0,0,2,0,True,True,40,60,200,3000.0,[7009101],False,0,0,0,0,Decoração de Árvore Furiosa,,,[3807]
3910411,55,1300139,10220003,1,1,0,Monster_Name_3910111,,0,0,2,0,False,0,0,2,0,True,True,30,50,200,3000.0,[7001901],False,0,0,0,0,Espectador Flem,,,[3807]
3910412,55,1300140,10380002,1,1,0,Monster_Name_3910112,,0,0,2,0,False,0,0,2,0,True,True,40,100,200,3000.0,[7009101],False,0,0,0,0,Decoração de Árvore Furiosa,,,[3807]
3910413,55,1300141,11000000,1,1,0,Monster_Name_3910113,,0,0,2,0,False,0,0,2,0,True,True,40,120,200,3000.0,[7021301],False,0,0,0,0,Boneco de Neve de Dois Níveis Furioso,,,[3807]
3910414,55,1300142,10390000,1,1,0,Monster_Name_3910114,,0,0,2,0,False,0,0,2,0,True,True,40,100,200,3000.0,[7009101],False,0,0,0,0,Decoração de Árvore Ardente,,,[3807]
3910415,55,1300143,10320000,1,1,0,Monster_Name_3910115,,0,0,2,0,False,0,0,2,0,True,True,40,60,200,3000.0,"[7009001,7009002,7009003]",False,0,0,0,0,Vítima Chuti,,,[3807]
3910416,55,1300144,10130051,1,1,0,Monster_Name_3910116,,0,0,2,0,False,0,0,2,0,True,True,40,80,200,3000.0,[7008801],False,0,0,0,0,Rena Fugitiva,,,[3807]
3910501,60,1300145,10710100,347,1,0,Monster_Name_3910101,,0,0,2,0,False,0,0,2,0,True,True,30,40,160,3000.0,[7016201],False,0,0,0,0,Caçador de Presentes,,,[5307]
3910502,60,1300146,10711100,348,1,0,Monster_Name_3910102,,0,0,2,0,False,0,0,2,0,True,True,30,40,160,3000.0,[7017201],False,0,0,0,0,Caçador Delinquente,,,[5307]
3910503,60,1300147,10573050,1,1,0,Monster_Name_3910103,,0,0,2,0,False,0,0,2,0,True,True,40,50,200,3000.0,[7007303],False,0,0,0,0,Arremessador de Bola de Neve,,,[5307]
3910504,60,1300148,10571050,1,1,0,Monster_Name_3910104,,0,0,2,0,False,0,0,2,0,True,True,40,50,200,3000.0,[7007101],False,0,0,0,0,Ladrão de Doces,,,[5307]
3910505,60,1300149,10400050,1,1,0,Monster_Name_3910105,,0,0,2,0,False,0,0,2,0,True,True,40,80,200,3000.0,"[7009303,7009304]",False,0,0,0,0,Árvore Excessivamente Próspera,,,[5307]
3910506,60,1300150,10824002,1,1,0,Monster_Name_3910106,,0,0,2,0,False,0,0,2,0,True,True,30,80,200,3000.0,"[7014301,7014302]",False,0,0,0,0,Caixa de Presente Fugitiva,,,[5307]
3910507,60,1300151,10130050,1,1,0,Monster_Name_3910107,,0,0,2,0,False,0,0,2,0,True,True,40,80,200,3000.0,[7008801],False,0,0,0,0,Renas em Greve,,,[5307]
3910508,60,1300152,10380001,1,1,0,Monster_Name_3910108,,0,0,2,0,False,0,0,2,0,True,True,40,60,200,3000.0,[7009101],False,0,0,0,0,Decoração de Árvore Brilhante,,,[5307]
3910509,60,1300153,11010000,1,1,0,Monster_Name_3910109,,0,0,2,0,False,0,0,2,0,True,True,40,120,200,3000.0,[7021201],False,0,0,0,0,Boneco de Neve de Terror de Três Camadas,,,[5307]
3910510,60,1300154,10380000,1,1,0,Monster_Name_3910110,,0,0,2,0,False,0,0,2,0,True,True,40,60,200,3000.0,[7009101],False,0,0,0,0,Decoração de Árvore Furiosa,,,[5307]
3910511,60,1300155,10220003,1,1,0,Monster_Name_3910111,,0,0,2,0,False,0,0,2,0,True,True,30,50,200,3000.0,[7001901],False,0,0,0,0,Espectador Flem,,,[5307]
3910512,60,1300156,10380002,1,1,0,Monster_Name_3910112,,0,0,2,0,False,0,0,2,0,True,True,40,100,200,3000.0,[7009101],False,0,0,0,0,Decoração de Árvore Furiosa,,,[5307]
3910513,60,1300157,11000000,1,1,0,Monster_Name_3910113,,0,0,2,0,False,0,0,2,0,True,True,40,120,200,3000.0,[7021301],False,0,0,0,0,Boneco de Neve de Dois Níveis Furioso,,,[5307]
3910514,60,1300158,10390000,1,1,0,Monster_Name_3910114,,0,0,2,0,False,0,0,2,0,True,True,40,100,200,3000.0,[7009101],False,0,0,0,0,Decoração de Árvore Ardente,,,[5307]
3910515,60,1300159,10320000,1,1,0,Monster_Name_3910115,,0,0,2,0,False,0,0,2,0,True,True,40,60,200,3000.0,"[7009001,7009002,7009003]",False,0,0,0,0,Vítima Chuti,,,[5307]
3910516,60,1300160,10130051,1,1,0,Monster_Name_3910116,,0,0,2,0,False,0,0,2,0,True,True,40,80,200,3000.0,[7008801],False,0,0,0,0,Rena Fugitiva,,,[5307]
3910601,65,1300161,10710100,347,1,0,Monster_Name_3910101,,0,0,2,0,False,0,0,2,0,True,True,30,40,160,3000.0,[7016201],False,0,0,0,0,Caçador de Presentes,,,[10107]
3910602,65,1300162,10711100,348,1,0,Monster_Name_3910102,,0,0,2,0,False,0,0,2,0,True,True,30,40,160,3000.0,[7017201],False,0,0,0,0,Caçador Delinquente,,,[10107]
3910603,65,1300163,10573050,1,1,0,Monster_Name_3910103,,0,0,2,0,False,0,0,2,0,True,True,40,50,200,3000.0,[7007303],False,0,0,0,0,Arremessador de Bola de Neve,,,[10107]
3910604,65,1300164,10571050,1,1,0,Monster_Name_3910104,,0,0,2,0,False,0,0,2,0,True,True,40,50,200,3000.0,[7007101],False,0,0,0,0,Ladrão de Doces,,,[10107]
3910605,65,1300165,10400050,1,1,0,Monster_Name_3910105,,0,0,2,0,False,0,0,2,0,True,True,40,80,200,3000.0,"[7009303,7009304]",False,0,0,0,0,Árvore Excessivamente Próspera,,,[10107]
3910606,65,1300166,10824002,1,1,0,Monster_Name_3910106,,0,0,2,0,False,0,0,2,0,True,True,30,80,200,3000.0,"[7014301,7014302]",False,0,0,0,0,Caixa de Presente Fugitiva,,,[10107]
3910607,65,1300167,10130050,1,1,0,Monster_Name_3910107,,0,0,2,0,False,0,0,2,0,True,True,40,80,200,3000.0,[7008801],False,0,0,0,0,Renas em Greve,,,[10107]
3910608,65,1300168,10380001,1,1,0,Monster_Name_3910108,,0,0,2,0,False,0,0,2,0,True,True,40,60,200,3000.0,[7009101],False,0,0,0,0,Decoração de Árvore Brilhante,,,[10107]
3910609,65,1300169,11010000,1,1,0,Monster_Name_3910109,,0,0,2,0,False,0,0,2,0,True,True,40,120,200,3000.0,[7021201],False,0,0,0,0,Boneco de Neve de Terror de Três Camadas,,,[10107]
3910610,65,1300170,10380000,1,1,0,Monster_Name_3910110,,0,0,2,0,False,0,0,2,0,True,True,40,60,200,3000.0,[7009101],False,0,0,0,0,Decoração de Árvore Furiosa,,,[10107]
3910611,65,1300171,10220003,1,1,0,Monster_Name_3910111,,0,0,2,0,False,0,0,2,0,True,True,30,50,200,3000.0,[7001901],False,0,0,0,0,Espectador Flem,,,[10107]
3910612,65,1300172,10380002,1,1,0,Monster_Name_3910112,,0,0,2,0,False,0,0,2,0,True,True,40,100,200,3000.0,[7009101],False,0,0,0,0,Decoração de Árvore Furiosa,,,[10107]
3910613,65,1300173,11000000,1,1,0,Monster_Name_3910113,,0,0,2,0,False,0,0,2,0,True,True,40,120,200,3000.0,[7021301],False,0,0,0,0,Boneco de Neve de Dois Níveis Furioso,,,[10107]
3910614,65,1300174,10390000,1,1,0,Monster_Name_3910114,,0,0,2,0,False,0,0,2,0,True,True,40,100,200,3000.0,[7009101],False,0,0,0,0,Decoração de Árvore Ardente,,,[10107]
3910615,65,1300175,10320000,1,1,0,Monster_Name_3910115,,0,0,2,0,False,0,0,2,0,True,True,40,60,200,3000.0,"[7009001,7009002,7009003]",False,0,0,0,0,Vítima Chuti,,,[10107]
3910616,65,1300176,10130051,1,1,0,Monster_Name_3910116,,0,0,2,0,False,0,0,2,0,True,True,40,80,200,3000.0,[7008801],False,0,0,0,0,Rena Fugitiva,,,[10107]
3910701,70,1300177,10710100,347,1,0,Monster_Name_3910101,,0,0,2,0,False,0,0,2,0,True,True,30,40,160,3000.0,[7016201],False,0,0,0,0,Caçador de Presentes,,,[19707]
3910702,70,1300178,10711100,348,1,0,Monster_Name_3910102,,0,0,2,0,False,0,0,2,0,True,True,30,40,160,3000.0,[7017201],False,0,0,0,0,Caçador Delinquente,,,[19707]
3910703,70,1300179,10573050,1,1,0,Monster_Name_3910103,,0,0,2,0,False,0,0,2,0,True,True,40,50,200,3000.0,[7007303],False,0,0,0,0,Arremessador de Bola de Neve,,,[19707]
3910704,70,1300180,10571050,1,1,0,Monster_Name_3910104,,0,0,2,0,False,0,0,2,0,True,True,40,50,200,3000.0,[7007101],False,0,0,0,0,Ladrão de Doces,,,[19707]
3910705,70,1300181,10400050,1,1,0,Monster_Name_3910105,,0,0,2,0,False,0,0,2,0,True,True,40,80,200,3000.0,"[7009303,7009304]",False,0,0,0,0,Árvore Excessivamente Próspera,,,[19707]
3910706,70,1300182,10824002,1,1,0,Monster_Name_3910106,,0,0,2,0,False,0,0,2,0,True,True,30,80,200,3000.0,"[7014301,7014302]",False,0,0,0,0,Caixa de Presente Fugitiva,,,[19707]
3910707,70,1300183,10130050,1,1,0,Monster_Name_3910107,,0,0,2,0,False,0,0,2,0,True,True,40,80,200,3000.0,[7008801],False,0,0,0,0,Renas em Greve,,,[19707]
3910708,70,1300184,10380001,1,1,0,Monster_Name_3910108,,0,0,2,0,False,0,0,2,0,True,True,40,60,200,3000.0,[7009101],False,0,0,0,0,Decoração de Árvore Brilhante,,,[19707]
3910709,70,1300185,11010000,1,1,0,Monster_Name_3910109,,0,0,2,0,False,0,0,2,0,True,True,40,120,200,3000.0,[7021201],False,0,0,0,0,Boneco de Neve de Terror de Três Camadas,,,[19707]
3910710,70,1300186,10380000,1,1,0,Monster_Name_3910110,,0,0,2,0,False,0,0,2,0,True,True,40,60,200,3000.0,[7009101],False,0,0,0,0,Decoração de Árvore Furiosa,,,[19707]
3910711,70,1300187,10220003,1,1,0,Monster_Name_3910111,,0,0,2,0,False,0,0,2,0,True,True,30,50,200,3000.0,[7001901],False,0,0,0,0,Espectador Flem,,,[19707]
3910712,70,1300188,10380002,1,1,0,Monster_Name_3910112,,0,0,2,0,False,0,0,2,0,True,True,40,100,200,3000.0,[7009101],False,0,0,0,0,Decoração de Árvore Furiosa,,,[19707]
3910713,70,1300189,11000000,1,1,0,Monster_Name_3910113,,0,0,2,0,False,0,0,2,0,True,True,40,120,200,3000.0,[7021301],False,0,0,0,0,Boneco de Neve de Dois Níveis Furioso,,,[19707]
3910714,70,1300190,10390000,1,1,0,Monster_Name_3910114,,0,0,2,0,False,0,0,2,0,True,True,40,100,200,3000.0,[7009101],False,0,0,0,0,Decoração de Árvore Ardente,,,[19707]
3910715,70,1300191,10320000,1,1,0,Monster_Name_3910115,,0,0,2,0,False,0,0,2,0,True,True,40,60,200,3000.0,"[7009001,7009002,7009003]",False,0,0,0,0,Vítima Chuti,,,[19707]
3910716,70,1300192,10130051,1,1,0,Monster_Name_3910116,,0,0,2,0,False,0,0,2,0,True,True,40,80,200,3000.0,[7008801],False,0,0,0,0,Rena Fugitiva,,,[19707]
3910801,75,1300193,10710100,347,1,0,Monster_Name_3910101,,0,0,2,0,False,0,0,2,0,True,True,30,40,160,3000.0,[7016201],False,0,0,0,0,Caçador de Presentes,,,[32607]
3910802,75,1300194,10711100,348,1,0,Monster_Name_3910102,,0,0,2,0,False,0,0,2,0,True,True,30,40,160,3000.0,[7017201],False,0,0,0,0,Caçador Delinquente,,,[32607]
3910803,75,1300195,10573050,1,1,0,Monster_Name_3910103,,0,0,2,0,False,0,0,2,0,True,True,40,50,200,3000.0,[7007303],False,0,0,0,0,Arremessador de Bola de Neve,,,[32607]
3910804,75,1300196,10571050,1,1,0,Monster_Name_3910104,,0,0,2,0,False,0,0,2,0,True,True,40,50,200,3000.0,[7007101],False,0,0,0,0,Ladrão de Doces,,,[32607]
3910805,75,1300197,10400050,1,1,0,Monster_Name_3910105,,0,0,2,0,False,0,0,2,0,True,True,40,80,200,3000.0,"[7009303,7009304]",False,0,0,0,0,Árvore Excessivamente Próspera,,,[32607]
3910806,75,1300198,10824002,1,1,0,Monster_Name_3910106,,0,0,2,0,False,0,0,2,0,True,True,30,80,200,3000.0,"[7014301,7014302]",False,0,0,0,0,Caixa de Presente Fugitiva,,,[32607]
3910807,75,1300199,10130050,1,1,0,Monster_Name_3910107,,0,0,2,0,False,0,0,2,0,True,True,40,80,200,3000.0,[7008801],False,0,0,0,0,Renas em Greve,,,[32607]
3910808,75,1300200,10380001,1,1,0,Monster_Name_3910108,,0,0,2,0,False,0,0,2,0,True,True,40,60,200,3000.0,[7009101],False,0,0,0,0,Decoração de Árvore Brilhante,,,[32607]
3910809,75,1300201,11010000,1,1,0,Monster_Name_3910109,,0,0,2,0,False,0,0,2,0,True,True,40,120,200,3000.0,[7021201],False,0,0,0,0,Boneco de Neve de Terror de Três Camadas,,,[32607]
3910810,75,1300202,10380000,1,1,0,Monster_Name_3910110,,0,0,2,0,False,0,0,2,0,True,True,40,60,200,3000.0,[7009101],False,0,0,0,0,Decoração de Árvore Furiosa,,,[32607]
3910811,75,1300203,10220003,1,1,0,Monster_Name_3910111,,0,0,2,0,False,0,0,2,0,True,True,30,50,200,3000.0,[7001901],False,0,0,0,0,Espectador Flem,,,[32607]
3910812,75,1300204,10380002,1,1,0,Monster_Name_3910112,,0,0,2,0,False,0,0,2,0,True,True,40,100,200,3000.0,[7009101],False,0,0,0,0,Decoração de Árvore Furiosa,,,[32607]
3910813,75,1300205,11000000,1,1,0,Monster_Name_3910113,,0,0,2,0,False,0,0,2,0,True,True,40,120,200,3000.0,[7021301],False,0,0,0,0,Boneco de Neve de Dois Níveis Furioso,,,[32607]
3910814,75,1300206,10390000,1,1,0,Monster_Name_3910114,,0,0,2,0,False,0,0,2,0,True,True,40,100,200,3000.0,[7009101],False,0,0,0,0,Decoração de Árvore Ardente,,,[32607]
3910815,75,1300207,10320000,1,1,0,Monster_Name_3910115,,0,0,2,0,False,0,0,2,0,True,True,40,60,200,3000.0,"[7009001,7009002,7009003]",False,0,0,0,0,Vítima Chuti,,,[32607]
3910816,75,1300208,10130051,1,1,0,Monster_Name_3910116,,0,0,2,0,False,0,0,2,0,True,True,40,80,200,3000.0,[7008801],False,0,0,0,0,Rena Fugitiva,,,[32607]
3910901,80,1300209,10710100,347,1,0,Monster_Name_3910101,,0,0,2,0,False,0,0,2,0,True,True,30,40,160,3000.0,[7016201],False,0,0,0,0,Caçador de Presentes,,,[52407]
3910902,80,1300210,10711100,348,1,0,Monster_Name_3910102,,0,0,2,0,False,0,0,2,0,True,True,30,40,160,3000.0,[7017201],False,0,0,0,0,Caçador Delinquente,,,[52407]
3910903,80,1300211,10573050,1,1,0,Monster_Name_3910103,,0,0,2,0,False,0,0,2,0,True,True,40,50,200,3000.0,[7007303],False,0,0,0,0,Arremessador de Bola de Neve,,,[52407]
3910904,80,1300212,10571050,1,1,0,Monster_Name_3910104,,0,0,2,0,False,0,0,2,0,True,True,40,50,200,3000.0,[7007101],False,0,0,0,0,Ladrão de Doces,,,[52407]
3910905,80,1300213,10400050,1,1,0,Monster_Name_3910105,,0,0,2,0,False,0,0,2,0,True,True,40,80,200,3000.0,"[7009303,7009304]",False,0,0,0,0,Árvore Excessivamente Próspera,,,[52407]
3910906,80,1300214,10824002,1,1,0,Monster_Name_3910106,,0,0,2,0,False,0,0,2,0,True,True,30,80,200,3000.0,"[7014301,7014302]",False,0,0,0,0,Caixa de Presente Fugitiva,,,[52407]
3910907,80,1300215,10130050,1,1,0,Monster_Name_3910107,,0,0,2,0,False,0,0,2,0,True,True,40,80,200,3000.0,[7008801],False,0,0,0,0,Renas em Greve,,,[52407]
3910908,80,1300216,10380001,1,1,0,Monster_Name_3910108,,0,0,2,0,False,0,0,2,0,True,True,40,60,200,3000.0,[7009101],False,0,0,0,0,Decoração de Árvore Brilhante,,,[52407]
3910909,80,1300217,11010000,1,1,0,Monster_Name_3910109,,0,0,2,0,False,0,0,2,0,True,True,40,120,200,3000.0,[7021201],False,0,0,0,0,Boneco de Neve de Terror de Três Camadas,,,[52407]
3910910,80,1300218,10380000,1,1,0,Monster_Name_3910110,,0,0,2,0,False,0,0,2,0,True,True,40,60,200,3000.0,[7009101],False,0,0,0,0,Decoração de Árvore Furiosa,,,[52407]
3910911,80,1300219,10220003,1,1,0,Monster_Name_3910111,,0,0,2,0,False,0,0,2,0,True,True,30,50,200,3000.0,[7001901],False,0,0,0,0,Espectador Flem,,,[52407]
3910912,80,1300220,10380002,1,1,0,Monster_Name_3910112,,0,0,2,0,False,0,0,2,0,True,True,40,100,200,3000.0,[7009101],False,0,0,0,0,Decoração de Árvore Furiosa,,,[52407]
3910913,80,1300221,11000000,1,1,0,Monster_Name_3910113,,0,0,2,0,False,0,0,2,0,True,True,40,120,200,3000.0,[7021301],False,0,0,0,0,Boneco de Neve de Dois Níveis Furioso,,,[52407]
3910914,80,1300222,10390000,1,1,0,Monster_Name_3910114,,0,0,2,0,False,0,0,2,0,True,True,40,100,200,3000.0,[7009101],False,0,0,0,0,Decoração de Árvore Ardente,,,[52407]
3910915,80,1300223,10320000,1,1,0,Monster_Name_3910115,,0,0,2,0,False,0,0,2,0,True,True,40,60,200,3000.0,"[7009001,7009002,7009003]",False,0,0,0,0,Vítima Chuti,,,[52407]
3910916,80,1300224,10130051,1,1,0,Monster_Name_3910116,,0,0,2,0,False,0,0,2,0,True,True,40,80,200,3000.0,[7008801],False,0,0,0,0,Rena Fugitiva,,,[52407]
3911001,85,1300225,10710100,347,1,0,Monster_Name_3910101,,0,0,2,0,False,0,0,2,0,True,True,30,40,160,3000.0,[7016201],False,0,0,0,0,Caçador de Presentes,,,[75657]
3911002,85,1300226,10711100,348,1,0,Monster_Name_3910102,,0,0,2,0,False,0,0,2,0,True,True,30,40,160,3000.0,[7017201],False,0,0,0,0,Caçador Delinquente,,,[75657]
3911003,85,1300227,10573050,1,1,0,Monster_Name_3910103,,0,0,2,0,False,0,0,2,0,True,True,40,50,200,3000.0,[7007303],False,0,0,0,0,Arremessador de Bola de Neve,,,[75657]
3911004,85,1300228,10571050,1,1,0,Monster_Name_3910104,,0,0,2,0,False,0,0,2,0,True,True,40,50,200,3000.0,[7007101],False,0,0,0,0,Ladrão de Doces,,,[75657]
3911005,85,1300229,10400050,1,1,0,Monster_Name_3910105,,0,0,2,0,False,0,0,2,0,True,True,40,80,200,3000.0,"[7009303,7009304]",False,0,0,0,0,Árvore Excessivamente Próspera,,,[75657]
3911006,85,1300230,10824002,1,1,0,Monster_Name_3910106,,0,0,2,0,False,0,0,2,0,True,True,30,80,200,3000.0,"[7014301,7014302]",False,0,0,0,0,Caixa de Presente Fugitiva,,,[75657]
3911007,85,1300231,10130050,1,1,0,Monster_Name_3910107,,0,0,2,0,False,0,0,2,0,True,True,40,80,200,3000.0,[7008801],False,0,0,0,0,Renas em Greve,,,[75657]
3911008,85,1300232,10380001,1,1,0,Monster_Name_3910108,,0,0,2,0,False,0,0,2,0,True,True,40,60,200,3000.0,[7009101],False,0,0,0,0,Decoração de Árvore Brilhante,,,[75657]
3911009,85,1300233,11010000,1,1,0,Monster_Name_3910109,,0,0,2,0,False,0,0,2,0,True,True,40,120,200,3000.0,[7021201],False,0,0,0,0,Boneco de Neve de Terror de Três Camadas,,,[75657]
3911010,85,1300234,10380000,1,1,0,Monster_Name_3910110,,0,0,2,0,False,0,0,2,0,True,True,40,60,200,3000.0,[7009101],False,0,0,0,0,Decoração de Árvore Furiosa,,,[75657]
3911011,85,1300235,10220003,1,1,0,Monster_Name_3910111,,0,0,2,0,False,0,0,2,0,True,True,30,50,200,3000.0,[7001901],False,0,0,0,0,Espectador Flem,,,[75657]
3911012,85,1300236,10380002,1,1,0,Monster_Name_3910112,,0,0,2,0,False,0,0,2,0,True,True,40,100,200,3000.0,[7009101],False,0,0,0,0,Decoração de Árvore Furiosa,,,[75657]
3911013,85,1300237,11000000,1,1,0,Monster_Name_3910113,,0,0,2,0,False,0,0,2,0,True,True,40,120,200,3000.0,[7021301],False,0,0,0,0,Boneco de Neve de Dois Níveis Furioso,,,[75657]
3911014,85,1300238,10390000,1,1,0,Monster_Name_3910114,,0,0,2,0,False,0,0,2,0,True,True,40,100,200,3000.0,[7009101],False,0,0,0,0,Decoração de Árvore Ardente,,,[75657]
3911015,85,1300239,10320000,1,1,0,Monster_Name_3910115,,0,0,2,0,False,0,0,2,0,True,True,40,60,200,3000.0,"[7009001,7009002,7009003]",False,0,0,0,0,Vítima Chuti,,,[75657]
3911016,85,1300240,10130051,1,1,0,Monster_Name_3910116,,0,0,2,0,False,0,0,2,0,True,True,40,80,200,3000.0,[7008801],False,0,0,0,0,Rena Fugitiva,,,[75657]
3911101,90,1300241,10710100,347,1,0,Monster_Name_3910101,,0,0,2,0,False,0,0,2,0,True,True,30,40,160,3000.0,[7016201],False,0,0,0,0,Caçador de Presentes,,,[102657]
3911102,90,1300242,10711100,348,1,0,Monster_Name_3910102,,0,0,2,0,False,0,0,2,0,True,True,30,40,160,3000.0,[7017201],False,0,0,0,0,Caçador Delinquente,,,[102657]
3911103,90,1300243,10573050,1,1,0,Monster_Name_3910103,,0,0,2,0,False,0,0,2,0,True,True,40,50,200,3000.0,[7007303],False,0,0,0,0,Arremessador de Bola de Neve,,,[102657]
3911104,90,1300244,10571050,1,1,0,Monster_Name_3910104,,0,0,2,0,False,0,0,2,0,True,True,40,50,200,3000.0,[7007101],False,0,0,0,0,Ladrão de Doces,,,[102657]
3911105,90,1300245,10400050,1,1,0,Monster_Name_3910105,,0,0,2,0,False,0,0,2,0,True,True,40,80,200,3000.0,"[7009303,7009304]",False,0,0,0,0,Árvore Excessivamente Próspera,,,[102657]
3911106,90,1300246,10824002,1,1,0,Monster_Name_3910106,,0,0,2,0,False,0,0,2,0,True,True,30,80,200,3000.0,"[7014301,7014302]",False,0,0,0,0,Caixa de Presente Fugitiva,,,[102657]
3911107,90,1300247,10130050,1,1,0,Monster_Name_3910107,,0,0,2,0,False,0,0,2,0,True,True,40,80,200,3000.0,[7008801],False,0,0,0,0,Renas em Greve,,,[102657]
3911108,90,1300248,10380001,1,1,0,Monster_Name_3910108,,0,0,2,0,False,0,0,2,0,True,True,40,60,200,3000.0,[7009101],False,0,0,0,0,Decoração de Árvore Brilhante,,,[102657]
3911109,90,1300249,11010000,1,1,0,Monster_Name_3910109,,0,0,2,0,False,0,0,2,0,True,True,40,120,200,3000.0,[7021201],False,0,0,0,0,Boneco de Neve de Terror de Três Camadas,,,[102657]
3911110,90,1300250,10380000,1,1,0,Monster_Name_3910110,,0,0,2,0,False,0,0,2,0,True,True,40,60,200,3000.0,[7009101],False,0,0,0,0,Decoração de Árvore Furiosa,,,[102657]
3911111,90,1300251,10220003,1,1,0,Monster_Name_3910111,,0,0,2,0,False,0,0,2,0,True,True,30,50,200,3000.0,[7001901],False,0,0,0,0,Espectador Flem,,,[102657]
3911112,90,1300252,10380002,1,1,0,Monster_Name_3910112,,0,0,2,0,False,0,0,2,0,True,True,40,100,200,3000.0,[7009101],False,0,0,0,0,Decoração de Árvore Furiosa,,,[102657]
3911113,90,1300253,11000000,1,1,0,Monster_Name_3910113,,0,0,2,0,False,0,0,2,0,True,True,40,120,200,3000.0,[7021301],False,0,0,0,0,Boneco de Neve de Dois Níveis Furioso,,,[102657]
3911114,90,1300254,10390000,1,1,0,Monster_Name_3910114,,0,0,2,0,False,0,0,2,0,True,True,40,100,200,3000.0,[7009101],False,0,0,0,0,Decoração de Árvore Ardente,,,[102657]
3911115,90,1300255,10320000,1,1,0,Monster_Name_3910115,,0,0,2,0,False,0,0,2,0,True,True,40,60,200,3000.0,"[7009001,7009002,7009003]",False,0,0,0,0,Vítima Chuti,,,[102657]
3911116,90,1300256,10130051,1,1,0,Monster_Name_3910116,,0,0,2,0,False,0,0,2,0,True,True,40,80,200,3000.0,[7008801],False,0,0,0,0,Rena Fugitiva,,,[102657]
3920101,35,1300329,16150010,1,1,0,Monster_Name_3920101,Monster_Title_3920101,0,0,2,0,False,0,0,2,0,True,True,40,250,200,3000.0,[7005001],False,0,0,0,0,Erodido Temizl,Infectado Zonder,,[941]
3920102,35,1300330,10600010,1,1,0,Monster_Name_3920102,Monster_Title_3920102,0,0,2,0,False,0,0,2,0,True,True,40,80,200,3000.0,"[7006901,7006902]",False,0,0,0,0,Estilhaçador Erodido,Infectado Zonder,,[941]
3920103,35,1300331,10280010,1,1,0,Monster_Name_3920103,Monster_Title_3920103,0,0,2,0,False,0,0,2,0,True,True,40,60,200,3000.0,"[7008501,7008502]",False,0,0,0,0,Gafftail Erodido,Infectado Zonder,,[941]
3920104,35,1300332,10360001,1,1,0,Monster_Name_3920104,Monster_Title_3920104,0,0,2,0,False,0,0,2,0,True,True,40,100,200,3000.0,[7004201],False,0,0,0,0,Larva Óptica Erodida,Zonder Infectado,,[941]
3920201,45,1300333,16150010,1,1,0,Monster_Name_3920101,Monster_Title_3920101,0,0,2,0,False,0,0,2,0,True,True,40,250,200,3000.0,[7005001],False,0,0,0,0,Erodido Temizl,Infectado Zonder,,[4361]
3920202,45,1300334,10600010,1,1,0,Monster_Name_3920102,Monster_Title_3920102,0,0,2,0,False,0,0,2,0,True,True,40,80,200,3000.0,"[7006901,7006902]",False,0,0,0,0,Estilhaçador Erodido,Infectado Zonder,,[4361]
3920203,45,1300335,10280010,1,1,0,Monster_Name_3920103,Monster_Title_3920103,0,0,2,0,False,0,0,2,0,True,True,40,60,200,3000.0,"[7008501,7008502]",False,0,0,0,0,Gafftail Erodido,Infectado Zonder,,[4361]
3920204,45,1300336,10360001,1,1,0,Monster_Name_3920104,Monster_Title_3920104,0,0,2,0,False,0,0,2,0,True,True,40,100,200,3000.0,[7004201],False,0,0,0,0,Larva Óptica Erodida,Zonder Infectado,,[4361]
3920301,55,1300337,16150010,1,1,0,Monster_Name_3920101,Monster_Title_3920101,0,0,2,0,False,0,0,2,0,True,True,40,250,200,3000.0,[7005001],False,0,0,0,0,Erodido Temizl,Infectado Zonder,,[10411]
3920302,55,1300338,10600010,1,1,0,Monster_Name_3920102,Monster_Title_3920102,0,0,2,0,False,0,0,2,0,True,True,40,80,200,3000.0,"[7006901,7006902]",False,0,0,0,0,Estilhaçador Erodido,Infectado Zonder,,[10411]
3920303,55,1300339,10280010,1,1,0,Monster_Name_3920103,Monster_Title_3920103,0,0,2,0,False,0,0,2,0,True,True,40,60,200,3000.0,"[7008501,7008502]",False,0,0,0,0,Gafftail Erodido,Infectado Zonder,,[10411]
3920304,55,1300340,10360001,1,1,0,Monster_Name_3920104,Monster_Title_3920104,0,0,2,0,False,0,0,2,0,True,True,40,100,200,3000.0,[7004201],False,0,0,0,0,Larva Óptica Erodida,Zonder Infectado,,[10411]
3920401,65,1300341,16150010,1,1,0,Monster_Name_3920101,Monster_Title_3920101,0,0,2,0,False,0,0,2,0,True,True,40,250,200,3000.0,[7005001],False,0,0,0,0,Erodido Temizl,Infectado Zonder,,[41152]
3920402,65,1300342,10600010,1,1,0,Monster_Name_3920102,Monster_Title_3920102,0,0,2,0,False,0,0,2,0,True,True,40,80,200,3000.0,"[7006901,7006902]",False,0,0,0,0,Estilhaçador Erodido,Infectado Zonder,,[41152]
3920403,65,1300343,10280010,1,1,0,Monster_Name_3920103,Monster_Title_3920103,0,0,2,0,False,0,0,2,0,True,True,40,60,200,3000.0,"[7008501,7008502]",False,0,0,0,0,Gafftail Erodido,Infectado Zonder,,[41152]
3920404,65,1300344,10360001,1,1,0,Monster_Name_3920104,Monster_Title_3920104,0,0,2,0,False,0,0,2,0,True,True,40,100,200,3000.0,[7004201],False,0,0,0,0,Larva Óptica Erodida,Zonder Infectado,,[41152]
3920501,75,1300345,16150010,1,1,0,Monster_Name_3920101,Monster_Title_3920101,0,0,2,0,False,0,0,2,0,True,True,40,250,200,3000.0,[7005001],False,0,0,0,0,Erodido Temizl,Infectado Zonder,,[110263]
3920502,75,1300346,10600010,1,1,0,Monster_Name_3920102,Monster_Title_3920102,0,0,2,0,False,0,0,2,0,True,True,40,80,200,3000.0,"[7006901,7006902]",False,0,0,0,0,Estilhaçador Erodido,Infectado Zonder,,[110263]
3920503,75,1300347,10280010,1,1,0,Monster_Name_3920103,Monster_Title_3920103,0,0,2,0,False,0,0,2,0,True,True,40,60,200,3000.0,"[7008501,7008502]",False,0,0,0,0,Gafftail Erodido,Infectado Zonder,,[110263]
3920504,75,1300348,10360001,1,1,0,Monster_Name_3920104,Monster_Title_3920104,0,0,2,0,False,0,0,2,0,True,True,40,100,200,3000.0,[7004201],False,0,0,0,0,Larva Óptica Erodida,Zonder Infectado,,[110263]
3920601,85,1300349,16150010,1,1,0,Monster_Name_3920101,Monster_Title_3920101,0,0,2,0,False,0,0,2,0,True,True,40,250,200,3000.0,[7005001],False,0,0,0,0,Erodido Temizl,Infectado Zonder,,[228963]
3920602,85,1300350,10600010,1,1,0,Monster_Name_3920102,Monster_Title_3920102,0,0,2,0,False,0,0,2,0,True,True,40,80,200,3000.0,"[7006901,7006902]",False,0,0,0,0,Estilhaçador Erodido,Infectado Zonder,,[228963]
3920603,85,1300351,10280010,1,1,0,Monster_Name_3920103,Monster_Title_3920103,0,0,2,0,False,0,0,2,0,True,True,40,60,200,3000.0,"[7008501,7008502]",False,0,0,0,0,Gafftail Erodido,Infectado Zonder,,[228963]
3920604,85,1300352,10360001,1,1,0,Monster_Name_3920104,Monster_Title_3920104,0,0,2,0,False,0,0,2,0,True,True,40,100,200,3000.0,[7004201],False,0,0,0,0,Larva Óptica Erodida,Zonder Infectado,,[228963]
3920701,90,1300353,16150010,1,1,0,Monster_Name_3920101,Monster_Title_3920101,0,0,2,0,False,0,0,2,0,True,True,40,250,200,3000.0,[7005001],False,0,0,0,0,Erodido Temizl,Infectado Zonder,,[319614]
3920702,90,1300354,10600010,1,1,0,Monster_Name_3920102,Monster_Title_3920102,0,0,2,0,False,0,0,2,0,True,True,40,80,200,3000.0,"[7006901,7006902]",False,0,0,0,0,Estilhaçador Erodido,Infectado Zonder,,[319614]
3920703,90,1300355,10280010,1,1,0,Monster_Name_3920103,Monster_Title_3920103,0,0,2,0,False,0,0,2,0,True,True,40,60,200,3000.0,"[7008501,7008502]",False,0,0,0,0,Gafftail Erodido,Infectado Zonder,,[319614]
3920704,90,1300356,10360001,1,1,0,Monster_Name_3920104,Monster_Title_3920104,0,0,2,0,False,0,0,2,0,True,True,40,100,200,3000.0,[7004201],False,0,0,0,0,Larva Óptica Erodida,Zonder Infectado,,[319614]
3930101,35,1300359,10580000,1,1,0,Monster_Name_3930101,Monster_Title_930101,0,0,2,0,False,0,0,2,0,True,True,40,50,200,3000.0,"[7007401,7007402]",False,0,0,0,0,Caçador de Tesouros,Esquecedor de Maiô,,[627]
3930102,35,1300360,10581000,1,1,0,Monster_Name_3930102,Monster_Title_930101,0,0,2,0,False,0,0,2,0,True,True,40,50,200,3000.0,"[7009601,7009602]",False,0,0,0,0,Fora da Lei do Litoral,Esquecedor de Maiô,,[627]
3930103,35,1300361,10585000,1,1,0,Monster_Name_3930103,Monster_Title_930101,0,0,2,0,False,0,0,2,0,True,True,40,50,200,3000.0,"[7011101,7011102]",False,0,0,0,0,Sucateador de Navios,Esquecedor de Maiô,,[627]
3930104,35,1300362,11020001,1,1,0,Monster_Name_3930104,,0,0,2,0,False,0,0,2,0,True,True,40,120,200,3000.0,[7021401],False,0,0,0,0,Novs de Água-viva,,,[627]
3930105,35,1300363,10300004,1,1,0,Monster_Name_3930105,,0,0,2,0,False,0,0,2,0,True,True,40,80,200,3000.0,"[7004301,7004302]",False,0,0,0,0,Pinça Verde,,,[627]
3930106,35,1300364,10290002,1,1,0,Monster_Name_3930106,,0,0,2,0,False,0,0,2,0,True,True,40,80,200,3000.0,"[7004101,7004102]",False,0,0,0,0,Lagarto das Profundezas do Mar,,,[627]
3930107,35,1300365,10810002,1,1,0,Monster_Name_3930107,,0,0,2,0,False,0,0,2,0,True,True,40,60,200,3000.0,"[7012401,7012402]",False,0,0,0,0,Parasol Bork,,,[627]
3930108,35,1300366,10501000,1,1,0,Monster_Name_3930108,,0,0,2,0,False,0,0,2,0,True,True,40,50,200,3000.0,[7009401],False,0,0,0,0,Octolator,,,[627]
3930109,35,1300367,10843003,1,1,0,Monster_Name_3930109,,0,0,2,0,False,0,0,2,0,True,True,50,80,80,5000.0,[7018201],False,0,0,0,0,Mula Armada Waterplay,,,[627]
3930111,88,0,19078000,0,1,10002,,,0,0,1,0,False,0,0,2,0,True,False,0,50,200,3000.0,[],False,0,0,0,0,,,,[]
3930112,88,0,19079000,0,1,10002,,,0,0,1,0,False,0,0,2,0,True,False,0,50,200,3000.0,[],False,0,0,0,0,,,,[]
3930113,88,0,19080000,0,1,10002,,,0,0,1,0,False,0,0,2,0,True,False,0,50,200,3000.0,[],False,0,0,0,0,,,,[]
3930114,88,0,19081000,0,1,10002,,,0,0,1,0,False,0,0,2,0,True,False,0,50,200,3000.0,[],False,0,0,0,0,,,,[]
3930201,45,1300368,10580000,1,1,0,Monster_Name_3930101,Monster_Title_930101,0,0,2,0,False,0,0,2,0,True,True,40,50,200,3000.0,"[7007401,7007402]",False,0,0,0,0,Caçador de Tesouros,Esquecedor de Maiô,,[2907]
3930202,45,1300369,10581000,1,1,0,Monster_Name_3930102,Monster_Title_930101,0,0,2,0,False,0,0,2,0,True,True,40,50,200,3000.0,"[7009601,7009602]",False,0,0,0,0,Fora da Lei do Litoral,Esquecedor de Maiô,,[2907]
3930203,45,1300370,10585000,1,1,0,Monster_Name_3930103,Monster_Title_930101,0,0,2,0,False,0,0,2,0,True,True,40,50,200,3000.0,"[7011101,7011102]",False,0,0,0,0,Sucateador de Navios,Esquecedor de Maiô,,[2907]
3930204,45,1300371,11020001,1,1,0,Monster_Name_3930104,,0,0,2,0,False,0,0,2,0,True,True,40,120,200,3000.0,[7021401],False,0,0,0,0,Novs de Água-viva,,,[2907]
3930205,45,1300372,10300004,1,1,0,Monster_Name_3930105,,0,0,2,0,False,0,0,2,0,True,True,40,80,200,3000.0,"[7004301,7004302]",False,0,0,0,0,Pinça Verde,,,[2907]
3930206,45,1300373,10290002,1,1,0,Monster_Name_3930106,,0,0,2,0,False,0,0,2,0,True,True,40,80,200,3000.0,"[7004101,7004102]",False,0,0,0,0,Lagarto das Profundezas do Mar,,,[2907]
3930207,45,1300374,10810002,1,1,0,Monster_Name_3930107,,0,0,2,0,False,0,0,2,0,True,True,40,60,200,3000.0,"[7012401,7012402]",False,0,0,0,0,Parasol Bork,,,[2907]
3930208,45,1300375,10501000,1,1,0,Monster_Name_3930108,,0,0,2,0,False,0,0,2,0,True,True,40,50,200,3000.0,[7009401],False,0,0,0,0,Octolator,,,[2907]
3930209,45,1300376,10843003,1,1,0,Monster_Name_3930109,,0,0,2,0,False,0,0,2,0,True,True,50,80,80,5000.0,[7018201],False,0,0,0,0,Mula Armada Waterplay,,,[2907]
3930301,55,1300377,10580000,1,1,0,Monster_Name_3930101,Monster_Title_930101,0,0,2,0,False,0,0,2,0,True,True,40,50,200,3000.0,"[7007401,7007402]",False,0,0,0,0,Caçador de Tesouros,Esquecedor de Maiô,,[6507]
3930302,55,1300378,10581000,1,1,0,Monster_Name_3930102,Monster_Title_930101,0,0,2,0,False,0,0,2,0,True,True,40,50,200,3000.0,"[7009601,7009602]",False,0,0,0,0,Fora da Lei do Litoral,Esquecedor de Maiô,,[6507]
3930303,55,1300379,10585000,1,1,0,Monster_Name_3930103,Monster_Title_930101,0,0,2,0,False,0,0,2,0,True,True,40,50,200,3000.0,"[7011101,7011102]",False,0,0,0,0,Sucateador de Navios,Esquecedor de Maiô,,[6507]
3930304,55,1300380,11020001,1,1,0,Monster_Name_3930104,,0,0,2,0,False,0,0,2,0,True,True,40,120,200,3000.0,[7021401],False,0,0,0,0,Novs de Água-viva,,,[6507]
3930305,55,1300381,10300004,1,1,0,Monster_Name_3930105,,0,0,2,0,False,0,0,2,0,True,True,40,80,200,3000.0,"[7004301,7004302]",False,0,0,0,0,Pinça Verde,,,[6507]
3930306,55,1300382,10290002,1,1,0,Monster_Name_3930106,,0,0,2,0,False,0,0,2,0,True,True,40,80,200,3000.0,"[7004101,7004102]",False,0,0,0,0,Lagarto das Profundezas do Mar,,,[6507]
3930307,55,1300383,10810002,1,1,0,Monster_Name_3930107,,0,0,2,0,False,0,0,2,0,True,True,40,60,200,3000.0,"[7012401,7012402]",False,0,0,0,0,Parasol Bork,,,[6507]
3930308,55,1300384,10501000,1,1,0,Monster_Name_3930108,,0,0,2,0,False,0,0,2,0,True,True,40,50,200,3000.0,[7009401],False,0,0,0,0,Octolator,,,[6507]
3930309,55,1300385,10843003,1,1,0,Monster_Name_3930109,,0,0,2,0,False,0,0,2,0,True,True,50,80,80,5000.0,[7018201],False,0,0,0,0,Mula Armada Waterplay,,,[6507]
3930401,65,1300386,10580000,1,1,0,Monster_Name_3930101,Monster_Title_930101,0,0,2,0,False,0,0,2,0,True,True,40,50,200,3000.0,"[7007401,7007402]",False,0,0,0,0,Caçador de Tesouros,Esquecedor de Maiô,,[24207]
3930402,65,1300387,10581000,1,1,0,Monster_Name_3930102,Monster_Title_930101,0,0,2,0,False,0,0,2,0,True,True,40,50,200,3000.0,"[7009601,7009602]",False,0,0,0,0,Fora da Lei do Litoral,Esquecedor de Maiô,,[24207]
3930403,65,1300388,10585000,1,1,0,Monster_Name_3930103,Monster_Title_930101,0,0,2,0,False,0,0,2,0,True,True,40,50,200,3000.0,"[7011101,7011102]",False,0,0,0,0,Sucateador de Navios,Esquecedor de Maiô,,[24207]
3930404,65,1300389,11020001,1,1,0,Monster_Name_3930104,,0,0,2,0,False,0,0,2,0,True,True,40,120,200,3000.0,[7021401],False,0,0,0,0,Novs de Água-viva,,,[24207]
3930405,65,1300390,10300004,1,1,0,Monster_Name_3930105,,0,0,2,0,False,0,0,2,0,True,True,40,80,200,3000.0,"[7004301,7004302]",False,0,0,0,0,Pinça Verde,,,[24207]
3930406,65,1300391,10290002,1,1,0,Monster_Name_3930106,,0,0,2,0,False,0,0,2,0,True,True,40,80,200,3000.0,"[7004101,7004102]",False,0,0,0,0,Lagarto das Profundezas do Mar,,,[24207]
3930407,65,1300392,10810002,1,1,0,Monster_Name_3930107,,0,0,2,0,False,0,0,2,0,True,True,40,60,200,3000.0,"[7012401,7012402]",False,0,0,0,0,Parasol Bork,,,[24207]
3930408,65,1300393,10501000,1,1,0,Monster_Name_3930108,,0,0,2,0,False,0,0,2,0,True,True,40,50,200,3000.0,[7009401],False,0,0,0,0,Octolator,,,[24207]
3930409,65,1300394,10843003,1,1,0,Monster_Name_3930109,,0,0,2,0,False,0,0,2,0,True,True,50,80,80,5000.0,[7018201],False,0,0,0,0,Mula Armada Waterplay,,,[24207]
3930501,75,1300395,10580000,1,1,0,Monster_Name_3930101,Monster_Title_930101,0,0,2,0,False,0,0,2,0,True,True,40,50,200,3000.0,"[7007401,7007402]",False,0,0,0,0,Caçador de Tesouros,Esquecedor de Maiô,,[61257]
3930502,75,1300396,10581000,1,1,0,Monster_Name_3930102,Monster_Title_930101,0,0,2,0,False,0,0,2,0,True,True,40,50,200,3000.0,"[7009601,7009602]",False,0,0,0,0,Fora da Lei do Litoral,Esquecedor de Maiô,,[61257]
3930503,75,1300397,10585000,1,1,0,Monster_Name_3930103,Monster_Title_930101,0,0,2,0,False,0,0,2,0,True,True,40,50,200,3000.0,"[7011101,7011102]",False,0,0,0,0,Sucateador de Navios,Esquecedor de Maiô,,[61257]
3930504,75,1300398,11020001,1,1,0,Monster_Name_3930104,,0,0,2,0,False,0,0,2,0,True,True,40,120,200,3000.0,[7021401],False,0,0,0,0,Novs de Água-viva,,,[61257]
3930505,75,1300399,10300004,1,1,0,Monster_Name_3930105,,0,0,2,0,False,0,0,2,0,True,True,40,80,200,3000.0,"[7004301,7004302]",False,0,0,0,0,Pinça Verde,,,[61257]
3930506,75,1300400,10290002,1,1,0,Monster_Name_3930106,,0,0,2,0,False,0,0,2,0,True,True,40,80,200,3000.0,"[7004101,7004102]",False,0,0,0,0,Lagarto das Profundezas do Mar,,,[61257]
3930507,75,1300401,10810002,1,1,0,Monster_Name_3930107,,0,0,2,0,False,0,0,2,0,True,True,40,60,200,3000.0,"[7012401,7012402]",False,0,0,0,0,Parasol Bork,,,[61257]
3930508,75,1300402,10501000,1,1,0,Monster_Name_3930108,,0,0,2,0,False,0,0,2,0,True,True,40,50,200,3000.0,[7009401],False,0,0,0,0,Octolator,,,[61257]
3930509,75,1300403,10843003,1,1,0,Monster_Name_3930109,,0,0,2,0,False,0,0,2,0,True,True,50,80,80,5000.0,[7018201],False,0,0,0,0,Mula Armada Waterplay,,,[61257]
3930601,85,1300404,10580000,1,1,0,Monster_Name_3930101,Monster_Title_930101,0,0,2,0,False,0,0,2,0,True,True,40,50,200,3000.0,"[7007401,7007402]",False,0,0,0,0,Caçador de Tesouros,Esquecedor de Maiô,,[120507]
3930602,85,1300405,10581000,1,1,0,Monster_Name_3930102,Monster_Title_930101,0,0,2,0,False,0,0,2,0,True,True,40,50,200,3000.0,"[7009601,7009602]",False,0,0,0,0,Fora da Lei do Litoral,Esquecedor de Maiô,,[120507]
3930603,85,1300406,10585000,1,1,0,Monster_Name_3930103,Monster_Title_930101,0,0,2,0,False,0,0,2,0,True,True,40,50,200,3000.0,"[7011101,7011102]",False,0,0,0,0,Sucateador de Navios,Esquecedor de Maiô,,[120507]
3930604,85,1300407,11020001,1,1,0,Monster_Name_3930104,,0,0,2,0,False,0,0,2,0,True,True,40,120,200,3000.0,[7021401],False,0,0,0,0,Novs de Água-viva,,,[120507]
3930605,85,1300408,10300004,1,1,0,Monster_Name_3930105,,0,0,2,0,False,0,0,2,0,True,True,40,80,200,3000.0,"[7004301,7004302]",False,0,0,0,0,Pinça Verde,,,[120507]
3930606,85,1300409,10290002,1,1,0,Monster_Name_3930106,,0,0,2,0,False,0,0,2,0,True,True,40,80,200,3000.0,"[7004101,7004102]",False,0,0,0,0,Lagarto das Profundezas do Mar,,,[120507]
3930607,85,1300410,10810002,1,1,0,Monster_Name_3930107,,0,0,2,0,False,0,0,2,0,True,True,40,60,200,3000.0,"[7012401,7012402]",False,0,0,0,0,Parasol Bork,,,[120507]
3930608,85,1300411,10501000,1,1,0,Monster_Name_3930108,,0,0,2,0,False,0,0,2,0,True,True,40,50,200,3000.0,[7009401],False,0,0,0,0,Octolator,,,[120507]
3930609,85,1300412,10843003,1,1,0,Monster_Name_3930109,,0,0,2,0,False,0,0,2,0,True,True,50,80,80,5000.0,[7018201],False,0,0,0,0,Mula Armada Waterplay,,,[120507]
3930701,90,1300413,10580000,1,1,0,Monster_Name_3930101,Monster_Title_930101,0,0,2,0,False,0,0,2,0,True,True,40,50,200,3000.0,"[7007401,7007402]",False,0,0,0,0,Caçador de Tesouros,Esquecedor de Maiô,,[159807]
3930702,90,1300414,10581000,1,1,0,Monster_Name_3930102,Monster_Title_930101,0,0,2,0,False,0,0,2,0,True,True,40,50,200,3000.0,"[7009601,7009602]",False,0,0,0,0,Fora da Lei do Litoral,Esquecedor de Maiô,,[159807]
3930703,90,1300415,10585000,1,1,0,Monster_Name_3930103,Monster_Title_930101,0,0,2,0,False,0,0,2,0,True,True,40,50,200,3000.0,"[7011101,7011102]",False,0,0,0,0,Sucateador de Navios,Esquecedor de Maiô,,[159807]
3930704,90,1300416,11020001,1,1,0,Monster_Name_3930104,,0,0,2,0,False,0,0,2,0,True,True,40,120,200,3000.0,[7021401],False,0,0,0,0,Novs de Água-viva,,,[159807]
3930705,90,1300417,10300004,1,1,0,Monster_Name_3930105,,0,0,2,0,False,0,0,2,0,True,True,40,80,200,3000.0,"[7004301,7004302]",False,0,0,0,0,Pinça Verde,,,[159807]
3930706,90,1300418,10290002,1,1,0,Monster_Name_3930106,,0,0,2,0,False,0,0,2,0,True,True,40,80,200,3000.0,"[7004101,7004102]",False,0,0,0,0,Lagarto das Profundezas do Mar,,,[159807]
3930707,90,1300419,10810002,1,1,0,Monster_Name_3930107,,0,0,2,0,False,0,0,2,0,True,True,40,60,200,3000.0,"[7012401,7012402]",False,0,0,0,0,Parasol Bork,,,[159807]
3930708,90,1300420,10501000,1,1,0,Monster_Name_3930108,,0,0,2,0,False,0,0,2,0,True,True,40,50,200,3000.0,[7009401],False,0,0,0,0,Octolator,,,[159807]
3930709,90,1300421,10843003,1,1,0,Monster_Name_3930109,,0,0,2,0,False,0,0,2,0,True,True,50,80,80,5000.0,[7018201],False,0,0,0,0,Mula Armada Waterplay,,,[159807]
3930801,95,1300422,10580000,1,1,0,Monster_Name_3930101,Monster_Title_930101,0,0,2,0,False,0,0,2,0,True,True,40,50,200,3000.0,"[7007401,7007402]",False,0,0,0,0,Caçador de Tesouros,Esquecedor de Maiô,,[220557]
3930802,95,1300423,10581000,1,1,0,Monster_Name_3930102,Monster_Title_930101,0,0,2,0,False,0,0,2,0,True,True,40,50,200,3000.0,"[7009601,7009602]",False,0,0,0,0,Fora da Lei do Litoral,Esquecedor de Maiô,,[220557]
3930803,95,1300424,10585000,1,1,0,Monster_Name_3930103,Monster_Title_930101,0,0,2,0,False,0,0,2,0,True,True,40,50,200,3000.0,"[7011101,7011102]",False,0,0,0,0,Sucateador de Navios,Esquecedor de Maiô,,[220557]
3930804,95,1300425,11020001,1,1,0,Monster_Name_3930104,,0,0,2,0,False,0,0,2,0,True,True,40,120,200,3000.0,[7021401],False,0,0,0,0,Novs de Água-viva,,,[220557]
3930805,95,1300426,10300004,1,1,0,Monster_Name_3930105,,0,0,2,0,False,0,0,2,0,True,True,40,80,200,3000.0,"[7004301,7004302]",False,0,0,0,0,Pinça Verde,,,[220557]
3930806,95,1300427,10290002,1,1,0,Monster_Name_3930106,,0,0,2,0,False,0,0,2,0,True,True,40,80,200,3000.0,"[7004101,7004102]",False,0,0,0,0,Lagarto das Profundezas do Mar,,,[220557]
3930807,95,1300428,10810002,1,1,0,Monster_Name_3930107,,0,0,2,0,False,0,0,2,0,True,True,40,60,200,3000.0,"[7012401,7012402]",False,0,0,0,0,Parasol Bork,,,[220557]
3930808,95,1300429,10501000,1,1,0,Monster_Name_3930108,,0,0,2,0,False,0,0,2,0,True,True,40,50,200,3000.0,[7009401],False,0,0,0,0,Octolator,,,[220557]
3930809,95,1300430,10843003,1,1,0,Monster_Name_3930109,,0,0,2,0,False,0,0,2,0,True,True,50,80,80,5000.0,[7018201],False,0,0,0,0,Mula Armada Waterplay,,,[220557]
3940101,45,1300257,11050000,1,1,0,Monster_Name_3940101,,0,0,2,0,False,0,0,2,0,True,True,40,90,150,3000.0,"[7021701,7021702,7021703]",False,0,0,0,0,Fantasma de Artilharia Roxa,,,[2907]
3940102,45,1300258,10822000,1,1,0,Monster_Name_3940102,,0,0,2,0,False,0,0,2,0,True,True,40,60,200,3000.0,[7014101],False,0,0,0,0,Fantasma Roxo,,,[2907]
3940103,45,1300259,10823000,1,1,0,Monster_Name_3940103,,0,0,2,0,False,0,0,2,0,True,True,40,40,80,3000.0,"[7016401,7016402]",False,0,0,0,0,Fantasma Armadurado Roxo,,,[2907]
3940104,45,1300260,10240000,1,1,0,Monster_Name_3940104,,0,0,2,0,False,0,0,2,0,True,True,40,50,200,3000.0,[7008901],False,0,0,0,0,Nezad Perfumado com Aroma de Flor de Cerejeira,,,[2907]
3940105,45,1300261,10685000,1,1,0,Monster_Name_3940105,,0,0,2,0,False,0,0,2,0,True,True,40,50,200,3000.0,[7010401],False,0,0,0,0,Sniper Nostálgico Karon,,,[2907]
3940106,45,1300262,10683000,1,1,0,Monster_Name_3940106,,0,0,2,0,False,0,0,2,0,True,True,40,50,200,3000.0,"[7010901,7010902]",False,0,0,0,0,Assassino Nostálgico Karon,,,[2907]
3940107,45,1300263,10684000,1,1,0,Monster_Name_3940107,,0,0,2,0,False,0,0,2,0,True,True,40,50,200,3000.0,"[7010501,7010502]",False,0,0,0,0,Choque Nostálgico de Karon,,,[2907]
3940108,45,1300264,10681000,1,1,0,Monster_Name_3940108,,0,0,2,0,False,0,0,2,0,True,True,40,50,200,3000.0,"[7010701,7010702]",False,0,0,0,0,Executor Nostálgico Karon,,,[2907]
3940109,45,1300265,10682000,1,1,0,Monster_Name_3940109,,0,0,2,0,False,0,0,2,0,True,True,40,50,200,3000.0,[7011001],False,0,0,0,0,Tático Nostálgico Karon,,,[2907]
3940110,45,1300266,10400000,1,1,0,Monster_Name_3940110,,0,0,2,0,False,0,0,2,0,True,True,40,80,200,3000.0,"[7009301,7009302]",False,0,0,0,0,Muda Arruinada,,,[2907]
3940111,45,1300267,10140000,1,1,0,Monster_Name_3940111,,0,0,2,0,False,0,0,2,0,True,True,40,80,200,3000.0,"[7005501,7005502]",False,0,0,0,0,Meevlan com Aroma de Flor de Cerejeira,,,[2907]
3940112,45,1300268,10848001,1,1,0,Monster_Name_3940112,,0,0,2,0,False,0,0,2,0,True,True,40,70,120,3000.0,[7019402],False,0,0,0,0,Malpas Roxo,,,[2907]
3940201,55,1300269,11050000,1,1,0,Monster_Name_3940201,,0,0,2,0,False,0,0,2,0,True,True,40,90,150,3000.0,"[7021701,7021702,7021703]",False,0,0,0,0,Fantasma de Artilharia Roxa,,,[6507]
3940202,55,1300270,10822000,1,1,0,Monster_Name_3940202,,0,0,2,0,False,0,0,2,0,True,True,40,60,200,3000.0,[7014101],False,0,0,0,0,Fantasma Roxo,,,[6507]
3940203,55,1300271,10823000,1,1,0,Monster_Name_3940203,,0,0,2,0,False,0,0,2,0,True,True,40,40,80,3000.0,"[7016401,7016402]",False,0,0,0,0,Fantasma Armadurado Roxo,,,[6507]
3940204,55,1300272,10240000,1,1,0,Monster_Name_3940204,,0,0,2,0,False,0,0,2,0,True,True,40,50,200,3000.0,[7008901],False,0,0,0,0,Nezad Perfumado com Aroma de Flor de Cerejeira,,,[6507]
3940205,55,1300273,10685000,1,1,0,Monster_Name_3940205,,0,0,2,0,False,0,0,2,0,True,True,40,50,200,3000.0,[7010401],False,0,0,0,0,Sniper Karon Nostálgico,,,[6507]
3940206,55,1300274,10683000,1,1,0,Monster_Name_3940206,,0,0,2,0,False,0,0,2,0,True,True,40,50,200,3000.0,"[7010901,7010902]",False,0,0,0,0,Assassino Karon Nostálgico,,,[6507]
3940207,55,1300275,10684000,1,1,0,Monster_Name_3940207,,0,0,2,0,False,0,0,2,0,True,True,40,50,200,3000.0,"[7010501,7010502]",False,0,0,0,0,Karon Nostálgico Shocktrooper,,,[6507]
3940208,55,1300276,10681000,1,1,0,Monster_Name_3940208,,0,0,2,0,False,0,0,2,0,True,True,40,50,200,3000.0,"[7010701,7010702]",False,0,0,0,0,Executor Nostálgico Karon,,,[6507]
3940209,55,1300277,10682000,1,1,0,Monster_Name_3940209,,0,0,2,0,False,0,0,2,0,True,True,40,50,200,3000.0,[7011001],False,0,0,0,0,Tático Nostálgico Karon,,,[6507]
3940210,55,1300278,10400000,1,1,0,Monster_Name_3940210,,0,0,2,0,False,0,0,2,0,True,True,40,80,200,3000.0,"[7009301,7009302]",False,0,0,0,0,Muda Arruinada,,,[6507]
3940211,55,1300279,10140000,1,1,0,Monster_Name_3940211,,0,0,2,0,False,0,0,2,0,True,True,40,80,200,3000.0,"[7005501,7005502]",False,0,0,0,0,Meevlan Perfumado com Aroma de Flor de Cerejeira,,,[6507]
3940212,55,1300280,10848001,1,1,0,Monster_Name_3940212,,0,0,2,0,False,0,0,2,0,True,True,40,70,120,3000.0,[7019402],False,0,0,0,0,Malpas Roxo,,,[6507]
3940301,65,1300281,11050000,1,1,0,Monster_Name_3940301,,0,0,2,0,False,0,0,2,0,True,True,40,90,150,3000.0,"[7021701,7021702,7021703]",False,0,0,0,0,Fantasma de Artilharia Roxa,,,[24207]
3940302,65,1300282,10822000,1,1,0,Monster_Name_3940302,,0,0,2,0,False,0,0,2,0,True,True,40,60,200,3000.0,[7014101],False,0,0,0,0,Fantasma Roxo,,,[24207]
3940303,65,1300283,10823000,1,1,0,Monster_Name_3940303,,0,0,2,0,False,0,0,2,0,True,True,40,40,80,3000.0,"[7016401,7016402]",False,0,0,0,0,Fantasma Armadurado Roxo,,,[24207]
3940304,65,1300284,10240000,1,1,0,Monster_Name_3940304,,0,0,2,0,False,0,0,2,0,True,True,40,50,200,3000.0,[7008901],False,0,0,0,0,Nezad Perfumado com Aroma de Flor de Cerejeira,,,[24207]
3940305,65,1300285,10685000,1,1,0,Monster_Name_3940305,,0,0,2,0,False,0,0,2,0,True,True,40,50,200,3000.0,[7010401],False,0,0,0,0,Sniper Karon Nostálgico,,,[24207]
3940306,65,1300286,10683000,1,1,0,Monster_Name_3940306,,0,0,2,0,False,0,0,2,0,True,True,40,50,200,3000.0,"[7010901,7010902]",False,0,0,0,0,Assassino Karon Nostálgico,,,[24207]
3940307,65,1300287,10684000,1,1,0,Monster_Name_3940307,,0,0,2,0,False,0,0,2,0,True,True,40,50,200,3000.0,"[7010501,7010502]",False,0,0,0,0,Karon Nostálgico Shocktrooper,,,[24207]
3940308,65,1300288,10681000,1,1,0,Monster_Name_3940308,,0,0,2,0,False,0,0,2,0,True,True,40,50,200,3000.0,"[7010701,7010702]",False,0,0,0,0,Executor Nostálgico Karon,,,[24207]
3940309,65,1300289,10682000,1,1,0,Monster_Name_3940309,,0,0,2,0,False,0,0,2,0,True,True,40,50,200,3000.0,[7011001],False,0,0,0,0,Tático Nostálgico Karon,,,[24207]
3940310,65,1300290,10400000,1,1,0,Monster_Name_3940310,,0,0,2,0,False,0,0,2,0,True,True,40,80,200,3000.0,"[7009301,7009302]",False,0,0,0,0,Muda Arruinada,,,[24207]
3940311,65,1300291,10140000,1,1,0,Monster_Name_3940311,,0,0,2,0,False,0,0,2,0,True,True,40,80,200,3000.0,"[7005501,7005502]",False,0,0,0,0,Meevlan Perfumado com Aroma de Flor de Cerejeira,,,[24207]
3940312,65,1300292,10848001,1,1,0,Monster_Name_3940312,,0,0,2,0,False,0,0,2,0,True,True,40,70,120,3000.0,[7019402],False,0,0,0,0,Malpas Roxo,,,[24207]
3940401,75,1300293,11050000,1,1,0,Monster_Name_3940401,,0,0,2,0,False,0,0,2,0,True,True,40,90,150,3000.0,"[7021701,7021702,7021703]",False,0,0,0,0,Fantasma de Artilharia Roxa,,,[61257]
3940402,75,1300294,10822000,1,1,0,Monster_Name_3940402,,0,0,2,0,False,0,0,2,0,True,True,40,60,200,3000.0,[7014101],False,0,0,0,0,Fantasma Roxo,,,[61257]
3940403,75,1300295,10823000,1,1,0,Monster_Name_3940403,,0,0,2,0,False,0,0,2,0,True,True,40,40,80,3000.0,"[7016401,7016402]",False,0,0,0,0,Fantasma Armadurado Roxo,,,[61257]
3940404,75,1300296,10240000,1,1,0,Monster_Name_3940404,,0,0,2,0,False,0,0,2,0,True,True,40,50,200,3000.0,[7008901],False,0,0,0,0,Nezad Perfumado com Aroma de Flor de Cerejeira,,,[61257]
3940405,75,1300297,10685000,1,1,0,Monster_Name_3940405,,0,0,2,0,False,0,0,2,0,True,True,40,50,200,3000.0,[7010401],False,0,0,0,0,Sniper Nostálgico Karon,,,[61257]
3940406,75,1300298,10683000,1,1,0,Monster_Name_3940406,,0,0,2,0,False,0,0,2,0,True,True,40,50,200,3000.0,"[7010901,7010902]",False,0,0,0,0,Assassino Karon Nostálgico,,,[61257]
3940407,75,1300299,10684000,1,1,0,Monster_Name_3940407,,0,0,2,0,False,0,0,2,0,True,True,40,50,200,3000.0,"[7010501,7010502]",False,0,0,0,0,Soldado de Choque Karon Nostálgico,,,[61257]
3940408,75,1300300,10681000,1,1,0,Monster_Name_3940408,,0,0,2,0,False,0,0,2,0,True,True,40,50,200,3000.0,"[7010701,7010702]",False,0,0,0,0,Executor Nostálgico Karon,,,[61257]
3940409,75,1300301,10682000,1,1,0,Monster_Name_3940409,,0,0,2,0,False,0,0,2,0,True,True,40,50,200,3000.0,[7011001],False,0,0,0,0,Tático Nostálgico Karon,,,[61257]
3940410,75,1300302,10400000,1,1,0,Monster_Name_3940410,,0,0,2,0,False,0,0,2,0,True,True,40,80,200,3000.0,"[7009301,7009302]",False,0,0,0,0,Muda Arruinada,,,[61257]
3940411,75,1300303,10140000,1,1,0,Monster_Name_3940411,,0,0,2,0,False,0,0,2,0,True,True,40,80,200,3000.0,"[7005501,7005502]",False,0,0,0,0,Meevlan com Aroma de Flor de Cerejeira,,,[61257]
3940412,75,1300304,10848001,1,1,0,Monster_Name_3940412,,0,0,2,0,False,0,0,2,0,True,True,40,70,120,3000.0,[7019402],False,0,0,0,0,Malpas Roxo,,,[61257]
3940501,85,1300305,11050000,1,1,0,Monster_Name_3940501,,0,0,2,0,False,0,0,2,0,True,True,40,90,150,3000.0,"[7021701,7021702,7021703]",False,0,0,0,0,Fantasma de Artilharia Roxa,,,[120507]
3940502,85,1300306,10822000,1,1,0,Monster_Name_3940502,,0,0,2,0,False,0,0,2,0,True,True,40,60,200,3000.0,[7014101],False,0,0,0,0,Fantasma Roxo,,,[120507]
3940503,85,1300307,10823000,1,1,0,Monster_Name_3940503,,0,0,2,0,False,0,0,2,0,True,True,40,40,80,3000.0,"[7016401,7016402]",False,0,0,0,0,Fantasma Armadurado Roxo,,,[120507]
3940504,85,1300308,10240000,1,1,0,Monster_Name_3940504,,0,0,2,0,False,0,0,2,0,True,True,40,50,200,3000.0,[7008901],False,0,0,0,0,Nezad Perfumado com Aroma de Flor de Cerejeira,,,[120507]
3940505,85,1300309,10685000,1,1,0,Monster_Name_3940505,,0,0,2,0,False,0,0,2,0,True,True,40,50,200,3000.0,[7010401],False,0,0,0,0,Sniper Karon Nostálgico,,,[120507]
3940506,85,1300310,10683000,1,1,0,Monster_Name_3940506,,0,0,2,0,False,0,0,2,0,True,True,40,50,200,3000.0,"[7010901,7010902]",False,0,0,0,0,Assassino Karon Nostálgico,,,[120507]
3940507,85,1300311,10684000,1,1,0,Monster_Name_3940507,,0,0,2,0,False,0,0,2,0,True,True,40,50,200,3000.0,"[7010501,7010502]",False,0,0,0,0,Choque Nostálgico de Karon,,,[120507]
3940508,85,1300312,10681000,1,1,0,Monster_Name_3940508,,0,0,2,0,False,0,0,2,0,True,True,40,50,200,3000.0,"[7010701,7010702]",False,0,0,0,0,Executor Nostálgico Karon,,,[120507]
3940509,85,1300313,10682000,1,1,0,Monster_Name_3940509,,0,0,2,0,False,0,0,2,0,True,True,40,50,200,3000.0,[7011001],False,0,0,0,0,Tático Nostálgico Karon,,,[120507]
3940510,85,1300314,10400000,1,1,0,Monster_Name_3940510,,0,0,2,0,False,0,0,2,0,True,True,40,80,200,3000.0,"[7009301,7009302]",False,0,0,0,0,Muda Arruinada,,,[120507]
3940511,85,1300315,10140000,1,1,0,Monster_Name_3940511,,0,0,2,0,False,0,0,2,0,True,True,40,80,200,3000.0,"[7005501,7005502]",False,0,0,0,0,Meevlan Perfumado com Aroma de Flor de Cerejeira,,,[120507]
3940512,85,1300316,10848001,1,1,0,Monster_Name_3940512,,0,0,2,0,False,0,0,2,0,True,True,40,70,120,3000.0,[7019402],False,0,0,0,0,Malpas Roxo,,,[120507]
3940601,90,1300317,11050000,1,1,0,Monster_Name_3940601,,0,0,2,0,False,0,0,2,0,True,True,40,90,150,3000.0,"[7021701,7021702,7021703]",False,0,0,0,0,Fantasma de Artilharia Roxa,,,[159807]
3940602,90,1300318,10822000,1,1,0,Monster_Name_3940602,,0,0,2,0,False,0,0,2,0,True,True,40,60,200,3000.0,[7014101],False,0,0,0,0,Fantasma Roxo,,,[159807]
3940603,90,1300319,10823000,1,1,0,Monster_Name_3940603,,0,0,2,0,False,0,0,2,0,True,True,40,40,80,3000.0,"[7016401,7016402]",False,0,0,0,0,Fantasma Armadurado Roxo,,,[159807]
3940604,90,1300320,10240000,1,1,0,Monster_Name_3940604,,0,0,2,0,False,0,0,2,0,True,True,40,50,200,3000.0,[7008901],False,0,0,0,0,Nezad Perfumado com Aroma de Flor de Cerejeira,,,[159807]
3940605,90,1300321,10685000,1,1,0,Monster_Name_3940605,,0,0,2,0,False,0,0,2,0,True,True,40,50,200,3000.0,[7010401],False,0,0,0,0,Sniper Karon Nostálgico,,,[159807]
3940606,90,1300322,10683000,1,1,0,Monster_Name_3940606,,0,0,2,0,False,0,0,2,0,True,True,40,50,200,3000.0,"[7010901,7010902]",False,0,0,0,0,Assassino Karon Nostálgico,,,[159807]
3940607,90,1300323,10684000,1,1,0,Monster_Name_3940607,,0,0,2,0,False,0,0,2,0,True,True,40,50,200,3000.0,"[7010501,7010502]",False,0,0,0,0,Karon Nostálgico Shocktrooper,,,[159807]
3940608,90,1300324,10681000,1,1,0,Monster_Name_3940608,,0,0,2,0,False,0,0,2,0,True,True,40,50,200,3000.0,"[7010701,7010702]",False,0,0,0,0,Executor Nostálgico Karon,,,[159807]
3940609,90,1300325,10682000,1,1,0,Monster_Name_3940609,,0,0,2,0,False,0,0,2,0,True,True,40,50,200,3000.0,[7011001],False,0,0,0,0,Tático Nostálgico Karon,,,[159807]
3940610,90,1300326,10400000,1,1,0,Monster_Name_3940610,,0,0,2,0,False,0,0,2,0,True,True,40,80,200,3000.0,"[7009301,7009302]",False,0,0,0,0,Muda Arruinada,,,[159807]
3940611,90,1300327,10140000,1,1,0,Monster_Name_3940611,,0,0,2,0,False,0,0,2,0,True,True,40,80,200,3000.0,"[7005501,7005502]",False,0,0,0,0,Meevlan Perfumado com Aroma de Flor de Cerejeira,,,[159807]
3940612,90,1300328,10848001,1,1,0,Monster_Name_3940612,,0,0,2,0,False,0,0,2,0,True,True,40,70,120,3000.0,[7019402],False,0,0,0,0,Malpas Roxo,,,[159807]
4504011,94,1202327,17450052,1,1,0,Monster_Name_4504011,,0,100,2,0,False,0,0,2,0,True,True,40,50,200,3000.0,[7003001],False,0,0,0,0,Guerreiro Mecânico A01,,,[50719]
4504012,94,1202328,17460052,1,1,0,Monster_Name_4504012,,0,100,2,0,False,0,0,2,0,True,True,40,50,200,3000.0,[7003101],False,0,0,0,0,Gunner Mecânico A01,,,[50719]
4504019,94,1202329,10810003,1,1,0,Monster_Name_4504019,,0,100,2,0,False,0,0,2,1,True,True,40,60,200,3000.0,"[7012401,7012402]",False,0,0,0,0,Bork de Assalto Desenfreado,,,[50719]
4504021,94,1202330,17450052,1,1,0,Monster_Name_4504021,,0,100,2,0,False,0,0,2,0,True,True,40,50,200,3000.0,[7003001],False,0,0,0,0,Guerreiro Mecânico A02,,,[50719]
4504022,94,1202331,17460052,1,1,0,Monster_Name_4504022,,0,100,2,0,False,0,0,2,0,True,True,40,50,200,3000.0,[7003101],False,0,0,0,0,Gunner Mecânico A02,,,[50719]
4504029,94,1202332,10810003,1,1,0,Monster_Name_4504029,,0,100,2,0,False,0,0,2,1,True,True,40,60,200,3000.0,"[7012401,7012402]",False,0,0,0,0,Bork de Assalto Desenfreado,,,[50719]
4504031,94,1202333,17450052,1,1,0,Monster_Name_4504031,,0,100,2,0,False,0,0,2,0,True,True,40,50,200,3000.0,[7003001],False,0,0,0,0,Guerreiro Mecânico A03,,,[50719]
4504032,94,1202334,17460052,1,1,0,Monster_Name_4504032,,0,100,2,0,False,0,0,2,0,True,True,40,50,200,3000.0,[7003101],False,0,0,0,0,Gunner de Mech A03,,,[50719]
4504039,94,1202335,10810003,1,1,0,Monster_Name_4504039,,0,100,2,0,False,0,0,2,1,True,True,40,60,200,3000.0,"[7012401,7012402]",False,0,0,0,0,Bork de Assalto Desenfreado,,,[50719]
4504041,99,1202336,10910003,1,1,0,Monster_Name_4504041,,0,100,2,0,False,0,0,2,0,True,True,40,40,80,3000.0,"[7020201,7020202]",False,0,0,0,0,Assaltante A04 Snatcher,,,[64469]
4504042,99,1202337,10920003,1,1,0,Monster_Name_4504042,,0,100,2,0,False,0,0,2,0,True,True,40,40,80,3000.0,[7020301],False,0,0,0,0,Sniper A04 Snatcher,,,[64469]
4504049,99,1202338,10842001,1,1,0,Monster_Name_4504049,,0,100,2,0,False,0,0,2,1,True,True,40,40,50,3000.0,[7018302],False,0,0,0,0,Pathfinder Desenfreado,,,[64469]
4504051,99,1202339,10910003,1,1,0,Monster_Name_4504051,,0,100,2,0,False,0,0,2,0,True,True,40,40,80,3000.0,"[7020201,7020202]",False,0,0,0,0,A05 Saqueador Snatcher,,,[64469]
4504052,99,1202340,10920003,1,1,0,Monster_Name_4504052,,0,100,2,0,False,0,0,2,0,True,True,40,40,80,3000.0,[7020301],False,0,0,0,0,Sniper A05 Snatcher,,,[64469]
4504059,99,1202341,10842001,1,1,0,Monster_Name_4504059,,0,100,2,0,False,0,0,2,1,True,True,40,40,50,3000.0,[7018302],False,0,0,0,0,Pathfinder Desenfreado,,,[64469]
4504061,99,1202342,10910003,1,1,0,Monster_Name_4504061,,0,100,2,0,False,0,0,2,0,True,True,40,40,80,3000.0,"[7020201,7020202]",False,0,0,0,0,A06 Saqueador Snatcher,,,[64469]
4504062,99,1202343,10920003,1,1,0,Monster_Name_4504062,,0,100,2,0,False,0,0,2,0,True,True,40,40,80,3000.0,[7020301],False,0,0,0,0,Sniper A06 Snatcher,,,[64469]
4504063,99,1202344,10890003,1,1,0,Monster_Name_4504063,,0,100,2,0,False,0,0,2,0,True,True,40,70,150,3000.0,"[7020001,7020002,7020003]",False,0,0,0,0,Tropa Pesada Vafer A06,,,[64469]
4504064,99,1202345,10900003,1,1,0,Monster_Name_4504064,,0,100,2,0,False,0,0,2,0,True,True,40,50,150,3000.0,"[7020101,7020102]",False,0,0,0,0,Soldado de Cerco Vafer A06,,,[64469]
4504069,99,1202346,10842001,1,1,0,Monster_Name_4504069,,0,100,2,0,False,0,0,2,1,True,True,40,40,50,3000.0,[7018302],False,0,0,0,0,Pathfinder Desenfreado,,,[64469]
4504071,104,1202347,10844000,1,1,0,Monster_Name_4504071,,0,100,2,0,False,0,0,2,0,True,True,40,50,120,3000.0,"[7019101,7019102,7019103]",False,0,0,0,0,A07 Guerreiro Nether,,,[80719]
4504072,104,1202348,10845000,1,1,0,Monster_Name_4504072,,0,100,2,0,False,0,0,2,0,True,True,40,50,120,3000.0,[7019001],False,0,0,0,0,Sentinela Nether A07,,,[80719]
4504079,104,1202349,10823002,1,1,0,Monster_Name_4504079,,0,100,2,0,False,0,0,2,1,True,True,40,40,80,3000.0,"[7016401,7016402]",False,0,0,0,0,Fantasma Blindado Enfurecido,,,[80719]
4504081,104,1202350,10844000,1,1,0,Monster_Name_4504081,,0,100,2,0,False,0,0,2,0,True,True,40,50,120,3000.0,"[7019101,7019102,7019103]",False,0,0,0,0,A08 Guerreiro Nether,,,[80719]
4504082,104,1202351,10845000,1,1,0,Monster_Name_4504082,,0,100,2,0,False,0,0,2,0,True,True,40,50,120,3000.0,[7019001],False,0,0,0,0,Sentinela Nether A08,,,[80719]
4504083,104,1202352,10846000,1,1,0,Monster_Name_4504083,,0,100,2,0,False,0,0,2,0,True,True,40,120,120,3000.0,"[7018901,7018902,7018903]",False,0,0,0,0,Aniquilador Nether A08,,,[80719]
4504089,104,1202353,10823002,1,1,0,Monster_Name_4504089,,0,100,2,0,False,0,0,2,1,True,True,40,40,80,3000.0,"[7016401,7016402]",False,0,0,0,0,Fantasma Blindado Enfurecido,,,[80719]
4504091,104,1202354,10844000,1,1,0,Monster_Name_4504091,,0,100,2,0,False,0,0,2,0,True,True,40,50,120,3000.0,"[7019101,7019102,7019103]",False,0,0,0,0,A09 Guerreiro Nether,,,[80719]
4504092,104,1202355,10845000,1,1,0,Monster_Name_4504092,,0,100,2,0,False,0,0,2,0,True,True,40,50,120,3000.0,[7019001],False,0,0,0,0,A09 Sentinela Nether,,,[80719]
4504093,104,1202356,10846000,1,1,0,Monster_Name_4504093,,0,100,2,0,False,0,0,2,0,True,True,40,120,120,3000.0,"[7018901,7018902,7018903]",False,0,0,0,0,Aniquilador Nether A09,,,[80719]
4504099,104,1202357,10823002,1,1,0,Monster_Name_4504099,,0,100,2,0,False,0,0,2,1,True,True,40,40,80,3000.0,"[7016401,7016402]",False,0,0,0,0,Fantasma Blindado Enfurecido,,,[80719]
4504111,94,1202358,17450052,1,1,0,Monster_Name_4504111,,0,100,2,0,False,0,0,2,0,True,True,40,50,200,3000.0,[7003001],False,0,0,0,0,Guerreiro Mech B01,,,[50719]
4504112,94,1202359,17460052,1,1,0,Monster_Name_4504112,,0,100,2,0,False,0,0,2,0,True,True,40,50,200,3000.0,[7003101],False,0,0,0,0,Artilheiro Mecânico B01,,,[50719]
4504119,94,1202360,10810003,1,1,0,Monster_Name_4504119,,0,100,2,0,False,0,0,2,1,True,True,40,60,200,3000.0,"[7012401,7012402]",False,0,0,0,0,Bork de Assalto Desenfreado,,,[50719]
4504121,94,1202361,17450052,1,1,0,Monster_Name_4504121,,0,100,2,0,False,0,0,2,0,True,True,40,50,200,3000.0,[7003001],False,0,0,0,0,Guerreiro Mecânico B02,,,[50719]
4504122,94,1202362,17460052,1,1,0,Monster_Name_4504122,,0,100,2,0,False,0,0,2,0,True,True,40,50,200,3000.0,[7003101],False,0,0,0,0,B02 Artilheiro Mecânico,,,[50719]
4504129,94,1202363,10810003,1,1,0,Monster_Name_4504129,,0,100,2,0,False,0,0,2,1,True,True,40,60,200,3000.0,"[7012401,7012402]",False,0,0,0,0,Bork de Assalto Desenfreado,,,[50719]
4504131,94,1202364,17450052,1,1,0,Monster_Name_4504131,,0,100,2,0,False,0,0,2,0,True,True,40,50,200,3000.0,[7003001],False,0,0,0,0,Guerreiro Mecânico B03,,,[50719]
4504132,94,1202365,17460052,1,1,0,Monster_Name_4504132,,0,100,2,0,False,0,0,2,0,True,True,40,50,200,3000.0,[7003101],False,0,0,0,0,Gunner Mech B03,,,[50719]
4504139,94,1202366,10810003,1,1,0,Monster_Name_4504139,,0,100,2,0,False,0,0,2,1,True,True,40,60,200,3000.0,"[7012401,7012402]",False,0,0,0,0,Bork de Assalto Desenfreado,,,[50719]
4504141,99,1202367,10910003,1,1,0,Monster_Name_4504141,,0,100,2,0,False,0,0,2,0,True,True,40,40,80,3000.0,"[7020201,7020202]",False,0,0,0,0,B04 Saqueador Snatcher,,,[64469]
4504142,99,1202368,10920003,1,1,0,Monster_Name_4504142,,0,100,2,0,False,0,0,2,0,True,True,40,40,80,3000.0,[7020301],False,0,0,0,0,Sniper B04 Snatcher,,,[64469]
4504149,99,1202369,10842001,1,1,0,Monster_Name_4504149,,0,100,2,0,False,0,0,2,1,True,True,40,40,50,3000.0,[7018302],False,0,0,0,0,Pathfinder Desenfreado,,,[64469]
4504151,99,1202370,10910003,1,1,0,Monster_Name_4504151,,0,100,2,0,False,0,0,2,0,True,True,40,40,80,3000.0,"[7020201,7020202]",False,0,0,0,0,B05 Saqueador Snatcher,,,[64469]
4504152,99,1202371,10920003,1,1,0,Monster_Name_4504152,,0,100,2,0,False,0,0,2,0,True,True,40,40,80,3000.0,[7020301],False,0,0,0,0,Sniper B05 Snatcher,,,[64469]
4504159,99,1202372,10842001,1,1,0,Monster_Name_4504159,,0,100,2,0,False,0,0,2,1,True,True,40,40,50,3000.0,[7018302],False,0,0,0,0,Pathfinder Desenfreado,,,[64469]
4504161,99,1202373,10910003,1,1,0,Monster_Name_4504161,,0,100,2,0,False,0,0,2,0,True,True,40,40,80,3000.0,"[7020201,7020202]",False,0,0,0,0,B06 Saqueador Snatcher,,,[64469]
4504162,99,1202374,10920003,1,1,0,Monster_Name_4504162,,0,100,2,0,False,0,0,2,0,True,True,40,40,80,3000.0,[7020301],False,0,0,0,0,Sniper B06 Snatcher,,,[64469]
4504163,99,1202375,10890003,1,1,0,Monster_Name_4504163,,0,100,2,0,False,0,0,2,0,True,True,40,70,150,3000.0,"[7020001,7020002,7020003]",False,0,0,0,0,B06 Vafer Soldado Pesado,,,[64469]
4504164,99,1202376,10900003,1,1,0,Monster_Name_4504164,,0,100,2,0,False,0,0,2,0,True,True,40,50,150,3000.0,"[7020101,7020102]",False,0,0,0,0,B06 Vafer Soldado de Cerco,,,[64469]
4504169,99,1202377,10842001,1,1,0,Monster_Name_4504169,,0,100,2,0,False,0,0,2,1,True,True,40,40,50,3000.0,[7018302],False,0,0,0,0,Pathfinder Desenfreado,,,[64469]
4504171,104,1202378,10844000,1,1,0,Monster_Name_4504171,,0,100,2,0,False,0,0,2,0,True,True,40,50,120,3000.0,"[7019101,7019102,7019103]",False,0,0,0,0,Guerreiro Nether B07,,,[80719]
4504172,104,1202379,10845000,1,1,0,Monster_Name_4504172,,0,100,2,0,False,0,0,2,0,True,True,40,50,120,3000.0,[7019001],False,0,0,0,0,B07 Sentinela Nether,,,[80719]
4504179,104,1202380,10823002,1,1,0,Monster_Name_4504179,,0,100,2,0,False,0,0,2,1,True,True,40,40,80,3000.0,"[7016401,7016402]",False,0,0,0,0,Fantasma Blindado Enfurecido,,,[80719]
4504181,104,1202381,10844000,1,1,0,Monster_Name_4504181,,0,100,2,0,False,0,0,2,0,True,True,40,50,120,3000.0,"[7019101,7019102,7019103]",False,0,0,0,0,B08 Guerreiro Nether,,,[80719]
4504182,104,1202382,10845000,1,1,0,Monster_Name_4504182,,0,100,2,0,False,0,0,2,0,True,True,40,50,120,3000.0,[7019001],False,0,0,0,0,B08 Sentinela Nether,,,[80719]
4504183,104,1202383,10846000,1,1,0,Monster_Name_4504183,,0,100,2,0,False,0,0,2,0,True,True,40,120,120,3000.0,"[7018901,7018902,7018903]",False,0,0,0,0,B08 Aniquilador Nether,,,[80719]
4504189,104,1202384,10823002,1,1,0,Monster_Name_4504189,,0,100,2,0,False,0,0,2,1,True,True,40,40,80,3000.0,"[7016401,7016402]",False,0,0,0,0,Fantasma Blindado Enfurecido,,,[80719]
4504191,104,1202385,10844000,1,1,0,Monster_Name_4504191,,0,100,2,0,False,0,0,2,0,True,True,40,50,120,3000.0,"[7019101,7019102,7019103]",False,0,0,0,0,Guerreiro Nether B09,,,[80719]
4504192,104,1202386,10845000,1,1,0,Monster_Name_4504192,,0,100,2,0,False,0,0,2,0,True,True,40,50,120,3000.0,[7019001],False,0,0,0,0,Sentinela Nether B09,,,[80719]
4504193,104,1202387,10846000,1,1,0,Monster_Name_4504193,,0,100,2,0,False,0,0,2,0,True,True,40,120,120,3000.0,"[7018901,7018902,7018903]",False,0,0,0,0,B09 Aniquilador Nether,,,[80719]
4504199,104,1202388,10823002,1,1,0,Monster_Name_4504199,,0,100,2,0,False,0,0,2,1,True,True,40,40,80,3000.0,"[7016401,7016402]",False,0,0,0,0,Fantasma Blindado Enfurecido,,,[80719]
4504211,94,1202389,17450052,1,1,0,Monster_Name_4504211,,0,100,2,0,False,0,0,2,0,True,True,40,50,200,3000.0,[7003001],False,0,0,0,0,Guerreiro Mecânico C01,,,[50719]
4504212,94,1202390,17460052,1,1,0,Monster_Name_4504212,,0,100,2,0,False,0,0,2,0,True,True,40,50,200,3000.0,[7003101],False,0,0,0,0,Artilheiro Mecânico C01,,,[50719]
4504219,94,1202391,10810003,1,1,0,Monster_Name_4504219,,0,100,2,0,False,0,0,2,1,True,True,40,60,200,3000.0,"[7012401,7012402]",False,0,0,0,0,Bork de Assalto Desenfreado,,,[50719]
4504221,94,1202392,17450052,1,1,0,Monster_Name_4504221,,0,100,2,0,False,0,0,2,0,True,True,40,50,200,3000.0,[7003001],False,0,0,0,0,Guerreiro Mecânico C02,,,[50719]
4504222,94,1202393,17460052,1,1,0,Monster_Name_4504222,,0,100,2,0,False,0,0,2,0,True,True,40,50,200,3000.0,[7003101],False,0,0,0,0,Artilheiro Mecânico C02,,,[50719]
4504229,94,1202394,10810003,1,1,0,Monster_Name_4504229,,0,100,2,0,False,0,0,2,1,True,True,40,60,200,3000.0,"[7012401,7012402]",False,0,0,0,0,Bork de Assalto Desenfreado,,,[50719]
4504231,94,1202395,17450052,1,1,0,Monster_Name_4504231,,0,100,2,0,False,0,0,2,0,True,True,40,50,200,3000.0,[7003001],False,0,0,0,0,Guerreiro Mecânico C03,,,[50719]
4504232,94,1202396,17460052,1,1,0,Monster_Name_4504232,,0,100,2,0,False,0,0,2,0,True,True,40,50,200,3000.0,[7003101],False,0,0,0,0,C03 Artilheiro Mecânico,,,[50719]
4504239,94,1202397,10810003,1,1,0,Monster_Name_4504239,,0,100,2,0,False,0,0,2,1,True,True,40,60,200,3000.0,"[7012401,7012402]",False,0,0,0,0,Bork de Assalto Desenfreado,,,[50719]
4504241,99,1202398,10910003,1,1,0,Monster_Name_4504241,,0,100,2,0,False,0,0,2,0,True,True,40,40,80,3000.0,"[7020201,7020202]",False,0,0,0,0,C04 Saqueador Snatcher,,,[64469]
4504242,99,1202399,10920003,1,1,0,Monster_Name_4504242,,0,100,2,0,False,0,0,2,0,True,True,40,40,80,3000.0,[7020301],False,0,0,0,0,C04 Sniper Snatcher,,,[64469]
4504249,99,1202400,10842001,1,1,0,Monster_Name_4504249,,0,100,2,0,False,0,0,2,1,True,True,40,40,50,3000.0,[7018302],False,0,0,0,0,Pathfinder Desenfreado,,,[64469]
4504251,99,1202401,10910003,1,1,0,Monster_Name_4504251,,0,100,2,0,False,0,0,2,0,True,True,40,40,80,3000.0,"[7020201,7020202]",False,0,0,0,0,C05 Saqueador Snatcher,,,[64469]
4504252,99,1202402,10920003,1,1,0,Monster_Name_4504252,,0,100,2,0,False,0,0,2,0,True,True,40,40,80,3000.0,[7020301],False,0,0,0,0,C05 Sniper Snatcher,,,[64469]
4504259,99,1202403,10842001,1,1,0,Monster_Name_4504259,,0,100,2,0,False,0,0,2,1,True,True,40,40,50,3000.0,[7018302],False,0,0,0,0,Pathfinder Desenfreado,,,[64469]
4504261,99,1202404,10910003,1,1,0,Monster_Name_4504261,,0,100,2,0,False,0,0,2,0,True,True,40,40,80,3000.0,"[7020201,7020202]",False,0,0,0,0,C06 Saqueador Snatcher,,,[64469]
4504262,99,1202405,10920003,1,1,0,Monster_Name_4504262,,0,100,2,0,False,0,0,2,0,True,True,40,40,80,3000.0,[7020301],False,0,0,0,0,C06 Sniper Snatcher,,,[64469]
4504263,99,1202406,10890003,1,1,0,Monster_Name_4504263,,0,100,2,0,False,0,0,2,0,True,True,40,70,150,3000.0,"[7020001,7020002,7020003]",False,0,0,0,0,C06 Vafer Soldado Pesado,,,[64469]
4504264,99,1202407,10900003,1,1,0,Monster_Name_4504264,,0,100,2,0,False,0,0,2,0,True,True,40,50,150,3000.0,"[7020101,7020102]",False,0,0,0,0,C06 Vafer Soldado de Cerco,,,[64469]
4504269,99,1202408,10842001,1,1,0,Monster_Name_4504269,,0,100,2,0,False,0,0,2,1,True,True,40,40,50,3000.0,[7018302],False,0,0,0,0,Pathfinder Desenfreado,,,[64469]
4504271,104,1202409,10844000,1,1,0,Monster_Name_4504271,,0,100,2,0,False,0,0,2,0,True,True,40,50,120,3000.0,"[7019101,7019102,7019103]",False,0,0,0,0,C07 Guerreiro Nether,,,[80719]
4504272,104,1202410,10845000,1,1,0,Monster_Name_4504272,,0,100,2,0,False,0,0,2,0,True,True,40,50,120,3000.0,[7019001],False,0,0,0,0,C07 Sentinela Nether,,,[80719]
4504279,104,1202411,10823002,1,1,0,Monster_Name_4504279,,0,100,2,0,False,0,0,2,1,True,True,40,40,80,3000.0,"[7016401,7016402]",False,0,0,0,0,Fantasma Blindado Enfurecido,,,[80719]
4504281,104,1202412,10844000,1,1,0,Monster_Name_4504281,,0,100,2,0,False,0,0,2,0,True,True,40,50,120,3000.0,"[7019101,7019102,7019103]",False,0,0,0,0,C08 Guerreiro Nether,,,[80719]
4504282,104,1202413,10845000,1,1,0,Monster_Name_4504282,,0,100,2,0,False,0,0,2,0,True,True,40,50,120,3000.0,[7019001],False,0,0,0,0,C08 Sentinela Nether,,,[80719]
4504283,104,1202414,10846000,1,1,0,Monster_Name_4504283,,0,100,2,0,False,0,0,2,0,True,True,40,120,120,3000.0,"[7018901,7018902,7018903]",False,0,0,0,0,Aniquilador Nether C08,,,[80719]
4504289,104,1202415,10823002,1,1,0,Monster_Name_4504289,,0,100,2,0,False,0,0,2,1,True,True,40,40,80,3000.0,"[7016401,7016402]",False,0,0,0,0,Fantasma Blindado Enfurecido,,,[80719]
4504291,104,1202416,10844000,1,1,0,Monster_Name_4504291,,0,100,2,0,False,0,0,2,0,True,True,40,50,120,3000.0,"[7019101,7019102,7019103]",False,0,0,0,0,C09 Guerreiro Nether,,,[80719]
4504292,104,1202417,10845000,1,1,0,Monster_Name_4504292,,0,100,2,0,False,0,0,2,0,True,True,40,50,120,3000.0,[7019001],False,0,0,0,0,Sentinela Nether C09,,,[80719]
4504293,104,1202418,10846000,1,1,0,Monster_Name_4504293,,0,100,2,0,False,0,0,2,0,True,True,40,120,120,3000.0,"[7018901,7018902,7018903]",False,0,0,0,0,Aniquilador Nether C09,,,[80719]
4504299,104,1202419,10823002,1,1,0,Monster_Name_4504299,,0,100,2,0,False,0,0,2,1,True,True,40,40,80,3000.0,"[7016401,7016402]",False,0,0,0,0,Fantasma Blindado Enfurecido,,,[80719]
4504311,106,1202420,18780052,1,1,0,Monster_Name_4504311,,0,100,2,0,False,0,0,2,0,True,True,40,60,200,3000.0,"[7013501,7013502,7013503]",False,0,0,0,0,Recon Nestkeeper,,,[95519]
4504312,106,1202421,18790052,1,1,0,Monster_Name_4504312,,0,100,2,0,False,0,0,2,0,True,True,40,60,200,3000.0,"[7013601,7013602]",False,0,0,0,0,Striker Guardião do Ninho,,,[95519]
4504313,106,1202422,18800052,1,1,0,Monster_Name_4504313,,0,100,2,0,False,0,0,2,0,True,True,40,60,200,3000.0,"[7013701,7013702,7013703]",False,0,0,0,0,Vanguarda Nestkeeper,,,[95519]
4504318,108,0,16570000,835,3,0,Monster_Name_4504318,,0,100,2,126,False,0,2,2,0,True,True,250,300,480,3000.0,[7107101],False,0,0,0,0,Sentinela Orbital,,,[]
4504319,106,1202423,17430011,1,1,0,Monster_Name_4504319,,0,100,2,0,False,0,0,2,1,True,True,40,100,310,3000.0,"[7013901,7013902]",False,0,0,0,0,Saqueador de Elite Enfurecido,,,[95519]
4504321,106,1202424,18780052,1,1,0,Monster_Name_4504321,,0,100,2,0,False,0,0,2,0,True,True,40,60,200,3000.0,"[7013501,7013502,7013503]",False,0,0,0,0,Recon Hiveguard,,,[95519]
4504322,106,1202425,18790052,1,1,0,Monster_Name_4504322,,0,100,2,0,False,0,0,2,0,True,True,40,60,200,3000.0,"[7013601,7013602]",False,0,0,0,0,Striker Hiveguard,,,[95519]
4504323,106,1202426,18800052,1,1,0,Monster_Name_4504323,,0,100,2,0,False,0,0,2,0,True,True,40,60,200,3000.0,"[7013701,7013702,7013703]",False,0,0,0,0,Vanguarda Hiveguard,,,[95519]
4504328,106,0,16571000,832,3,0,Monster_Name_4504328,,0,100,2,126,False,0,2,2,0,True,True,250,400,400,3000.0,[7106700],False,0,0,0,0,Vespa Dançante,,,[]
4504329,106,1202427,17430011,1,1,0,Monster_Name_4504329,,0,100,2,0,False,0,0,2,1,True,True,40,100,310,9.0,"[7013901,7013902]",False,0,0,0,0,Invasor de Elite Desenfreado,,,[95519]
4504331,106,1202428,18780052,1,1,0,Monster_Name_4504331,,0,100,2,0,False,0,0,2,0,True,True,40,60,200,3000.0,"[7013501,7013502,7013503]",False,0,0,0,0,Recon EOD,,,[95519]
4504332,106,1202429,18790052,1,1,0,Monster_Name_4504332,,0,100,2,0,False,0,0,2,0,True,True,40,60,200,3000.0,"[7013601,7013602]",False,0,0,0,0,EOD Striker,,,[95519]
4504333,106,1202430,18800052,1,1,0,Monster_Name_4504333,,0,100,2,0,False,0,0,2,0,True,True,40,60,200,3000.0,"[7013701,7013702,7013703]",False,0,0,0,0,Vanguarda EOD,,,[95519]
4504338,102,0,16572000,842,3,0,Monster_Name_4504338,,0,100,2,126,False,0,2,2,0,True,True,40,180,200,3000.0,[7106901],False,0,0,0,0,Bombardeiro Louco,,,[]
4504339,106,1202431,17430011,1,1,0,Monster_Name_4504339,,0,100,2,0,False,0,0,2,1,True,True,40,100,310,3000.0,"[7013901,7013902]",False,0,0,0,0,Invasor de Elite Desenfreado,,,[95519]
4504341,106,1202432,18780052,1,1,0,Monster_Name_4504341,,0,100,2,0,False,0,0,2,0,True,True,40,60,200,3000.0,"[7013501,7013502,7013503]",False,0,0,0,0,Recon de Guarda do Cemitério,,,[95519]
4504342,106,1202433,18790052,1,1,0,Monster_Name_4504342,,0,100,2,0,False,0,0,2,0,True,True,40,60,200,3000.0,"[7013601,7013602]",False,0,0,0,0,Guarda do Cemitério Striker,,,[95519]
4504343,106,1202434,18800052,1,1,0,Monster_Name_4504343,,0,100,2,0,False,0,0,2,0,True,True,40,60,200,3000.0,"[7013701,7013702,7013703]",False,0,0,0,0,Vanguarda de Guarda do Cemitério,,,[95519]
4504348,104,0,16573000,508,3,0,Monster_Name_4504348,,0,100,2,126,False,0,2,2,0,True,True,250,400,400,3000.0,"[7107001,7107002]",False,0,0,0,0,Grande Caçador,,,[]
4504349,106,1202435,17430011,1,1,0,Monster_Name_4504349,,0,100,2,0,False,0,0,2,1,True,True,40,100,310,3000.0,"[7013901,7013902]",False,0,0,0,0,Saqueador de Elite Enfurecido,,,[95519]
4504901,102,1202436,11050002,1,3,0,Monster_Name_4504901,,0,0,2,253,False,0,1,2,0,True,True,40,180,200,3000.0,"[7021711,7021712,7021713]",True,0,0,0,0,Fantasma da Cidadela,,,[30459500]
4505011,94,1,17450052,1,1,0,Monster_Name_4505011,,0,100,2,0,False,0,0,2,0,True,True,40,50,200,3000.0,[7003001],False,0,0,0,0,Guerreiro Mecânico A01,,,[]
4505012,94,1,17460052,1,1,0,Monster_Name_4505012,,0,100,2,0,False,0,0,2,0,True,True,40,50,200,3000.0,[7003101],False,0,0,0,0,Atirador Mecânico A01,,,[]
4505019,94,1,10810003,1,1,0,Monster_Name_4505019,,0,100,2,0,False,0,0,2,1,True,True,40,60,200,3000.0,"[7012401,7012402]",False,0,0,0,0,Bork de Assalto Furioso,,,[]
4505021,94,1,17450052,1,1,0,Monster_Name_4505021,,0,100,2,0,False,0,0,2,0,True,True,40,50,200,3000.0,[7003001],False,0,0,0,0,Guerreiro Mecânico A02,,,[]
4505022,94,1,17460052,1,1,0,Monster_Name_4505022,,0,100,2,0,False,0,0,2,0,True,True,40,50,200,3000.0,[7003101],False,0,0,0,0,Atirador Mecânico A02,,,[]
4505029,94,1,10810003,1,1,0,Monster_Name_4505029,,0,100,2,0,False,0,0,2,1,True,True,40,60,200,3000.0,"[7012401,7012402]",False,0,0,0,0,Bork de Assalto Furioso,,,[]
4505031,94,1,17450052,1,1,0,Monster_Name_4505031,,0,100,2,0,False,0,0,2,0,True,True,40,50,200,3000.0,[7003001],False,0,0,0,0,Guerreiro Mecânico A03,,,[]
4505032,94,1,17460052,1,1,0,Monster_Name_4505032,,0,100,2,0,False,0,0,2,0,True,True,40,50,200,3000.0,[7003101],False,0,0,0,0,Atirador Mecânico A03,,,[]
4505039,94,1,10810003,1,1,0,Monster_Name_4505039,,0,100,2,0,False,0,0,2,1,True,True,40,60,200,3000.0,"[7012401,7012402]",False,0,0,0,0,Bork de Assalto Furioso,,,[]
4505041,99,1,10910003,1,1,0,Monster_Name_4505041,,0,100,2,0,False,0,0,2,0,True,True,40,40,80,3000.0,"[7020201,7020202]",False,0,0,0,0,Saqueador A04 Snatcher,,,[]
4505042,99,1,10920003,1,1,0,Monster_Name_4505042,,0,100,2,0,False,0,0,2,0,True,True,40,40,80,3000.0,[7020301],False,0,0,0,0,Atirador A04 Snatcher,,,[]
4505049,99,1,10842001,1,1,0,Monster_Name_4505049,,0,100,2,0,False,0,0,2,1,True,True,40,40,50,3000.0,[7018302],False,0,0,0,0,Batedor Furioso,,,[]
4505051,99,1,10910003,1,1,0,Monster_Name_4505051,,0,100,2,0,False,0,0,2,0,True,True,40,40,80,3000.0,"[7020201,7020202]",False,0,0,0,0,A05 Snatcher Invasor,,,[]
4505052,99,1,10920003,1,1,0,Monster_Name_4505052,,0,100,2,0,False,0,0,2,0,True,True,40,40,80,3000.0,[7020301],False,0,0,0,0,A05 Snatcher Atirador de Elite,,,[]
4505059,99,1,10842001,1,1,0,Monster_Name_4505059,,0,100,2,0,False,0,0,2,1,True,True,40,40,50,3000.0,[7018302],False,0,0,0,0,Batedor Furioso,,,[]
4505061,99,1,10910003,1,1,0,Monster_Name_4505061,,0,100,2,0,False,0,0,2,0,True,True,40,40,80,3000.0,"[7020201,7020202]",False,0,0,0,0,A06 Snatcher Invasor,,,[]
4505062,99,1,10920003,1,1,0,Monster_Name_4505062,,0,100,2,0,False,0,0,2,0,True,True,40,40,80,3000.0,[7020301],False,0,0,0,0,A06 Snatcher Atirador de Elite,,,[]
4505063,99,1,10890003,1,1,0,Monster_Name_4505063,,0,100,2,0,False,0,0,2,0,True,True,40,70,150,3000.0,"[7020001,7020002,7020003]",False,0,0,0,0,A06 Vafer Soldado Pesado,,,[]
4505064,99,1,10900003,1,1,0,Monster_Name_4505064,,0,100,2,0,False,0,0,2,0,True,True,40,50,150,3000.0,"[7020101,7020102]",False,0,0,0,0,A06 Vafer Soldado de Cerco,,,[]
4505069,99,1,10842001,1,1,0,Monster_Name_4505069,,0,100,2,0,False,0,0,2,1,True,True,40,40,50,3000.0,[7018302],False,0,0,0,0,Batedor Furioso,,,[]
4505071,104,1,10844000,1,1,0,Monster_Name_4505071,,0,100,2,0,False,0,0,2,0,True,True,40,50,120,3000.0,"[7019101,7019102,7019103]",False,0,0,0,0,A07 Incendiário Thermit,,,[]
4505072,104,1,10845000,1,1,0,Monster_Name_4505072,,0,100,2,0,False,0,0,2,0,True,True,40,50,120,3000.0,[7019001],False,0,0,0,0,A07 Purificador Thermit,,,[]
4505079,104,1,10823002,1,1,0,Monster_Name_4505079,,0,100,2,0,False,0,0,2,1,True,True,40,40,80,3000.0,"[7016401,7016402]",False,0,0,0,0,Fantasma Blindado Furioso,,,[]
4505081,104,1,10844000,1,1,0,Monster_Name_4505081,,0,100,2,0,False,0,0,2,0,True,True,40,50,120,3000.0,"[7019101,7019102,7019103]",False,0,0,0,0,A08 Incendiário Thermit,,,[]
4505082,104,1,10845000,1,1,0,Monster_Name_4505082,,0,100,2,0,False,0,0,2,0,True,True,40,50,120,3000.0,[7019001],False,0,0,0,0,A08 Purificador Thermit,,,[]
4505083,104,1,10846000,1,1,0,Monster_Name_4505083,,0,100,2,0,False,0,0,2,0,True,True,40,120,120,3000.0,"[7018901,7018902,7018903]",False,0,0,0,0,A08 Juiz Thermit,,,[]
4505089,104,1,10823002,1,1,0,Monster_Name_4505089,,0,100,2,0,False,0,0,2,1,True,True,40,40,80,3000.0,"[7016401,7016402]",False,0,0,0,0,Fantasma Blindado Furioso,,,[]
4505091,104,1,10844000,1,1,0,Monster_Name_4505091,,0,100,2,0,False,0,0,2,0,True,True,40,50,120,3000.0,"[7019101,7019102,7019103]",False,0,0,0,0,A09 Incendiário Thermit,,,[]
4505092,104,1,10845000,1,1,0,Monster_Name_4505092,,0,100,2,0,False,0,0,2,0,True,True,40,50,120,3000.0,[7019001],False,0,0,0,0,A09 Purificador Thermit,,,[]
4505093,104,1,10846000,1,1,0,Monster_Name_4505093,,0,100,2,0,False,0,0,2,0,True,True,40,120,120,3000.0,"[7018901,7018902,7018903]",False,0,0,0,0,A09 Juiz Thermit,,,[]
4505099,104,1,10823002,1,1,0,Monster_Name_4505099,,0,100,2,0,False,0,0,2,1,True,True,40,40,80,3000.0,"[7016401,7016402]",False,0,0,0,0,Fantasma Blindado Furioso,,,[]
4505111,94,1,17450052,1,1,0,Monster_Name_4505111,,0,100,2,0,False,0,0,2,0,True,True,40,50,200,3000.0,[7003001],False,0,0,0,0,B01 Mech Guerreiro,,,[]
4505112,94,1,17460052,1,1,0,Monster_Name_4505112,,0,100,2,0,False,0,0,2,0,True,True,40,50,200,3000.0,[7003101],False,0,0,0,0,B01 Mech Artilheiro,,,[]
4505119,94,1,10810003,1,1,0,Monster_Name_4505119,,0,100,2,0,False,0,0,2,1,True,True,40,60,200,3000.0,"[7012401,7012402]",False,0,0,0,0,Bork de Assalto Furioso,,,[]
4505121,94,1,17450052,1,1,0,Monster_Name_4505121,,0,100,2,0,False,0,0,2,0,True,True,40,50,200,3000.0,[7003001],False,0,0,0,0,B02 Mech Guerreiro,,,[]
4505122,94,1,17460052,1,1,0,Monster_Name_4505122,,0,100,2,0,False,0,0,2,0,True,True,40,50,200,3000.0,[7003101],False,0,0,0,0,B02 Mech Artilheiro,,,[]
4505129,94,1,10810003,1,1,0,Monster_Name_4505129,,0,100,2,0,False,0,0,2,1,True,True,40,60,200,3000.0,"[7012401,7012402]",False,0,0,0,0,Bork de Assalto Furioso,,,[]
4505131,94,1,17450052,1,1,0,Monster_Name_4505131,,0,100,2,0,False,0,0,2,0,True,True,40,50,200,3000.0,[7003001],False,0,0,0,0,B03 Mech Guerreiro,,,[]
4505132,94,1,17460052,1,1,0,Monster_Name_4505132,,0,100,2,0,False,0,0,2,0,True,True,40,50,200,3000.0,[7003101],False,0,0,0,0,B03 Mech Artilheiro,,,[]
4505139,94,1,10810003,1,1,0,Monster_Name_4505139,,0,100,2,0,False,0,0,2,1,True,True,40,60,200,3000.0,"[7012401,7012402]",False,0,0,0,0,Bork de Assalto Furioso,,,[]
4505141,99,1,10910003,1,1,0,Monster_Name_4505141,,0,100,2,0,False,0,0,2,0,True,True,40,40,80,3000.0,"[7020201,7020202]",False,0,0,0,0,B04 Snatcher Invasor,,,[]
4505142,99,1,10920003,1,1,0,Monster_Name_4505142,,0,100,2,0,False,0,0,2,0,True,True,40,40,80,3000.0,[7020301],False,0,0,0,0,B04 Snatcher Atirador de Elite,,,[]
4505149,99,1,10842001,1,1,0,Monster_Name_4505149,,0,100,2,0,False,0,0,2,1,True,True,40,40,50,3000.0,[7018302],False,0,0,0,0,Batedor Furioso,,,[]
4505151,99,1,10910003,1,1,0,Monster_Name_4505151,,0,100,2,0,False,0,0,2,0,True,True,40,40,80,3000.0,"[7020201,7020202]",False,0,0,0,0,B05 Snatcher Invasor,,,[]
4505152,99,1,10920003,1,1,0,Monster_Name_4505152,,0,100,2,0,False,0,0,2,0,True,True,40,40,80,3000.0,[7020301],False,0,0,0,0,B05 Snatcher Atirador de Elite,,,[]
4505159,99,1,10842001,1,1,0,Monster_Name_4505159,,0,100,2,0,False,0,0,2,1,True,True,40,40,50,3000.0,[7018302],False,0,0,0,0,Batedor Furioso,,,[]
4505161,99,1,10910003,1,1,0,Monster_Name_4505161,,0,100,2,0,False,0,0,2,0,True,True,40,40,80,3000.0,"[7020201,7020202]",False,0,0,0,0,B06 Snatcher Invasor,,,[]
4505162,99,1,10920003,1,1,0,Monster_Name_4505162,,0,100,2,0,False,0,0,2,0,True,True,40,40,80,3000.0,[7020301],False,0,0,0,0,B06 Snatcher Atirador de Elite,,,[]
4505163,99,1,10890003,1,1,0,Monster_Name_4505163,,0,100,2,0,False,0,0,2,0,True,True,40,70,150,3000.0,"[7020001,7020002,7020003]",False,0,0,0,0,B06 Vafer Soldado Pesado,,,[]
4505164,99,1,10900003,1,1,0,Monster_Name_4505164,,0,100,2,0,False,0,0,2,0,True,True,40,50,150,3000.0,"[7020101,7020102]",False,0,0,0,0,B06 Soldado de Cerco Vafer,,,[]
4505169,99,1,10842001,1,1,0,Monster_Name_4505169,,0,100,2,0,False,0,0,2,1,True,True,40,40,50,3000.0,[7018302],False,0,0,0,0,Batedor Furioso,,,[]
4505171,104,1,10844000,1,1,0,Monster_Name_4505171,,0,100,2,0,False,0,0,2,0,True,True,40,50,120,3000.0,"[7019101,7019102,7019103]",False,0,0,0,0,B07 Incendiário Thermit,,,[]
4505172,104,1,10845000,1,1,0,Monster_Name_4505172,,0,100,2,0,False,0,0,2,0,True,True,40,50,120,3000.0,[7019001],False,0,0,0,0,B07 Purificador Thermit,,,[]
4505179,104,1,10823002,1,1,0,Monster_Name_4505179,,0,100,2,0,False,0,0,2,1,True,True,40,40,80,3000.0,"[7016401,7016402]",False,0,0,0,0,Fantasma Blindado Furioso,,,[]
4505181,104,1,10844000,1,1,0,Monster_Name_4505181,,0,100,2,0,False,0,0,2,0,True,True,40,50,120,3000.0,"[7019101,7019102,7019103]",False,0,0,0,0,B08 Incendiário Thermit,,,[]
4505182,104,1,10845000,1,1,0,Monster_Name_4505182,,0,100,2,0,False,0,0,2,0,True,True,40,50,120,3000.0,[7019001],False,0,0,0,0,B08 Purificador Thermit,,,[]
4505183,104,1,10846000,1,1,0,Monster_Name_4505183,,0,100,2,0,False,0,0,2,0,True,True,40,120,120,3000.0,"[7018901,7018902,7018903]",False,0,0,0,0,B08 Juiz Thermit,,,[]
4505189,104,1,10823002,1,1,0,Monster_Name_4505189,,0,100,2,0,False,0,0,2,1,True,True,40,40,80,3000.0,"[7016401,7016402]",False,0,0,0,0,Fantasma Blindado Furioso,,,[]
4505191,104,1,10844000,1,1,0,Monster_Name_4505191,,0,100,2,0,False,0,0,2,0,True,True,40,50,120,3000.0,"[7019101,7019102,7019103]",False,0,0,0,0,B09 Incendiário Thermit,,,[]
4505192,104,1,10845000,1,1,0,Monster_Name_4505192,,0,100,2,0,False,0,0,2,0,True,True,40,50,120,3000.0,[7019001],False,0,0,0,0,B09 Purificador Thermit,,,[]
4505193,104,1,10846000,1,1,0,Monster_Name_4505193,,0,100,2,0,False,0,0,2,0,True,True,40,120,120,3000.0,"[7018901,7018902,7018903]",False,0,0,0,0,B09 Juiz Thermit,,,[]
4505199,104,1,10823002,1,1,0,Monster_Name_4505199,,0,100,2,0,False,0,0,2,1,True,True,40,40,80,3000.0,"[7016401,7016402]",False,0,0,0,0,Fantasma Blindado Furioso,,,[]
4505211,94,1,17450052,1,1,0,Monster_Name_4505211,,0,100,2,0,False,0,0,2,0,True,True,40,50,200,3000.0,[7003001],False,0,0,0,0,C01 Guerreiro Mech,,,[]
4505212,94,1,17460052,1,1,0,Monster_Name_4505212,,0,100,2,0,False,0,0,2,0,True,True,40,50,200,3000.0,[7003101],False,0,0,0,0,C01 Atirador Mech,,,[]
4505219,94,1,10810003,1,1,0,Monster_Name_4505219,,0,100,2,0,False,0,0,2,1,True,True,40,60,200,3000.0,"[7012401,7012402]",False,0,0,0,0,Bork de Assalto Furioso,,,[]
4505221,94,1,17450052,1,1,0,Monster_Name_4505221,,0,100,2,0,False,0,0,2,0,True,True,40,50,200,3000.0,[7003001],False,0,0,0,0,C02 Guerreiro Mech,,,[]
4505222,94,1,17460052,1,1,0,Monster_Name_4505222,,0,100,2,0,False,0,0,2,0,True,True,40,50,200,3000.0,[7003101],False,0,0,0,0,C02 Atirador Mech,,,[]
4505229,94,1,10810003,1,1,0,Monster_Name_4505229,,0,100,2,0,False,0,0,2,1,True,True,40,60,200,3000.0,"[7012401,7012402]",False,0,0,0,0,Bork de Assalto Furioso,,,[]
4505231,94,1,17450052,1,1,0,Monster_Name_4505231,,0,100,2,0,False,0,0,2,0,True,True,40,50,200,3000.0,[7003001],False,0,0,0,0,C03 Guerreiro Mech,,,[]
4505232,94,1,17460052,1,1,0,Monster_Name_4505232,,0,100,2,0,False,0,0,2,0,True,True,40,50,200,3000.0,[7003101],False,0,0,0,0,C03 Atirador Mech,,,[]
4505239,94,1,10810003,1,1,0,Monster_Name_4505239,,0,100,2,0,False,0,0,2,1,True,True,40,60,200,3000.0,"[7012401,7012402]",False,0,0,0,0,Bork de Assalto Furioso,,,[]
4505241,99,1,10910003,1,1,0,Monster_Name_4505241,,0,100,2,0,False,0,0,2,0,True,True,40,40,80,3000.0,"[7020201,7020202]",False,0,0,0,0,C04 Saqueador Snatcher,,,[]
4505242,99,1,10920003,1,1,0,Monster_Name_4505242,,0,100,2,0,False,0,0,2,0,True,True,40,40,80,3000.0,[7020301],False,0,0,0,0,C04 Atirador Snatcher,,,[]
4505249,99,1,10842001,1,1,0,Monster_Name_4505249,,0,100,2,0,False,0,0,2,1,True,True,40,40,50,3000.0,[7018302],False,0,0,0,0,Batedor Furioso,,,[]
4505251,99,1,10910003,1,1,0,Monster_Name_4505251,,0,100,2,0,False,0,0,2,0,True,True,40,40,80,3000.0,"[7020201,7020202]",False,0,0,0,0,C05 Saqueador Snatcher,,,[]
4505252,99,1,10920003,1,1,0,Monster_Name_4505252,,0,100,2,0,False,0,0,2,0,True,True,40,40,80,3000.0,[7020301],False,0,0,0,0,C05 Atirador Snatcher,,,[]
4505259,99,1,10842001,1,1,0,Monster_Name_4505259,,0,100,2,0,False,0,0,2,1,True,True,40,40,50,3000.0,[7018302],False,0,0,0,0,Batedor Furioso,,,[]
4505261,99,1,10910003,1,1,0,Monster_Name_4505261,,0,100,2,0,False,0,0,2,0,True,True,40,40,80,3000.0,"[7020201,7020202]",False,0,0,0,0,C06 Saqueador Snatcher,,,[]
4505262,99,1,10920003,1,1,0,Monster_Name_4505262,,0,100,2,0,False,0,0,2,0,True,True,40,40,80,3000.0,[7020301],False,0,0,0,0,C06 Atirador Snatcher,,,[]
4505263,99,1,10890003,1,1,0,Monster_Name_4505263,,0,100,2,0,False,0,0,2,0,True,True,40,70,150,3000.0,"[7020001,7020002,7020003]",False,0,0,0,0,C06 Soldado Pesado Vafer,,,[]
4505264,99,1,10900003,1,1,0,Monster_Name_4505264,,0,100,2,0,False,0,0,2,0,True,True,40,50,150,3000.0,"[7020101,7020102]",False,0,0,0,0,C06 Soldado de Cerco Vafer,,,[]
4505269,99,1,10842001,1,1,0,Monster_Name_4505269,,0,100,2,0,False,0,0,2,1,True,True,40,40,50,3000.0,[7018302],False,0,0,0,0,Batedor Furioso,,,[]
4505271,104,1,10844000,1,1,0,Monster_Name_4505271,,0,100,2,0,False,0,0,2,0,True,True,40,50,120,3000.0,"[7019101,7019102,7019103]",False,0,0,0,0,C07 Incendiário Thermit,,,[]
4505272,104,1,10845000,1,1,0,Monster_Name_4505272,,0,100,2,0,False,0,0,2,0,True,True,40,50,120,3000.0,[7019001],False,0,0,0,0,C07 Purificador Thermit,,,[]
4505279,104,1,10823002,1,1,0,Monster_Name_4505279,,0,100,2,0,False,0,0,2,1,True,True,40,40,80,3000.0,"[7016401,7016402]",False,0,0,0,0,Fantasma Blindado Furioso,,,[]
4505281,104,1,10844000,1,1,0,Monster_Name_4505281,,0,100,2,0,False,0,0,2,0,True,True,40,50,120,3000.0,"[7019101,7019102,7019103]",False,0,0,0,0,C08 Incendiário Thermit,,,[]
4505282,104,1,10845000,1,1,0,Monster_Name_4505282,,0,100,2,0,False,0,0,2,0,True,True,40,50,120,3000.0,[7019001],False,0,0,0,0,C08 Purificador Thermit,,,[]
4505283,104,1,10846000,1,1,0,Monster_Name_4505283,,0,100,2,0,False,0,0,2,0,True,True,40,120,120,3000.0,"[7018901,7018902,7018903]",False,0,0,0,0,C08 Juiz Thermit,,,[]
4505289,104,1,10823002,1,1,0,Monster_Name_4505289,,0,100,2,0,False,0,0,2,1,True,True,40,40,80,3000.0,"[7016401,7016402]",False,0,0,0,0,Fantasma Blindado Furioso,,,[]
4505291,104,1,10844000,1,1,0,Monster_Name_4505291,,0,100,2,0,False,0,0,2,0,True,True,40,50,120,3000.0,"[7019101,7019102,7019103]",False,0,0,0,0,C09 Incendiário Thermit,,,[]
4505292,104,1,10845000,1,1,0,Monster_Name_4505292,,0,100,2,0,False,0,0,2,0,True,True,40,50,120,3000.0,[7019001],False,0,0,0,0,C09 Purificador Thermit,,,[]
4505293,104,1,10846000,1,1,0,Monster_Name_4505293,,0,100,2,0,False,0,0,2,0,True,True,40,120,120,3000.0,"[7018901,7018902,7018903]",False,0,0,0,0,C09 Juiz Thermit,,,[]
4505299,104,1,10823002,1,1,0,Monster_Name_4505299,,0,100,2,0,False,0,0,2,1,True,True,40,40,80,3000.0,"[7016401,7016402]",False,0,0,0,0,Fantasma Blindado Furioso,,,[]
4505311,106,1,18780052,1,1,0,Monster_Name_4505311,,0,100,2,0,False,0,0,2,0,True,True,40,60,200,3000.0,"[7013501,7013502,7013503]",False,0,0,0,0,Recon Forjaguarda,,,[]
4505312,106,1,18790052,1,1,0,Monster_Name_4505312,,0,100,2,0,False,0,0,2,0,True,True,40,60,200,3000.0,"[7013601,7013602]",False,0,0,0,0,Striker Forjaguarda,,,[]
4505313,106,1,18800052,1,1,0,Monster_Name_4505313,,0,100,2,0,False,0,0,2,0,True,True,40,60,200,3000.0,"[7013701,7013702,7013703]",False,0,0,0,0,Vanguarda Forjaguarda,,,[]
4505318,108,0,16570000,835,3,0,Monster_Name_4504318,,0,100,2,126,False,0,2,2,0,True,True,250,300,480,3000.0,[7107101],False,0,0,0,0,Sentinela Orbital,,,[]
4505319,106,1,17430011,1,1,0,Monster_Name_4505319,,0,100,2,0,False,0,0,2,1,True,True,40,100,310,3000.0,"[7013901,7013902]",False,0,0,0,0,Saqueador de Elite Furioso,,,[]
4505321,106,1,18780052,1,1,0,Monster_Name_4505321,,0,100,2,0,False,0,0,2,0,True,True,40,60,200,3000.0,"[7013501,7013502,7013503]",False,0,0,0,0,S01 Recon,,,[]
4505322,106,1,18790052,1,1,0,Monster_Name_4505322,,0,100,2,0,False,0,0,2,0,True,True,40,60,200,3000.0,"[7013601,7013602]",False,0,0,0,0,S01 Striker,,,[]
4505323,106,1,18800052,1,1,0,Monster_Name_4505323,,0,100,2,0,False,0,0,2,0,True,True,40,60,200,3000.0,"[7013701,7013702,7013703]",False,0,0,0,0,S01 Vanguarda,,,[]
4505328,106,0,16571000,832,3,0,Monster_Name_4505328,,0,100,2,126,False,0,2,2,0,True,True,250,400,400,3000.0,[7106700],False,0,0,0,0,,,,[]
4505329,106,1,17430011,1,1,0,Monster_Name_4505329,,0,100,2,0,False,0,0,2,1,True,True,40,100,310,9.0,"[7013901,7013902]",False,0,0,0,0,Saqueador Elite Furioso,,,[]
4505331,106,1,18780052,1,1,0,Monster_Name_4505331,,0,100,2,0,False,0,0,2,0,True,True,40,60,200,3000.0,"[7013501,7013502,7013503]",False,0,0,0,0,S02 Recon,,,[]
4505332,106,1,18790052,1,1,0,Monster_Name_4505332,,0,100,2,0,False,0,0,2,0,True,True,40,60,200,3000.0,"[7013601,7013602]",False,0,0,0,0,S02 Striker,,,[]
4505333,106,1,18800052,1,1,0,Monster_Name_4505333,,0,100,2,0,False,0,0,2,0,True,True,40,60,200,3000.0,"[7013701,7013702,7013703]",False,0,0,0,0,S02 Vanguarda,,,[]
4505338,102,0,16572000,842,3,0,Monster_Name_4505338,,0,100,2,126,False,0,2,2,0,True,True,40,180,200,3000.0,[7106901],False,0,0,0,0,,,,[]
4505339,106,1,17430011,1,1,0,Monster_Name_4505339,,0,100,2,0,False,0,0,2,1,True,True,40,100,310,3000.0,"[7013901,7013902]",False,0,0,0,0,Saqueador Elite Furioso,,,[]
4505341,106,1,18780052,1,1,0,Monster_Name_4505341,,0,100,2,0,False,0,0,2,0,True,True,40,60,200,3000.0,"[7013501,7013502,7013503]",False,0,0,0,0,S03 Recon,,,[]
4505342,106,1,18790052,1,1,0,Monster_Name_4505342,,0,100,2,0,False,0,0,2,0,True,True,40,60,200,3000.0,"[7013601,7013602]",False,0,0,0,0,S03 Striker,,,[]
4505343,106,1,18800052,1,1,0,Monster_Name_4505343,,0,100,2,0,False,0,0,2,0,True,True,40,60,200,3000.0,"[7013701,7013702,7013703]",False,0,0,0,0,S03 Vanguarda,,,[]
4505348,104,0,16573000,508,3,0,Monster_Name_4505348,,0,100,2,126,False,0,2,2,0,True,True,250,400,400,3000.0,"[7107001,7107002]",False,0,0,0,0,,,,[]
4505349,106,1,17430011,1,1,0,Monster_Name_4505349,,0,100,2,0,False,0,0,2,1,True,True,40,100,310,3000.0,"[7013901,7013902]",False,0,0,0,0,Saqueador Elite Furioso,,,[]
4505901,102,1,11050002,1,3,0,Monster_Name_4505901,,0,0,2,253,False,0,1,2,0,True,True,40,180,200,3000.0,"[7021711,7021712,7021713]",True,0,0,0,0,Fantasma da Cidadela,,,[]
4554318,108,1202220,16570000,835,3,0,Monster_Name_4504318,,0,100,2,126,False,0,2,2,0,True,True,250,300,480,3000.0,[7107101],False,0,0,0,0,Sentinela Orbital,,,[13469]
4554328,106,1202220,16571000,832,3,0,Monster_Name_4504328,,0,100,2,126,False,0,2,2,0,True,True,250,400,400,3000.0,[7106700],False,0,0,0,0,Vespa Dançante,,,[13469]
4554338,102,1202220,16572000,842,3,0,Monster_Name_4504338,,0,100,2,126,False,0,2,2,0,True,True,40,180,200,3000.0,[7106901],False,0,0,0,0,Bombardeiro Louco,,,[13469]
4554348,104,1202220,16573000,508,3,0,Monster_Name_4504348,,0,100,2,126,False,0,2,2,0,True,True,250,400,400,3000.0,"[7107001,7107002]",False,0,0,0,0,Grande Caçador,,,[13469]
5051001,72,0,17450000,1,1,0,Monster_Name_5051001,Monster_Title_505101,0,505101,2,0,False,0,0,2,0,True,True,40,50,200,3000.0,[7003001],False,0,0,0,0,Guerreiro Androide,Protetor das Provas,,[]
5051002,72,0,17460000,1,1,0,Monster_Name_5051002,Monster_Title_505101,0,505101,2,0,False,0,0,2,0,True,True,40,50,200,3000.0,[7003101],False,0,0,0,0,Soldado Android,Protetor das Provas,,[]
5051003,72,0,10810003,1,1,0,Monster_Name_5051003,Monster_Title_505101,0,505101,2,0,False,0,0,2,1,True,True,40,60,200,3000.0,"[7012401,7012402]",False,0,0,0,0,Bork de Assalto Desenfreado,Protetor das Provas,,[]
5051004,72,0,18800000,1,1,0,Monster_Name_5051004,Monster_Title_505101,0,505101,2,0,False,0,0,2,0,True,True,40,60,200,3000.0,"[7013701,7013702,7013703]",False,0,0,0,0,Vanguarda Android,Protetor das Provas,,[]
5051005,72,0,18790000,1,1,0,Monster_Name_5051005,Monster_Title_505101,0,505101,2,0,False,0,0,2,0,True,True,40,60,200,3000.0,"[7013601,7013602]",False,0,0,0,0,Striker Android,Protetor das Provas,,[]
5051006,72,0,10810003,1,1,0,Monster_Name_5051006,Monster_Title_505101,0,505101,2,0,False,0,0,2,1,True,True,40,60,200,3000.0,"[7012401,7012402]",False,0,0,0,0,Bork de Assalto Desenfreado,Protetor das Provas,,[]
5051007,72,0,10150000,1,1,0,Monster_Name_5051007,Monster_Title_505101,0,505101,2,0,False,0,0,2,0,True,True,40,80,200,3000.0,[7006501],False,0,0,0,0,Glatt,Protetor das Provas,,[]
5051008,72,0,10160000,1,1,0,Monster_Name_5051008,Monster_Title_505101,0,505101,2,0,False,0,0,2,0,True,True,40,50,200,3000.0,[7000901],False,0,0,0,0,Lunker,Protetor das Provas,,[]
5051009,72,0,10010003,1,1,0,Monster_Name_5051009,Monster_Title_505101,0,505101,2,0,False,0,0,2,1,True,True,40,100,200,3000.0,[7000101],False,0,0,0,0,Estilhaçador Selvagem,Protetor das Provas,,[]
5051011,72,0,10300000,1,1,0,Monster_Name_5051011,Monster_Title_505101,0,505101,2,0,False,0,0,2,0,True,True,40,80,200,3000.0,"[7004301,7004302]",False,0,0,0,0,Pinça,Protetor das Provas,,[]
5051012,72,0,10140002,1,1,0,Monster_Name_5051012,Monster_Title_505101,0,505101,2,0,False,0,0,2,0,True,True,40,80,200,3000.0,"[7005501,7005502]",False,0,0,0,0,Meevlan,Protetor das Provas,,[]
5051013,72,0,10050002,1,1,0,Monster_Name_5051013,Monster_Title_505101,0,505101,2,0,False,0,0,2,1,True,True,40,50,200,3000.0,"[7003701,7003702,7003703]",False,0,0,0,0,Arghol Selvagem,Protetor das Provas,,[]
5051014,72,0,10350000,1,1,0,Monster_Name_5051014,Monster_Title_505101,0,505101,2,0,False,0,0,2,0,True,True,40,50,200,3000.0,"[7005701,7005702]",False,0,0,0,0,Dagan,Protetor das Provas,,[]
5051015,72,0,10370000,1,1,0,Monster_Name_5051015,Monster_Title_505101,0,505101,2,0,False,0,0,2,0,True,True,40,50,200,3000.0,"[7008301,7008302]",False,0,0,0,0,Larva Infernal,Protetor das Provas,,[]
5051016,72,0,10823002,1,1,0,Monster_Name_5051016,Monster_Title_505101,0,505101,2,0,False,0,0,2,1,True,True,40,40,80,3000.0,"[7016401,7016402]",False,0,0,0,0,Fantasma Blindado Enfurecido,Protetor das Provas,,[]
5051017,72,0,10870000,1,1,0,Monster_Name_5051017,Monster_Title_505101,0,505101,2,0,False,0,0,2,0,True,True,40,40,100,3000.0,"[7019801,7019802]",False,0,0,0,0,Guerreiro Calliana,Protetor das Provas,,[]
5051018,72,0,10860000,1,1,0,Monster_Name_5051018,Monster_Title_505101,0,505101,2,0,False,0,0,2,0,True,True,40,40,100,3000.0,"[7019701,7019702,7019703]",False,0,0,0,0,Atirador Calliana,Protetor das Provas,,[]
5051019,72,0,10810003,1,1,0,Monster_Name_5051019,Monster_Title_505101,0,505101,2,0,False,0,0,2,1,True,True,40,60,200,3000.0,"[7012401,7012402]",False,0,0,0,0,Bork de Assalto Desenfreado,Protetor das Provas,,[]
5051021,72,0,10816000,1,1,0,Monster_Name_5051021,Monster_Title_505101,0,505101,2,0,False,0,0,2,0,True,True,40,40,110,3000.0,"[7015101,7015102]",False,0,0,0,0,Buscador Clops,Protetor das Provas,,[]
5051022,72,0,10818000,1,1,0,Monster_Name_5051022,Monster_Title_505101,0,505101,2,0,False,0,0,2,0,True,True,40,40,110,3000.0,[7015001],False,0,0,0,0,Enganador Clops,Protetor das Provas,,[]
5051023,72,0,10310003,1,1,0,Monster_Name_5051023,Monster_Title_505101,0,505101,2,0,False,0,0,2,1,True,True,40,130,200,3000.0,"[7005801,7005802]",False,0,0,0,0,Brutal Selvagem,Protetor das Provas,,[]
5051024,72,0,10550000,1,1,0,Monster_Name_5051024,Monster_Title_505101,0,505101,2,0,False,0,0,2,0,True,True,40,50,200,3000.0,"[7006201,7006202]",False,0,0,0,0,Guerreiro Crawler,Protetor das Provas,,[]
5051025,72,0,10551000,1,1,0,Monster_Name_5051025,Monster_Title_505101,0,505101,2,0,False,0,0,2,0,True,True,40,50,200,3000.0,[7006301],False,0,0,0,0,Batedor Crawler,Protetor das Provas,,[]
5051026,72,0,10842001,1,1,0,Monster_Name_5051026,Monster_Title_505101,0,505101,2,0,False,0,0,2,1,True,True,40,40,50,3000.0,[7018302],False,0,0,0,0,Pathfinder Desenfreado,Protetor das Provas,,[]
5051027,72,0,18610003,1,1,0,Monster_Name_5051027,Monster_Title_505101,0,505101,2,0,False,0,0,2,0,True,True,40,50,200,3000.0,[7011401],False,0,0,0,0,Lanceiro Cultista,Protetor das Provas,,[]
5051028,72,0,18620004,1,1,0,Monster_Name_5051028,Monster_Title_505101,0,505101,2,0,False,0,0,2,0,True,True,40,50,200,3000.0,[7011501],False,0,0,0,0,Arqueiro Cultista,Protetor das Provas,,[]
5051029,72,0,10460002,1,1,0,Monster_Name_5051029,Monster_Title_505101,0,505101,2,0,False,0,0,2,1,True,True,40,80,200,3000.0,[7008401],False,0,0,0,0,Fantasma Enfurecido,Protetor das Provas,,[]
5051031,72,0,18680003,1,1,0,Monster_Name_5051031,Monster_Title_505101,0,505101,2,0,False,0,0,2,0,True,True,40,100,200,3000.0,"[7012601,7012602]",False,0,0,0,0,Fanático Cultista,Protetor das Provas,,[]
5051032,72,0,18690003,1,1,0,Monster_Name_5051032,Monster_Title_505101,0,505101,2,0,False,0,0,2,0,True,True,40,100,200,3000.0,"[7012701,7012702]",False,0,0,0,0,Sacerdote de Batalha Cultista,Protetor das Provas,,[]
5051033,72,0,10823002,1,1,0,Monster_Name_5051033,Monster_Title_505101,0,505101,2,0,False,0,0,2,1,True,True,40,40,80,3000.0,"[7016401,7016402]",False,0,0,0,0,Fantasma Blindado Enfurecido,Protetor das Provas,,[]
5051034,72,0,10540000,1,1,0,Monster_Name_5051034,Monster_Title_505101,0,505101,2,0,False,0,0,2,0,True,True,40,50,200,3000.0,[7002701],False,0,0,0,0,Saqueador Equesian,Protetor das Provas,,[]
5051035,72,0,10541000,1,1,0,Monster_Name_5051035,Monster_Title_505101,0,505101,2,0,False,0,0,2,0,True,True,40,50,200,3000.0,[7002801],False,0,0,0,0,Atirador Equesian,Protetor das Provas,,[]
5051036,72,0,10831002,1,1,0,Monster_Name_5051036,Monster_Title_505101,0,505101,2,0,False,0,0,2,1,True,True,40,80,140,3000.0,"[7015801,7015802]",False,0,0,0,0,Junker Desenfreado,Protetor das Provas,,[]
5051037,72,0,10813000,1,1,0,Monster_Name_5051037,Monster_Title_505101,0,505101,2,0,False,0,0,2,0,True,True,40,50,80,3000.0,"[7014901,7014902]",False,0,0,0,0,Rastreador Ferinky,Protetor das Provas,,[]
5051038,72,0,10814000,1,1,0,Monster_Name_5051038,Monster_Title_505101,0,505101,2,0,False,0,0,2,0,True,True,40,50,80,3000.0,[7015501],False,0,0,0,0,Sniper Ferinky,Protetor das Provas,,[]
5051039,72,0,10130001,1,1,0,Monster_Name_5051039,Monster_Title_505101,0,505101,2,0,False,0,0,2,1,True,True,40,80,200,3000.0,[7008801],False,0,0,0,0,Simbiote Selvagem,Protetor das Provas,,[]
5051041,72,0,10693001,1,1,0,Monster_Name_5051041,Monster_Title_505101,0,505101,2,0,False,0,0,2,0,True,True,40,50,200,3000.0,[7002301],False,0,0,0,0,Helas Super Soldado,Protetor das Provas,,[]
5051042,72,0,10694001,1,1,0,Monster_Name_5051042,Monster_Title_505101,0,505101,2,0,False,0,0,2,0,True,True,40,50,200,3000.0,[7005301],False,0,0,0,0,Cavalaria Pesada Helas,Protetor das Provas,,[]
5051043,72,0,10831002,1,1,0,Monster_Name_5051043,Monster_Title_505101,0,505101,2,0,False,0,0,2,1,True,True,40,80,140,3000.0,"[7015801,7015802]",False,0,0,0,0,Junker Desenfreado,Protetor das Provas,,[]
5051044,72,0,10834000,1,1,0,Monster_Name_5051044,Monster_Title_505101,0,505101,2,0,False,0,0,2,0,True,True,30,40,50,3000.0,"[7016301,7016302]",False,0,0,0,0,Médico Lydian,Protetor das Provas,,[]
5051045,72,0,10833000,1,1,0,Monster_Name_5051045,Monster_Title_505101,0,505101,2,0,False,0,0,2,0,True,True,40,40,60,3000.0,[7017701],False,0,0,0,0,Cirurgião Lydian,Protetor das Provas,,[]
5051046,72,0,10842001,1,1,0,Monster_Name_5051046,Monster_Title_505101,0,505101,2,0,False,0,0,2,1,True,True,40,40,50,3000.0,[7018302],False,0,0,0,0,Pathfinder Desenfreado,Protetor das Provas,,[]
5051047,72,0,10844000,1,1,0,Monster_Name_5051047,Monster_Title_505101,0,505101,2,0,False,0,0,2,0,True,True,40,50,120,3000.0,"[7019101,7019102,7019103]",False,0,0,0,0,Guerreiro Nether,Protetor das Provas,,[]
5051048,72,0,10845000,1,1,0,Monster_Name_5051048,Monster_Title_505101,0,505101,2,0,False,0,0,2,0,True,True,40,50,120,3000.0,[7019001],False,0,0,0,0,Sentinela Nether,Protetor das Provas,,[]
5051049,72,0,10823002,1,1,0,Monster_Name_5051049,Monster_Title_505101,0,505101,2,0,False,0,0,2,1,True,True,40,40,80,3000.0,"[7016401,7016402]",False,0,0,0,0,Fantasma Blindado Enfurecido,Protetor das Provas,,[]
5051051,72,0,10836000,1,1,0,Monster_Name_5051051,Monster_Title_505101,0,505101,2,0,False,0,0,2,0,True,True,40,60,120,3000.0,"[7017401,7017402]",False,0,0,0,0,Mentalista Palid,Protetor das Provas,,[]
5051052,72,0,10837000,1,1,0,Monster_Name_5051052,Monster_Title_505101,0,505101,2,0,False,0,0,2,0,True,True,30,40,50,3000.0,[7018101],False,0,0,0,0,Feiticeiro Palid,Protetor das Provas,,[]
5051053,72,0,10460002,1,1,0,Monster_Name_5051053,Monster_Title_505101,0,505101,2,0,False,0,0,2,1,True,True,40,80,200,3000.0,[7008401],False,0,0,0,0,Fantasma Enfurecido,Protetor das Provas,,[]
5051054,72,0,10530000,1,1,0,Monster_Name_5051054,Monster_Title_505101,0,505101,2,0,False,0,0,2,0,True,True,40,50,200,3000.0,"[7003601,7003602]",False,0,0,0,0,Saqueador Predo,Protetor das Provas,,[]
5051055,72,0,10531000,1,1,0,Monster_Name_5051055,Monster_Title_505101,0,505101,2,0,False,0,0,2,0,True,True,40,50,200,3000.0,[7003501],False,0,0,0,0,Atirador Predo,Protetor das Provas,,[]
5051056,72,0,10831002,1,1,0,Monster_Name_5051056,Monster_Title_505101,0,505101,2,0,False,0,0,2,1,True,True,40,80,140,3000.0,"[7015801,7015802]",False,0,0,0,0,Junker Desenfreado,Protetor das Provas,,[]
5051057,72,0,10824000,1,1,0,Monster_Name_5051057,Monster_Title_505101,0,505101,2,0,False,0,0,2,0,True,True,30,40,200,3000.0,"[7014301,7014302]",False,0,0,0,0,G-Box,Protetor das Provas,,[]
5051058,72,0,10410000,1,1,0,Monster_Name_5051058,Monster_Title_505101,0,505101,2,0,False,0,0,2,0,True,True,40,50,200,3000.0,[7008201],False,0,0,0,0,Passer Alpha,Protetor das Provas,,[]
5051059,72,0,10842001,1,1,0,Monster_Name_5051059,Monster_Title_505101,0,505101,2,0,False,0,0,2,1,True,True,40,40,50,3000.0,[7018302],False,0,0,0,0,Pathfinder Desenfreado,Protetor das Provas,,[]
5051061,72,0,10510000,1,1,0,Monster_Name_5051061,Monster_Title_505101,0,505101,2,0,False,0,0,2,0,True,True,40,50,200,3000.0,[7001401],False,0,0,0,0,Guerreiro Saura,Protetor das Provas,,[]
5051062,72,0,10520000,1,1,0,Monster_Name_5051062,Monster_Title_505101,0,505101,2,0,False,0,0,2,0,True,True,40,50,200,3000.0,[7001502],False,0,0,0,0,Batedor Saura,Protetor das Provas,,[]
5051063,72,0,10842001,1,1,0,Monster_Name_5051063,Monster_Title_505101,0,505101,2,0,False,0,0,2,1,True,True,40,40,50,3000.0,[7018302],False,0,0,0,0,Pathfinder Desenfreado,Protetor das Provas,,[]
5051064,72,0,10511000,1,1,0,Monster_Name_5051064,Monster_Title_505101,0,505101,2,0,False,0,0,2,0,True,True,40,50,200,3000.0,"[7004001,7004002]",False,0,0,0,0,Guerreiro Eldrige,Protetor das Provas,,[]
5051065,72,0,10521000,1,1,0,Monster_Name_5051065,Monster_Title_505101,0,505101,2,0,False,0,0,2,0,True,True,40,50,200,3000.0,[7006401],False,0,0,0,0,Eldrige Batedor,Protetor das Provas,,[]
5051066,72,0,10842001,1,1,0,Monster_Name_5051066,Monster_Title_505101,0,505101,2,0,False,0,0,2,1,True,True,40,40,50,3000.0,[7018302],False,0,0,0,0,Pathfinder Desenfreado,Protetor das Provas,,[]
5051067,72,0,10572000,1,1,0,Monster_Name_5051067,Monster_Title_505101,0,505101,2,0,False,0,0,2,0,True,True,40,50,200,3000.0,[7007201],False,0,0,0,0,Lanceiro Snatcher,Protetor das Provas,,[]
5051068,72,0,10573000,1,1,0,Monster_Name_5051068,Monster_Title_505101,0,505101,2,0,False,0,0,2,0,True,True,40,50,200,3000.0,[7007301],False,0,0,0,0,Arremessador Snatcher,Protetor das Provas,,[]
5051069,72,0,10620001,1,1,0,Monster_Name_5051069,Monster_Title_505101,0,505101,2,0,False,0,0,2,1,True,True,40,200,200,3000.0,"[7007901,7007904]",False,0,0,0,0,Canibal Selvagem,Protetor das Provas,,[]
5051071,72,0,10910000,1,1,0,Monster_Name_5051071,Monster_Title_505101,0,505101,2,0,False,0,0,2,0,True,True,40,40,80,3000.0,"[7020201,7020202]",False,0,0,0,0,Turkan Snatcher Raider,Protetor das Provas,,[]
5051072,72,0,10920000,1,1,0,Monster_Name_5051072,Monster_Title_505101,0,505101,2,0,False,0,0,2,0,True,True,40,40,80,3000.0,[7020301],False,0,0,0,0,Sniper Turkan Snatcher,Protetor das Provas,,[]
5051073,72,0,10620001,1,1,0,Monster_Name_5051073,Monster_Title_505101,0,505101,2,0,False,0,0,2,1,True,True,40,200,200,3000.0,"[7007901,7007904]",False,0,0,0,0,Canibal Selvagem,Protetor das Provas,,[]
5051074,72,0,10826000,1,1,0,Monster_Name_5051074,Monster_Title_505101,0,505101,2,0,False,0,0,2,0,True,True,40,60,120,3000.0,"[7015901,7015902]",False,0,0,0,0,Guerreiro Soma,Protetor das Provas,,[]
5051075,72,0,10825000,1,1,0,Monster_Name_5051075,Monster_Title_505101,0,505101,2,0,False,0,0,2,0,True,True,30,40,200,3000.0,"[7014501,7014502,7014503]",False,0,0,0,0,Ranger Soma,Protetor das Provas,,[]
5051076,72,0,10842001,1,1,0,Monster_Name_5051076,Monster_Title_505101,0,505101,2,0,False,0,0,2,1,True,True,40,40,50,3000.0,[7018302],False,0,0,0,0,Pathfinder Desenfreado,Protetor das Provas,,[]
5051077,72,0,10841000,1,1,0,Monster_Name_5051077,Monster_Title_505101,0,505101,2,0,False,0,0,2,0,True,True,30,40,50,3000.0,"[7018001,7018002]",False,0,0,0,0,Juiz Thermit,Protetor das Provas,,[]
5051078,72,0,10840000,1,1,0,Monster_Name_5051078,Monster_Title_505101,0,505101,2,0,False,0,0,2,0,True,True,30,40,50,3000.0,[7017901],False,0,0,0,0,Purificador Thermit,Protetor das Provas,,[]
5051079,72,0,10460002,1,1,0,Monster_Name_5051079,Monster_Title_505101,0,505101,2,0,False,0,0,2,1,True,True,40,80,200,3000.0,[7008401],False,0,0,0,0,Fantasma Enfurecido,Protetor das Provas,,[]
5051081,72,0,10441000,1,1,0,Monster_Name_5051081,Monster_Title_505101,0,505101,2,0,False,0,0,2,0,True,True,40,100,200,3000.0,[7012101],False,0,0,0,0,Ladino Vafer,Protetor das Provas,,[]
5051082,72,0,10442000,1,1,0,Monster_Name_5051082,Monster_Title_505101,0,505101,2,0,False,0,0,2,0,True,True,40,100,200,3000.0,[7012001],False,0,0,0,0,Mortal Vafer,Protetor das Provas,,[]
5051083,72,0,10010003,1,1,0,Monster_Name_5051083,Monster_Title_505101,0,505101,2,0,False,0,0,2,1,True,True,40,100,200,3000.0,[7000101],False,0,0,0,0,Estilhaçador Selvagem,Protetor das Provas,,[]
5051084,72,0,10890000,1,1,0,Monster_Name_5051084,Monster_Title_505101,0,505101,2,0,False,0,0,2,0,True,True,40,70,150,3000.0,"[7020001,7020002,7020003]",False,0,0,0,0,Soldado Pesado Turkan Vafer,Protetor das Provas,,[]
5051085,72,0,10900000,1,1,0,Monster_Name_5051085,Monster_Title_505101,0,505101,2,0,False,0,0,2,0,True,True,40,50,150,3000.0,"[7020101,7020102]",False,0,0,0,0,Soldado de Cerco Turkan Vafer,Protetor das Provas,,[]
5051086,72,0,10010003,1,1,0,Monster_Name_5051086,Monster_Title_505101,0,505101,2,0,False,0,0,2,1,True,True,40,100,200,3000.0,[7000101],False,0,0,0,0,Estilhaçador Selvagem,Protetor das Provas,,[]
5051201,72,0,10835000,1,8,0,Monster_Name_5051201,,0,0,2,0,False,0,0,2,1,False,False,50,70,120,2500.0,"[7017301,7017302]",False,0,0,0,0,Sombra do Vazio,,,[]
5051202,78,0,30080015,1,1,0,,,0,0,2,0,False,0,0,2,0,False,False,0,0,0,3000.0,[],False,0,0,0,0,,,,[]
5051211,72,0,10770000,383124,4,0,Monster_Name_5051211,,0,0,2,103,False,0,2,2,1,True,True,200,300,500,3000.0,[7022001],False,0,0,0,0,Auto-Torreta,,,[]
5051212,78,0,31410000,0,1,0,Monster_Name_5051212,,0,0,2,0,False,0,0,2,0,False,False,0,90,90,3000.0,[],False,0,1,0,0,Barreira de Torreta,,,[]
5051213,72,0,30940001,0,5051213,0,Monster_Name_5051213,,0,0,2,0,False,0,0,2,0,True,True,25,30,90,3000.0,[],False,0,0,0,0,Gerador de Barreira,,,[]
5051221,72,0,10501001,1,8,0,Monster_Name_5051221,Monster_Title_505111,0,505111,2,103,False,0,2,2,1,True,True,40,50,200,3000.0,[7009405],False,0,0,0,0,Alto Reitor,Devorador de Memórias,,[]
5051222,72,0,10040002,1,8,0,Monster_Name_5051222,Monster_Title_505112,0,505112,2,0,False,0,0,2,1,True,True,40,50,200,2500.0,[7001201],True,0,0,0,0,Sombra Mahr,Phantom do Devorador de Memórias,,[]
5051223,72,0,10041001,1,8,0,Monster_Name_5051223,Monster_Title_505112,0,505112,2,0,False,0,0,2,1,True,True,40,80,200,2500.0,[7001101],True,0,0,0,0,Criador de Shadow Mahr,Phantom do Devorador de Memórias,,[]
5051224,72,0,10810004,1,8,0,Monster_Name_5051224,Monster_Title_505112,0,505112,2,0,False,0,0,2,1,True,True,40,60,200,2500.0,"[7012401,7012402]",True,0,0,0,0,Assalto Sombrio Bork,Phantom do Devorador de Memórias,,[]
5051225,72,0,10370002,1,8,0,Monster_Name_5051225,Monster_Title_505112,0,505112,2,0,False,0,0,2,1,True,True,40,50,200,2500.0,"[7008301,7008302]",True,0,0,0,0,Rama Infernal das Sombras,Phantom do Devorador de Memórias,,[]
5051226,72,0,10500001,1,8,0,Monster_Name_5051226,Monster_Title_505112,0,505112,2,0,False,0,0,2,1,True,True,50,50,200,2500.0,[7003301],True,0,0,0,0,Reitor das Sombras,Phantom do Devorador de Memórias,,[]
5051231,72,0,10821000,383141,8,0,Monster_Name_5051231,,0,0,2,0,False,0,0,2,1,True,True,40,60,200,2500.0,[],False,0,0,0,0,Rastreador,,,[]
5051232,72,0,31180001,1,1,0,Monster_Name_5051232,,0,0,2,0,False,0,0,2,1,False,False,0,90,90,2500.0,[7020801],False,0,1,0,0,Mina Eletrônica,,,[]
5051241,72,0,10480051,383151,5051241,0,Monster_Name_5051241,,0,0,2,0,False,0,0,2,0,True,True,40,90,90,2500.0,[],False,0,0,0,0,Drone de Sobrecarga,,,[]
5051251,72,0,31400091,1,5051251,0,Monster_Name_5051251,,0,0,2,0,False,0,0,2,0,True,True,50,150,400,2500.0,[],False,0,0,0,0,Torre do Brilho,,,[]
5051252,72,0,31400092,1,5051252,0,Monster_Name_5051252,,0,0,2,0,False,0,0,2,0,True,True,50,150,400,2500.0,[],False,0,0,0,0,Torre de Aço,,,[]
5051253,72,0,18780000,1,8,0,Monster_Name_5051253,,0,0,2,0,False,0,0,2,1,True,True,40,60,200,3500.0,"[7013501,7013502]",False,0,0,0,0,Phantom de Aço,,,[]
5051254,72,0,10837000,1,8,0,Monster_Name_5051254,,0,0,2,0,False,0,0,2,1,True,True,30,40,50,3500.0,[7018101],False,0,0,0,0,Phantom do Brilho,,,[]
5051255,72,0,10811000,1,8,0,,,0,0,1,0,False,0,0,2,1,False,False,40,60,200,2500.0,"[7012501,7012502]",False,0,1,0,0,,,,[]
5051256,72,0,10849000,1,8,0,,,0,0,1,0,False,0,0,2,1,False,False,40,90,90,2500.0,[7019301],False,0,1,0,0,,,,[]
5051261,72,0,17440002,0,8,0,Monster_Name_5051261,,0,0,2,0,False,0,0,2,0,True,True,40,100,200,2500.0,"[7014601,7014602]",False,0,0,0,0,Soldado Android,,,[]
5051262,72,0,17440001,327,8,0,Monster_Name_5051262,,0,0,2,0,False,0,0,2,0,True,True,40,100,200,2500.0,"[7014601,7014602]",False,0,0,0,0,Soldado Android,,,[]
5051271,72,0,31150001,1,5051271,0,NPC_Name_5051271,,0,0,2,103,False,0,2,2,0,True,True,40,100,400,2500.0,[],False,0,0,0,0,Obelisco,,,[]
5051272,72,0,10630000,1,8,0,Monster_Name_5051272,Monster_Title_505113,0,505113,2,0,False,0,0,2,1,True,True,40,50,200,2500.0,"[7006701,7006702,7006703]",False,0,0,0,0,Soldado Infectado,Assaltante de Relíquias,,[]
5051273,72,0,10640000,1,8,0,Monster_Name_5051273,Monster_Title_505113,0,505113,2,0,False,0,0,2,1,True,True,40,50,200,2500.0,"[7008001,7008002]",False,0,0,0,0,Sacerdote Infectado,Assaltante de Relíquias,,[]
5051274,72,0,10650000,1,8,0,Monster_Name_5051274,Monster_Title_505113,0,505113,2,0,False,0,0,2,1,True,True,40,50,200,2500.0,"[7008101,7008102,7008103]",False,0,0,0,0,Ciborgue Infectado,Assaltante de Relíquias,,[]
5051275,72,0,10670000,1,8,0,Monster_Name_5051275,Monster_Title_505113,0,505113,2,0,False,0,0,2,1,True,True,40,50,200,2500.0,"[7010201,7010202,7010203]",False,0,0,0,0,Infectado Mutante,Assaltante de Relíquias,,[]
5051281,72,0,16360000,498,394,0,Monster_Name_5051281,,0,0,2,0,False,0,0,2,1,False,False,200,300,600,2500.0,[7104013],True,0,0,0,0,Guardião da Torre,,,[]
5051282,72,0,10820001,1,8,0,Monster_Name_5051282,,0,0,2,0,False,0,0,2,0,True,True,40,80,200,3500.0,"[7014201,7014202,7014203]",False,0,0,0,0,Buscador da Pedra Sagrada,,,[]
5051283,72,0,10821002,1,8,0,Monster_Name_5051283,,0,0,2,0,False,0,0,2,0,True,True,40,60,200,3500.0,"[7014401,7014402,7014403]",False,0,0,0,0,Guardião da Pedra Sagrada,,,[]
5051501,75,0,10815001,1,4,0,Monster_Name_5051501,Monster_Title_505101,0,505101,2,103,False,0,2,2,1,True,True,40,50,100,3000.0,[7015401],False,0,0,0,0,Kokorung,Protetor das Provas,,[]
5051502,75,0,10680001,5052502,4,0,Monster_Name_5051502,Monster_Title_505101,0,505101,2,103,False,0,2,2,1,True,True,40,50,200,3000.0,[7010801],False,0,0,0,0,Karon Mão Negra,Protetor das Provas,,[]
5051503,75,0,10550010,1,4,0,Monster_Name_5051503,Monster_Title_505101,0,505101,2,103,False,0,2,2,1,True,True,40,50,200,3000.0,"[7006201,7006202,7006203,7006204,7006205]",False,0,0,0,0,Czar,Protetor das Provas,,[]
5051504,75,0,10670001,5051504,4,0,Monster_Name_5051504,Monster_Title_505101,0,505101,2,103,False,0,2,2,1,True,True,40,50,200,3000.0,"[7010204,7010205,7010206]",False,0,0,0,0,Assunto Delta,Protetor das Provas,,[]
5051505,75,0,10660002,5051505,4,0,Monster_Name_5051505,Monster_Title_505101,0,505101,2,103,False,0,2,2,1,True,True,40,100,200,3000.0,"[7006801,7006802,7006803]",False,0,0,0,0,Mutante Repugnante,Protetor das Provas,,[]
5051506,75,0,16210000,5051506,4,0,Monster_Name_5051506,Monster_Title_505101,0,505101,2,103,False,0,2,2,1,True,True,40,100,200,3000.0,[7101701],False,0,0,0,0,Infectado Mutante,Protetor das Provas,,[]
5051507,75,0,16040001,5051507,4,0,Monster_Name_5051507,Monster_Title_505101,0,505101,2,103,False,0,2,2,1,True,True,150,200,200,3000.0,[7102012],False,0,0,0,0,Flor da Corrupção,Protetor das Provas,,[]
5051508,75,0,18680006,5051508,4,0,Monster_Name_5051508,Monster_Title_505101,0,505101,2,103,False,0,2,2,1,True,True,60,100,200,3000.0,"[7104209,7104210]",False,0,0,0,0,Tetra,Protetor das Provas,,[]
5051509,75,0,17780004,5051509,4,0,Monster_Name_5051509,Monster_Title_505101,0,505101,2,103,False,0,2,2,1,True,True,40,50,200,3000.0,"[7104709,7104710,7104711]",False,0,0,0,0,Assassino,Protetor das Provas,,[]
5051510,75,0,17740010,5051510,4,0,Monster_Name_5051510,Monster_Title_505101,0,505101,2,103,False,0,2,2,1,True,True,100,150,200,3000.0,"[7104120,7104121]",False,0,0,0,0,Sigma Negra,Protetor das Provas,,[]
5051511,75,0,17430001,5051511,4,0,Monster_Name_5051511,Monster_Title_505101,0,505101,2,103,False,0,2,2,1,True,True,40,100,310,3000.0,[7104506],False,0,0,0,0,Euclid Nova,Protetor das Provas,,[]
5051512,75,0,16200001,5051512,4,0,Monster_Name_5051512,Monster_Title_505101,0,505101,2,103,False,0,2,2,1,True,True,150,450,200,3000.0,[7101601],False,0,0,0,0,Executor,Protetor das Provas,,[]
5051581,75,0,14000001,9016,4,0,Monster_Name_5051581,Monster_Title_505101,0,505101,2,103,False,0,2,2,1,True,True,95,100,360,3000.0,"[7210101,7210102,7210103]",False,0,0,0,0,Banshee MAU,Protetor das Provas,,[]
5051582,75,0,14010001,9017,4,0,Monster_Name_5051582,Monster_Title_505101,0,505101,2,103,False,0,2,2,1,True,True,95,100,360,3000.0,"[7210201,7210202,7210203]",False,0,0,0,0,Gryphon MAU,Protetor das Provas,,[]
5051583,75,0,14020001,9018,4,0,Monster_Name_5051583,Monster_Title_505101,0,505101,2,103,False,0,2,2,1,True,True,110,110,360,3000.0,[7210301],False,0,0,0,0,Argos MAU,Protetor das Provas,,[]
5051584,75,0,14030001,9019,4,0,Monster_Name_5051584,Monster_Title_505101,0,505101,2,103,False,0,2,2,1,True,True,100,100,460,3000.0,"[7210401,7210402,7210403]",False,0,0,0,0,Centurion MAU,Protetor das Provas,,[]
5051585,75,0,14040001,9020,4,0,Monster_Name_5051585,Monster_Title_505101,0,505101,2,103,False,0,2,2,1,True,True,100,100,460,3000.0,"[7210501,7210502,7210503]",False,0,0,0,0,Kronos MAU,Protetor das Provas,,[]
5051586,75,0,14050001,9021,4,0,Monster_Name_5051586,Monster_Title_505101,0,505101,2,103,False,0,2,2,1,True,True,130,130,460,3000.0,"[7210601,7210602]",False,0,0,0,0,Hellfire MAU,Protetor das Provas,,[]
5051587,75,0,14060001,9022,4,0,Monster_Name_5051587,Monster_Title_505101,0,505101,2,103,False,0,2,2,1,True,True,130,130,540,3000.0,"[3507001,3507002,3507003,3507004,3507005]",False,0,0,0,0,Stinger MAU,Protetor das Provas,,[]
5051588,75,0,14070001,9023,4,0,Monster_Name_5051588,Monster_Title_505101,0,505101,2,103,False,0,2,2,1,True,True,130,130,540,3000.0,"[7210801,7210802,7210803,7210804]",False,0,0,0,0,MAU Ares,Protetor das Provas,,[]
5051589,75,0,14080001,9024,4,0,Monster_Name_5051589,Monster_Title_505101,0,505101,2,103,False,0,2,2,1,True,True,180,180,540,3000.0,"[7210901,7210902,7210903,7210904,7210905]",False,0,0,0,0,Kraken MAU,Protetor das Provas,,[]
5051801,78,0,31490000,999999,1,5051801,Object_Name_5051801,,0,0,3,117,False,0,0,2,0,True,False,30,95,180,3000.0,[],False,0,0,0,0,Relíquia Arcana,,,[]
5051901,75,0,16380004,5051901,4,0,Monster_Name_5051901,Monster_Title_505101,0,505101,2,103,False,0,2,2,1,True,True,200,300,600,3000.0,[7104341],False,0,0,0,0,Urano,Protetor das Provas,,[]
5051902,78,0,30450001,0,1,0,,,0,0,1,0,False,0,0,2,0,False,False,40,100,600,3000.0,[],True,0,1,0,0,,,,[]
5051903,78,0,30080000,0,1,0,,,0,0,1,0,False,0,0,2,0,False,False,40,100,600,3000.0,[],True,0,1,0,0,,,,[]
5051981,78,0,31480000,0,1,5051981,NPC_Name_5051981,,0,0,3,117,False,0,0,2,0,True,False,40,100,200,3000.0,[],False,0,2,0,0,Caminho da Paz,,,[]
5051982,78,0,31480000,0,1,5051982,NPC_Name_5051982,,0,0,3,117,False,0,0,2,0,True,False,40,100,200,3000.0,[],False,0,2,0,0,Caminho das Provas,,,[]
5051983,78,0,31480000,0,1,5051983,NPC_Name_5051983,,0,0,3,117,False,0,0,2,0,True,False,40,100,200,3000.0,[],False,0,2,0,0,Caminho das Tribulações,,,[]
5051984,78,0,31480000,0,1,5051984,NPC_Name_5051984,,0,0,3,117,False,0,0,2,0,True,False,40,100,200,3000.0,[],False,0,2,0,0,Portão da Caça,,,[]
5051985,78,0,31480003,0,1,5051985,NPC_Name_5051985,,0,0,3,117,False,0,0,2,0,True,False,40,100,200,3000.0,[],False,0,2,0,0,Portão da Exploração,,,[]
5051986,78,0,31480001,0,1,5051986,NPC_Name_5051986,,0,0,3,117,False,0,0,2,0,True,False,40,100,200,3000.0,[],False,0,2,0,0,Portão da Adversidade,,,[]
5051987,78,0,31480001,0,1,5051987,NPC_Name_5051986,,0,0,3,117,False,0,0,2,0,True,False,40,100,200,3000.0,[],False,0,2,0,0,Portão da Adversidade,,,[]
5051988,78,0,31480002,0,1,5051988,NPC_Name_5051988,,0,0,3,117,False,0,0,2,0,True,False,40,100,200,3000.0,[],False,0,2,0,0,Portão da Fortuna,,,[]
5051989,78,0,31480004,0,1,5051989,NPC_Name_5051989,,0,0,3,117,False,0,0,2,0,True,False,40,100,200,3000.0,[],False,0,2,0,0,Fim dos Testes,,,[]
5052001,84,0,17450000,1,1,0,Monster_Name_5052001,Monster_Title_505201,0,505201,2,0,False,0,0,2,0,True,True,40,50,200,3000.0,[7003001],False,0,0,0,0,Guerreiro Androide,Protetor das Provas,,[]
5052002,84,0,17460000,1,1,0,Monster_Name_5052002,Monster_Title_505201,0,505201,2,0,False,0,0,2,0,True,True,40,50,200,3000.0,[7003101],False,0,0,0,0,Soldado Android,Protetor das Provas,,[]
5052003,84,0,10810003,1,1,0,Monster_Name_5052003,Monster_Title_505201,0,505201,2,0,False,0,0,2,1,True,True,40,60,200,3000.0,"[7012401,7012402]",False,0,0,0,0,Bork de Assalto Desenfreado,Protetor das Provas,,[]
5052004,84,0,18800000,1,1,0,Monster_Name_5052004,Monster_Title_505201,0,505201,2,0,False,0,0,2,0,True,True,40,60,200,3000.0,"[7013701,7013702,7013703]",False,0,0,0,0,Vanguarda Android,Protetor das Provas,,[]
5052005,84,0,18790000,1,1,0,Monster_Name_5052005,Monster_Title_505201,0,505201,2,0,False,0,0,2,0,True,True,40,60,200,3000.0,"[7013601,7013602]",False,0,0,0,0,Striker Android,Protetor das Provas,,[]
5052006,84,0,10810003,1,1,0,Monster_Name_5052006,Monster_Title_505201,0,505201,2,0,False,0,0,2,1,True,True,40,60,200,3000.0,"[7012401,7012402]",False,0,0,0,0,Bork de Assalto Desenfreado,Protetor das Provas,,[]
5052007,84,0,10150000,1,1,0,Monster_Name_5052007,Monster_Title_505201,0,505201,2,0,False,0,0,2,0,True,True,40,80,200,3000.0,[7006501],False,0,0,0,0,Glatt,Protetor das Provas,,[]
5052008,84,0,10160000,1,1,0,Monster_Name_5052008,Monster_Title_505201,0,505201,2,0,False,0,0,2,0,True,True,40,50,200,3000.0,[7000901],False,0,0,0,0,Lunker,Protetor das Provas,,[]
5052009,84,0,10010003,1,1,0,Monster_Name_5052009,Monster_Title_505201,0,505201,2,0,False,0,0,2,1,True,True,40,100,200,3000.0,[7000101],False,0,0,0,0,Estilhaçador Selvagem,Protetor das Provas,,[]
5052011,84,0,10300000,1,1,0,Monster_Name_5052011,Monster_Title_505201,0,505201,2,0,False,0,0,2,0,True,True,40,80,200,3000.0,"[7004301,7004302]",False,0,0,0,0,Pinça,Protetor das Provas,,[]
5052012,84,0,10140002,1,1,0,Monster_Name_5052012,Monster_Title_505201,0,505201,2,0,False,0,0,2,0,True,True,40,80,200,3000.0,"[7005501,7005502]",False,0,0,0,0,Meevlan,Protetor das Provas,,[]
5052013,84,0,10050002,1,1,0,Monster_Name_5052013,Monster_Title_505201,0,505201,2,0,False,0,0,2,1,True,True,40,50,200,3000.0,"[7003701,7003702,7003703]",False,0,0,0,0,Arghol Selvagem,Protetor das Provas,,[]
5052014,84,0,10350000,1,1,0,Monster_Name_5052014,Monster_Title_505201,0,505201,2,0,False,0,0,2,0,True,True,40,50,200,3000.0,"[7005701,7005702]",False,0,0,0,0,Dagan,Protetor das Provas,,[]
5052015,84,0,10370000,1,1,0,Monster_Name_5052015,Monster_Title_505201,0,505201,2,0,False,0,0,2,0,True,True,40,50,200,3000.0,"[7008301,7008302]",False,0,0,0,0,Larva Infernal,Protetor das Provas,,[]
5052016,84,0,10823002,1,1,0,Monster_Name_5052016,Monster_Title_505201,0,505201,2,0,False,0,0,2,1,True,True,40,40,80,3000.0,"[7016401,7016402]",False,0,0,0,0,Fantasma Blindado Enfurecido,Protetor das Provas,,[]
5052017,84,0,10870000,1,1,0,Monster_Name_5052017,Monster_Title_505201,0,505201,2,0,False,0,0,2,0,True,True,40,40,100,3000.0,"[7019801,7019802]",False,0,0,0,0,Guerreiro Calliana,Protetor das Provas,,[]
5052018,84,0,10860000,1,1,0,Monster_Name_5052018,Monster_Title_505201,0,505201,2,0,False,0,0,2,0,True,True,40,40,100,3000.0,"[7019701,7019702,7019703]",False,0,0,0,0,Atirador Calliana,Protetor das Provas,,[]
5052019,84,0,10810003,1,1,0,Monster_Name_5052019,Monster_Title_505201,0,505201,2,0,False,0,0,2,1,True,True,40,60,200,3000.0,"[7012401,7012402]",False,0,0,0,0,Bork de Assalto Desenfreado,Protetor das Provas,,[]
5052021,84,0,10816000,1,1,0,Monster_Name_5052021,Monster_Title_505201,0,505201,2,0,False,0,0,2,0,True,True,40,40,110,3000.0,"[7015101,7015102]",False,0,0,0,0,Buscador Clops,Protetor das Provas,,[]
5052022,84,0,10818000,1,1,0,Monster_Name_5052022,Monster_Title_505201,0,505201,2,0,False,0,0,2,0,True,True,40,40,110,3000.0,[7015001],False,0,0,0,0,Enganador Clops,Protetor das Provas,,[]
5052023,84,0,10310003,1,1,0,Monster_Name_5052023,Monster_Title_505201,0,505201,2,0,False,0,0,2,1,True,True,40,130,200,3000.0,"[7005801,7005802]",False,0,0,0,0,Brutal Selvagem,Protetor das Provas,,[]
5052024,84,0,10550000,1,1,0,Monster_Name_5052024,Monster_Title_505201,0,505201,2,0,False,0,0,2,0,True,True,40,50,200,3000.0,"[7006201,7006202]",False,0,0,0,0,Guerreiro Crawler,Protetor das Provas,,[]
5052025,84,0,10551000,1,1,0,Monster_Name_5052025,Monster_Title_505201,0,505201,2,0,False,0,0,2,0,True,True,40,50,200,3000.0,[7006301],False,0,0,0,0,Batedor Crawler,Protetor das Provas,,[]
5052026,84,0,10842001,1,1,0,Monster_Name_5052026,Monster_Title_505201,0,505201,2,0,False,0,0,2,1,True,True,40,40,50,3000.0,[7018302],False,0,0,0,0,Pathfinder Desenfreado,Protetor das Provas,,[]
5052027,84,0,18610003,1,1,0,Monster_Name_5052027,Monster_Title_505201,0,505201,2,0,False,0,0,2,0,True,True,40,50,200,3000.0,[7011401],False,0,0,0,0,Lanceiro Cultista,Protetor das Provas,,[]
5052028,84,0,18620004,1,1,0,Monster_Name_5052028,Monster_Title_505201,0,505201,2,0,False,0,0,2,0,True,True,40,50,200,3000.0,[7011501],False,0,0,0,0,Arqueiro Cultista,Protetor das Provas,,[]
5052029,84,0,10460002,1,1,0,Monster_Name_5052029,Monster_Title_505201,0,505201,2,0,False,0,0,2,1,True,True,40,80,200,3000.0,[7008401],False,0,0,0,0,Fantasma Enfurecido,Protetor das Provas,,[]
5052031,84,0,18680003,1,1,0,Monster_Name_5052031,Monster_Title_505201,0,505201,2,0,False,0,0,2,0,True,True,40,100,200,3000.0,"[7012601,7012602]",False,0,0,0,0,Fanático Cultista,Protetor das Provas,,[]
5052032,84,0,18690003,1,1,0,Monster_Name_5052032,Monster_Title_505201,0,505201,2,0,False,0,0,2,0,True,True,40,100,200,3000.0,"[7012701,7012702]",False,0,0,0,0,Sacerdote de Batalha Cultista,Protetor das Provas,,[]
5052033,84,0,10823002,1,1,0,Monster_Name_5052033,Monster_Title_505201,0,505201,2,0,False,0,0,2,1,True,True,40,40,80,3000.0,"[7016401,7016402]",False,0,0,0,0,Fantasma Blindado Enfurecido,Protetor das Provas,,[]
5052034,84,0,10540000,1,1,0,Monster_Name_5052034,Monster_Title_505201,0,505201,2,0,False,0,0,2,0,True,True,40,50,200,3000.0,[7002701],False,0,0,0,0,Saqueador Equesian,Protetor das Provas,,[]
5052035,84,0,10541000,1,1,0,Monster_Name_5052035,Monster_Title_505201,0,505201,2,0,False,0,0,2,0,True,True,40,50,200,3000.0,[7002801],False,0,0,0,0,Atirador Equesian,Protetor das Provas,,[]
5052036,84,0,10831002,1,1,0,Monster_Name_5052036,Monster_Title_505201,0,505201,2,0,False,0,0,2,1,True,True,40,80,140,3000.0,"[7015801,7015802]",False,0,0,0,0,Junker Enfurecido,Protetor das Provas,,[]
5052037,84,0,10813000,1,1,0,Monster_Name_5052037,Monster_Title_505201,0,505201,2,0,False,0,0,2,0,True,True,40,50,80,3000.0,"[7014901,7014902]",False,0,0,0,0,Farejador Ferinky,Protetor das Provas,,[]
5052038,84,0,10814000,1,1,0,Monster_Name_5052038,Monster_Title_505201,0,505201,2,0,False,0,0,2,0,True,True,40,50,80,3000.0,[7015501],False,0,0,0,0,Ranger Ferinky,Protetor das Provas,,[]
5052039,84,0,10130001,1,1,0,Monster_Name_5052039,Monster_Title_505201,0,505201,2,0,False,0,0,2,1,True,True,40,80,200,3000.0,[7008801],False,0,0,0,0,Simbiote Selvagem,Protetor das Provas,,[]
5052041,84,0,10693001,1,1,0,Monster_Name_5052041,Monster_Title_505201,0,505201,2,0,False,0,0,2,0,True,True,40,50,200,3000.0,[7002301],False,0,0,0,0,Helas Super Soldado,Protetor das Provas,,[]
5052042,84,0,10694001,1,1,0,Monster_Name_5052042,Monster_Title_505201,0,505201,2,0,False,0,0,2,0,True,True,40,50,200,3000.0,[7005301],False,0,0,0,0,Cavalaria Pesada Helas,Protetor das Provas,,[]
5052043,84,0,10831002,1,1,0,Monster_Name_5052043,Monster_Title_505201,0,505201,2,0,False,0,0,2,1,True,True,40,80,140,3000.0,"[7015801,7015802]",False,0,0,0,0,Junker Enfurecido,Protetor das Provas,,[]
5052044,84,0,10834000,1,1,0,Monster_Name_5052044,Monster_Title_505201,0,505201,2,0,False,0,0,2,0,True,True,30,40,50,3000.0,"[7016301,7016302]",False,0,0,0,0,Médico Lydian,Protetor das Provas,,[]
5052045,84,0,10833000,1,1,0,Monster_Name_5052045,Monster_Title_505201,0,505201,2,0,False,0,0,2,0,True,True,40,40,60,3000.0,[7017701],False,0,0,0,0,Cirurgião Lydian,Protetor das Provas,,[]
5052046,84,0,10842001,1,1,0,Monster_Name_5052046,Monster_Title_505201,0,505201,2,0,False,0,0,2,1,True,True,40,40,50,3000.0,[7018302],False,0,0,0,0,Pathfinder Desenfreado,Protetor das Provas,,[]
5052047,84,0,10844000,1,1,0,Monster_Name_5052047,Monster_Title_505201,0,505201,2,0,False,0,0,2,0,True,True,40,50,120,3000.0,"[7019101,7019102,7019103]",False,0,0,0,0,Guerreiro Nether,Protetor das Provas,,[]
5052048,84,0,10845000,1,1,0,Monster_Name_5052048,Monster_Title_505201,0,505201,2,0,False,0,0,2,0,True,True,40,50,120,3000.0,[7019001],False,0,0,0,0,Sentinela Nether,Protetor das Provas,,[]
5052049,84,0,10823002,1,1,0,Monster_Name_5052049,Monster_Title_505201,0,505201,2,0,False,0,0,2,1,True,True,40,40,80,3000.0,"[7016401,7016402]",False,0,0,0,0,Fantasma Blindado Enfurecido,Protetor das Provas,,[]
5052051,84,0,10836000,1,1,0,Monster_Name_5052051,Monster_Title_505201,0,505201,2,0,False,0,0,2,0,True,True,40,60,120,3000.0,"[7017401,7017402]",False,0,0,0,0,Mentalista Palid,Protetor das Provas,,[]
5052052,84,0,10837000,1,1,0,Monster_Name_5052052,Monster_Title_505201,0,505201,2,0,False,0,0,2,0,True,True,30,40,50,3000.0,[7018101],False,0,0,0,0,Feiticeiro Palid,Protetor das Provas,,[]
5052053,84,0,10460002,1,1,0,Monster_Name_5052053,Monster_Title_505201,0,505201,2,0,False,0,0,2,1,True,True,40,80,200,3000.0,[7008401],False,0,0,0,0,Fantasma Enfurecido,Protetor das Provas,,[]
5052054,84,0,10530000,1,1,0,Monster_Name_5052054,Monster_Title_505201,0,505201,2,0,False,0,0,2,0,True,True,40,50,200,3000.0,"[7003601,7003602]",False,0,0,0,0,Saqueador Predo,Protetor das Provas,,[]
5052055,84,0,10531000,1,1,0,Monster_Name_5052055,Monster_Title_505201,0,505201,2,0,False,0,0,2,0,True,True,40,50,200,3000.0,[7003501],False,0,0,0,0,Atirador Predo,Protetor das Provas,,[]
5052056,84,0,10831002,1,1,0,Monster_Name_5052056,Monster_Title_505201,0,505201,2,0,False,0,0,2,1,True,True,40,80,140,3000.0,"[7015801,7015802]",False,0,0,0,0,Junker Desenfreado,Protetor das Provas,,[]
5052057,84,0,10824000,1,1,0,Monster_Name_5052057,Monster_Title_505201,0,505201,2,0,False,0,0,2,0,True,True,30,40,200,3000.0,"[7014301,7014302]",False,0,0,0,0,G-Box,Protetor das Provas,,[]
5052058,84,0,10410000,1,1,0,Monster_Name_5052058,Monster_Title_505201,0,505201,2,0,False,0,0,2,0,True,True,40,50,200,3000.0,[7008201],False,0,0,0,0,Passer Alpha,Protetor das Provas,,[]
5052059,84,0,10842001,1,1,0,Monster_Name_5052059,Monster_Title_505201,0,505201,2,0,False,0,0,2,1,True,True,40,40,50,3000.0,[7018302],False,0,0,0,0,Pathfinder Desenfreado,Protetor das Provas,,[]
5052061,84,0,10510000,1,1,0,Monster_Name_5052061,Monster_Title_505201,0,505201,2,0,False,0,0,2,0,True,True,40,50,200,3000.0,[7001401],False,0,0,0,0,Guerreiro Saura,Protetor das Provas,,[]
5052062,84,0,10520000,1,1,0,Monster_Name_5052062,Monster_Title_505201,0,505201,2,0,False,0,0,2,0,True,True,40,50,200,3000.0,[7001502],False,0,0,0,0,Batedor Saura,Protetor das Provas,,[]
5052063,84,0,10842001,1,1,0,Monster_Name_5052063,Monster_Title_505201,0,505201,2,0,False,0,0,2,1,True,True,40,40,50,3000.0,[7018302],False,0,0,0,0,Pathfinder Desenfreado,Protetor das Provas,,[]
5052064,84,0,10511000,1,1,0,Monster_Name_5052064,Monster_Title_505201,0,505201,2,0,False,0,0,2,0,True,True,40,50,200,3000.0,"[7004001,7004002]",False,0,0,0,0,Guerreiro Eldrige,Protetor das Provas,,[]
5052065,84,0,10521000,1,1,0,Monster_Name_5052065,Monster_Title_505201,0,505201,2,0,False,0,0,2,0,True,True,40,50,200,3000.0,[7006401],False,0,0,0,0,Eldrige Batedor,Protetor das Provas,,[]
5052066,84,0,10842001,1,1,0,Monster_Name_5052066,Monster_Title_505201,0,505201,2,0,False,0,0,2,1,True,True,40,40,50,3000.0,[7018302],False,0,0,0,0,Pathfinder Desenfreado,Protetor das Provas,,[]
5052067,84,0,10572000,1,1,0,Monster_Name_5052067,Monster_Title_505201,0,505201,2,0,False,0,0,2,0,True,True,40,50,200,3000.0,[7007201],False,0,0,0,0,Lanceiro Snatcher,Protetor das Provas,,[]
5052068,84,0,10573000,1,1,0,Monster_Name_5052068,Monster_Title_505201,0,505201,2,0,False,0,0,2,0,True,True,40,50,200,3000.0,[7007301],False,0,0,0,0,Arremessador Snatcher,Protetor das Provas,,[]
5052069,84,0,10620001,1,1,0,Monster_Name_5052069,Monster_Title_505201,0,505201,2,0,False,0,0,2,1,True,True,40,200,200,3000.0,"[7007901,7007904]",False,0,0,0,0,Canibal Selvagem,Protetor das Provas,,[]
5052071,84,0,10910000,1,1,0,Monster_Name_5052071,Monster_Title_505201,0,505201,2,0,False,0,0,2,0,True,True,40,40,80,3000.0,"[7020201,7020202]",False,0,0,0,0,Turkan Snatcher Raider,Protetor das Provas,,[]
5052072,84,0,10920000,1,1,0,Monster_Name_5052072,Monster_Title_505201,0,505201,2,0,False,0,0,2,0,True,True,40,40,80,3000.0,[7020301],False,0,0,0,0,Sniper Turkan Snatcher,Protetor das Provas,,[]
5052073,84,0,10620001,1,1,0,Monster_Name_5052073,Monster_Title_505201,0,505201,2,0,False,0,0,2,1,True,True,40,200,200,3000.0,"[7007901,7007904]",False,0,0,0,0,Canibal Selvagem,Protetor das Provas,,[]
5052074,84,0,10826000,1,1,0,Monster_Name_5052074,Monster_Title_505201,0,505201,2,0,False,0,0,2,0,True,True,40,60,120,3000.0,"[7015901,7015902]",False,0,0,0,0,Guerreiro Soma,Protetor das Provas,,[]
5052075,84,0,10825000,1,1,0,Monster_Name_5052075,Monster_Title_505201,0,505201,2,0,False,0,0,2,0,True,True,30,40,200,3000.0,"[7014501,7014502,7014503]",False,0,0,0,0,Ranger Soma,Protetor das Provas,,[]
5052076,84,0,10842001,1,1,0,Monster_Name_5052076,Monster_Title_505201,0,505201,2,0,False,0,0,2,1,True,True,40,40,50,3000.0,[7018302],False,0,0,0,0,Pathfinder Desenfreado,Protetor das Provas,,[]
5052077,84,0,10841000,1,1,0,Monster_Name_5052077,Monster_Title_505201,0,505201,2,0,False,0,0,2,0,True,True,30,40,50,3000.0,"[7018001,7018002]",False,0,0,0,0,Juiz Thermit,Protetor das Provas,,[]
5052078,84,0,10840000,1,1,0,Monster_Name_5052078,Monster_Title_505201,0,505201,2,0,False,0,0,2,0,True,True,30,40,50,3000.0,[7017901],False,0,0,0,0,Purificador Thermit,Protetor das Provas,,[]
5052079,84,0,10460002,1,1,0,Monster_Name_5052079,Monster_Title_505201,0,505201,2,0,False,0,0,2,1,True,True,40,80,200,3000.0,[7008401],False,0,0,0,0,Fantasma Enfurecido,Protetor das Provas,,[]
5052081,84,0,10441000,1,1,0,Monster_Name_5052081,Monster_Title_505201,0,505201,2,0,False,0,0,2,0,True,True,40,100,200,3000.0,[7012101],False,0,0,0,0,Ladino Vafer,Protetor das Provas,,[]
5052082,84,0,10442000,1,1,0,Monster_Name_5052082,Monster_Title_505201,0,505201,2,0,False,0,0,2,0,True,True,40,100,200,3000.0,[7012001],False,0,0,0,0,Mortal Vafer,Protetor das Provas,,[]
5052083,84,0,10010003,1,1,0,Monster_Name_5052083,Monster_Title_505201,0,505201,2,0,False,0,0,2,1,True,True,40,100,200,3000.0,[7000101],False,0,0,0,0,Estilhaçador Selvagem,Protetor das Provas,,[]
5052084,84,0,10890000,1,1,0,Monster_Name_5052084,Monster_Title_505201,0,505201,2,0,False,0,0,2,0,True,True,40,70,150,3000.0,"[7020001,7020002,7020003]",False,0,0,0,0,Soldado Pesado Turkan Vafer,Protetor das Provas,,[]
5052085,84,0,10900000,1,1,0,Monster_Name_5052085,Monster_Title_505201,0,505201,2,0,False,0,0,2,0,True,True,40,50,150,3000.0,"[7020101,7020102]",False,0,0,0,0,Soldado de Cerco Turkan Vafer,Protetor das Provas,,[]
5052086,84,0,10010003,1,1,0,Monster_Name_5052086,Monster_Title_505201,0,505201,2,0,False,0,0,2,1,True,True,40,100,200,3000.0,[7000101],False,0,0,0,0,Estilhaçador Selvagem,Protetor das Provas,,[]
5052201,84,0,10835000,1,8,0,Monster_Name_5052201,,0,0,2,0,False,0,0,2,1,False,False,50,70,120,2500.0,"[7017301,7017302]",False,0,0,0,0,Sombra do Vazio,,,[]
5052202,80,0,30080015,1,1,0,,,0,0,2,0,False,0,0,2,0,False,False,0,0,0,3000.0,[],False,0,0,0,0,,,,[]
5052211,84,0,10770000,383124,4,0,Monster_Name_5052211,,0,0,2,103,False,0,2,2,1,True,True,200,300,500,3000.0,[7022001],False,0,0,0,0,Auto-Torreta,,,[]
5052212,80,0,31410000,0,1,0,Monster_Name_5052212,,0,0,2,0,False,0,0,2,0,False,False,0,90,90,3000.0,[],False,0,1,0,0,Barreira da Torreta,,,[]
5052213,84,0,30940001,0,5052213,0,Monster_Name_5052213,,0,0,2,0,False,0,0,2,0,True,True,25,30,90,3000.0,[],False,0,0,0,0,Gerador de Barreira,,,[]
5052221,84,0,10501001,1,8,0,Monster_Name_5052221,Monster_Title_505211,0,505211,2,103,False,0,2,2,1,True,True,40,50,200,3000.0,[7009405],False,0,0,0,0,Alto Reitor,Devorador de Memórias,,[]
5052222,84,0,10040002,1,8,0,Monster_Name_5052222,Monster_Title_505212,0,505212,2,0,False,0,0,2,1,True,True,40,50,200,2500.0,[7001201],True,0,0,0,0,Sombra Mahr,Phantom do Devorador de Memórias,,[]
5052223,84,0,10041001,1,8,0,Monster_Name_5052223,Monster_Title_505212,0,505212,2,0,False,0,0,2,1,True,True,40,80,200,2500.0,[7001101],True,0,0,0,0,Criador de Shadow Mahr,Phantom do Devorador de Memórias,,[]
5052224,84,0,10810004,1,8,0,Monster_Name_5052224,Monster_Title_505212,0,505212,2,0,False,0,0,2,1,True,True,40,60,200,2500.0,"[7012401,7012402]",True,0,0,0,0,Assalto Sombrio Bork,Phantom do Devorador de Memórias,,[]
5052225,84,0,10370002,1,8,0,Monster_Name_5052225,Monster_Title_505212,0,505212,2,0,False,0,0,2,1,True,True,40,50,200,2500.0,"[7008301,7008302]",True,0,0,0,0,Rama Infernal das Sombras,Phantom do Devorador de Memórias,,[]
5052226,84,0,10500001,1,8,0,Monster_Name_5052226,Monster_Title_505212,0,505212,2,0,False,0,0,2,1,True,True,50,50,200,2500.0,[7003301],True,0,0,0,0,Reitor das Sombras,Phantom do Devorador de Memórias,,[]
5052231,84,0,10821000,383141,8,0,Monster_Name_5052231,,0,0,2,0,False,0,0,2,1,True,True,40,60,200,2500.0,[],False,0,0,0,0,Rastreador,,,[]
5052232,84,0,31180001,1,1,0,Monster_Name_5052232,,0,0,2,0,False,0,0,2,1,False,False,0,90,90,2500.0,[7020801],False,0,1,0,0,Mina Eletrônica,,,[]
5052241,84,0,10480051,383151,5052241,0,Monster_Name_5052241,,0,0,2,0,False,0,0,2,0,True,True,40,90,90,2500.0,[],False,0,0,0,0,Drone de Sobrecarga,,,[]
5052251,84,0,31400091,1,5052251,0,Monster_Name_5052251,,0,0,2,0,False,0,0,2,0,True,True,50,150,400,2500.0,[],False,0,0,0,0,Torre do Brilho,,,[]
5052252,84,0,31400092,1,5052252,0,Monster_Name_5052252,,0,0,2,0,False,0,0,2,0,True,True,50,150,400,2500.0,[],False,0,0,0,0,Torre de Aço,,,[]
5052253,84,0,18780000,1,8,0,Monster_Name_5052253,,0,0,2,0,False,0,0,2,1,True,True,40,60,200,3500.0,"[7013501,7013502]",False,0,0,0,0,Phantom de Aço,,,[]
5052254,84,0,10837000,1,8,0,Monster_Name_5052254,,0,0,2,0,False,0,0,2,1,True,True,30,40,50,3500.0,[7018101],False,0,0,0,0,Phantom de Brilho,,,[]
5052255,84,0,10811000,1,8,0,,,0,0,1,0,False,0,0,2,1,False,False,40,60,200,2500.0,"[7012501,7012502]",False,0,1,0,0,,,,[]
5052256,84,0,10849000,1,8,0,,,0,0,1,0,False,0,0,2,1,False,False,40,90,90,2500.0,[7019301],False,0,1,0,0,,,,[]
5052261,84,0,17440002,0,8,0,Monster_Name_5052261,,0,0,2,0,False,0,0,2,0,True,True,40,100,200,2500.0,"[7014601,7014602]",False,0,0,0,0,Soldado Android,,,[]
5052262,84,0,17440001,327,8,0,Monster_Name_5052262,,0,0,2,0,False,0,0,2,0,True,True,40,100,200,2500.0,"[7014601,7014602]",False,0,0,0,0,Soldado Android,,,[]
5052271,84,0,31150001,1,5052271,0,NPC_Name_5052271,,0,0,2,103,False,0,2,2,0,True,True,40,100,400,2500.0,[],False,0,0,0,0,Obelisco,,,[]
5052272,84,0,10630000,1,8,0,Monster_Name_5052272,Monster_Title_505213,0,505213,2,0,False,0,0,2,1,True,True,40,50,200,2500.0,"[7006701,7006702,7006703]",False,0,0,0,0,Soldado Infectado,Assaltante de Relíquias,,[]
5052273,84,0,10640000,1,8,0,Monster_Name_5052273,Monster_Title_505213,0,505213,2,0,False,0,0,2,1,True,True,40,50,200,2500.0,"[7008001,7008002]",False,0,0,0,0,Sacerdote Infectado,Assaltante de Relíquias,,[]
5052274,84,0,10650000,1,8,0,Monster_Name_5052274,Monster_Title_505213,0,505213,2,0,False,0,0,2,1,True,True,40,50,200,2500.0,"[7008101,7008102,7008103]",False,0,0,0,0,Ciborgue Infectado,Assaltante de Relíquias,,[]
5052275,84,0,10670000,1,8,0,Monster_Name_5052275,Monster_Title_505213,0,505213,2,0,False,0,0,2,1,True,True,40,50,200,2500.0,"[7010201,7010202,7010203]",False,0,0,0,0,Infectado Mutado,Assaltante de Relíquias,,[]
5052281,84,0,16360000,498,394,0,Monster_Name_5052281,,0,0,2,0,False,0,0,2,1,False,False,200,300,600,2500.0,[7104013],True,0,0,0,0,Guardião da Torre,,,[]
5052282,84,0,10820001,1,8,0,Monster_Name_5052282,,0,0,2,0,False,0,0,2,0,True,True,40,80,200,3500.0,"[7014201,7014202,7014203]",False,0,0,0,0,Buscador da Pedra Sagrada,,,[]
5052283,84,0,10821002,1,8,0,Monster_Name_5052283,,0,0,2,0,False,0,0,2,0,True,True,40,60,200,3500.0,"[7014401,7014402,7014403]",False,0,0,0,0,Guardião da Pedra Sagrada,,,[]
5052501,84,0,10815001,1,4,0,Monster_Name_5052501,Monster_Title_505201,0,505201,2,103,False,0,2,2,1,True,True,40,50,100,3000.0,[7015401],False,0,0,0,0,Kokorung,Protetor das Provas,,[]
5052502,84,0,10680001,5052502,4,0,Monster_Name_5052502,Monster_Title_505201,0,505201,2,103,False,0,2,2,1,True,True,40,50,200,3000.0,[7010801],False,0,0,0,0,Karon Mão Negra,Protetor das Provas,,[]
5052503,84,0,10550010,1,4,0,Monster_Name_5052503,Monster_Title_505201,0,505201,2,103,False,0,2,2,1,True,True,40,50,200,3000.0,"[7006201,7006202,7006203,7006204,7006205]",False,0,0,0,0,Czar,Protetor das Provas,,[]
5052504,84,0,10670001,5051504,4,0,Monster_Name_5052504,Monster_Title_505201,0,505201,2,103,False,0,2,2,1,True,True,40,50,200,3000.0,"[7010204,7010205,7010206]",False,0,0,0,0,Assunto Delta,Protetor das Provas,,[]
5052505,84,0,10660002,5051505,4,0,Monster_Name_5052505,Monster_Title_505201,0,505201,2,103,False,0,2,2,1,True,True,40,100,200,3000.0,"[7006801,7006802,7006803]",False,0,0,0,0,Mutante Repugnante,Protetor das Provas,,[]
5052506,84,0,16210000,5051506,4,0,Monster_Name_5052506,Monster_Title_505201,0,505201,2,103,False,0,2,2,1,True,True,40,100,200,3000.0,[7101701],False,0,0,0,0,Infectado Mutante,Protetor das Provas,,[]
5052507,84,0,16040001,5051507,4,0,Monster_Name_5052507,Monster_Title_505201,0,505201,2,103,False,0,2,2,1,True,True,150,200,200,3000.0,[7102012],False,0,0,0,0,Flor da Corrupção,Protetor das Provas,,[]
5052508,84,0,18680006,5051508,4,0,Monster_Name_5052508,Monster_Title_505201,0,505201,2,103,False,0,2,2,1,True,True,60,100,200,3000.0,"[7104209,7104210]",False,0,0,0,0,Tetra,Protetor das Provas,,[]
5052509,84,0,17780004,5051509,4,0,Monster_Name_5052509,Monster_Title_505201,0,505201,2,103,False,0,2,2,1,True,True,40,50,200,3000.0,"[7104709,7104710,7104711]",False,0,0,0,0,Assassino,Protetor das Provas,,[]
5052510,84,0,17740010,5051510,4,0,Monster_Name_5052510,Monster_Title_505201,0,505201,2,103,False,0,2,2,1,True,True,100,150,200,3000.0,"[7104120,7104121]",False,0,0,0,0,Sigma Negra,Protetor das Provas,,[]
5052511,84,0,17430001,5051511,4,0,Monster_Name_5052511,Monster_Title_505201,0,505201,2,103,False,0,2,2,1,True,True,40,100,310,3000.0,[7104506],False,0,0,0,0,Euclid Nova,Protetor das Provas,,[]
5052512,84,0,16200001,5051512,4,0,Monster_Name_5052512,Monster_Title_505201,0,505201,2,103,False,0,2,2,1,True,True,150,450,200,3000.0,[7101601],False,0,0,0,0,Executor,Protetor das Provas,,[]
5052581,84,0,14000001,9016,4,0,Monster_Name_5052581,Monster_Title_505201,0,505201,2,103,False,0,2,2,1,True,True,95,100,360,3000.0,"[7210101,7210102,7210103]",False,0,0,0,0,Banshee MAU,Protetor das Provas,,[]
5052582,84,0,14010001,9017,4,0,Monster_Name_5052582,Monster_Title_505201,0,505201,2,103,False,0,2,2,1,True,True,95,100,360,3000.0,"[7210201,7210202,7210203]",False,0,0,0,0,Gryphon MAU,Protetor das Provas,,[]
5052583,84,0,14020001,9018,4,0,Monster_Name_5052583,Monster_Title_505201,0,505201,2,103,False,0,2,2,1,True,True,110,110,360,3000.0,[7210301],False,0,0,0,0,Argos MAU,Protetor das Provas,,[]
5052584,84,0,14030001,9019,4,0,Monster_Name_5052584,Monster_Title_505201,0,505201,2,103,False,0,2,2,1,True,True,100,100,460,3000.0,"[7210401,7210402,7210403]",False,0,0,0,0,Centurion MAU,Protetor das Provas,,[]
5052585,84,0,14040001,9020,4,0,Monster_Name_5052585,Monster_Title_505201,0,505201,2,103,False,0,2,2,1,True,True,100,100,460,3000.0,"[7210501,7210502,7210503]",False,0,0,0,0,Kronos MAU,Protetor das Provas,,[]
5052586,84,0,14050001,9021,4,0,Monster_Name_5052586,Monster_Title_505201,0,505201,2,103,False,0,2,2,1,True,True,130,130,460,3000.0,"[7210601,7210602]",False,0,0,0,0,Hellfire MAU,Protetor das Provas,,[]
5052587,84,0,14060001,9022,4,0,Monster_Name_5052587,Monster_Title_505201,0,505201,2,103,False,0,2,2,1,True,True,130,130,540,3000.0,"[3507001,3507002,3507003,3507004,3507005]",False,0,0,0,0,Stinger MAU,Protetor das Provas,,[]
5052588,84,0,14070001,9023,4,0,Monster_Name_5052588,Monster_Title_505201,0,505201,2,103,False,0,2,2,1,True,True,130,130,540,3000.0,"[7210801,7210802,7210803,7210804]",False,0,0,0,0,MAU Ares,Protetor das Provas,,[]
5052589,84,0,14080001,9024,4,0,Monster_Name_5052589,Monster_Title_505201,0,505201,2,103,False,0,2,2,1,True,True,180,180,540,3000.0,"[7210901,7210902,7210903,7210904,7210905]",False,0,0,0,0,Kraken MAU,Protetor das Provas,,[]
5052801,80,0,31490000,999999,1,5052801,Object_Name_5052801,,0,0,3,117,False,0,0,2,0,True,False,30,95,180,3000.0,[],False,0,0,0,0,Relíquia Arcana,,,[]
5052901,84,0,16380004,5052901,4,0,Monster_Name_5052901,Monster_Title_505201,0,505201,2,103,False,0,2,2,1,True,True,200,300,600,3000.0,[7104351],False,0,0,0,0,Urano,Protetor das Provas,,[]
5052902,80,0,30450001,0,1,0,,,0,0,1,0,False,0,0,2,0,False,False,40,100,600,3000.0,[],True,0,1,0,0,,,,[]
5052903,80,0,30080000,0,1,0,,,0,0,1,0,False,0,0,2,0,False,False,40,100,600,3000.0,[],True,0,1,0,0,,,,[]
5052981,80,0,31480000,0,1,5052981,NPC_Name_5052981,,0,0,3,117,False,0,0,2,0,True,False,40,100,200,3000.0,[],False,0,2,0,0,Caminho da Paz,,,[]
5052982,80,0,31480000,0,1,5052982,NPC_Name_5052982,,0,0,3,117,False,0,0,2,0,True,False,40,100,200,3000.0,[],False,0,2,0,0,Caminho das Provas,,,[]
5052983,80,0,31480000,0,1,5052983,NPC_Name_5052983,,0,0,3,117,False,0,0,2,0,True,False,40,100,200,3000.0,[],False,0,2,0,0,Caminho das Tribulações,,,[]
5052984,80,0,31480000,0,1,5052984,NPC_Name_5051984,,0,0,3,117,False,0,0,2,0,True,False,40,100,200,3000.0,[],False,0,2,0,0,Portão da Caça,,,[]
5052985,80,0,31480003,0,1,5052985,NPC_Name_5051985,,0,0,3,117,False,0,0,2,0,True,False,40,100,200,3000.0,[],False,0,2,0,0,Portão da Exploração,,,[]
5052986,80,0,31480001,0,1,5052986,NPC_Name_5051986,,0,0,3,117,False,0,0,2,0,True,False,40,100,200,3000.0,[],False,0,2,0,0,Portão da Adversidade,,,[]
5052987,80,0,31480001,0,1,5052987,NPC_Name_5051986,,0,0,3,117,False,0,0,2,0,True,False,40,100,200,3000.0,[],False,0,2,0,0,Portão da Adversidade,,,[]
5052988,80,0,31480002,0,1,5052988,NPC_Name_5051988,,0,0,3,117,False,0,0,2,0,True,False,40,100,200,3000.0,[],False,0,2,0,0,Portão da Fortuna,,,[]
5052989,80,0,31480004,0,1,5052989,NPC_Name_5051989,,0,0,3,117,False,0,0,2,0,True,False,40,100,200,3000.0,[],False,0,2,0,0,Fim dos Testes,,,[]
5053001,96,0,17450000,1,1,0,Monster_Name_5053001,Monster_Title_505301,0,505301,2,0,False,0,0,2,0,True,True,40,50,200,3000.0,[7003001],False,0,0,0,0,Guerreiro Androide,Protetor das Provas,,[]
5053002,96,0,17460000,1,1,0,Monster_Name_5053002,Monster_Title_505301,0,505301,2,0,False,0,0,2,0,True,True,40,50,200,3000.0,[7003101],False,0,0,0,0,Soldado Android,Protetor das Provas,,[]
5053003,96,0,10810003,1,1,0,Monster_Name_5053003,Monster_Title_505301,0,505301,2,0,False,0,0,2,1,True,True,40,60,200,3000.0,"[7012401,7012402]",False,0,0,0,0,Bork de Assalto Desenfreado,Protetor das Provas,,[]
5053004,96,0,18800000,1,1,0,Monster_Name_5053004,Monster_Title_505301,0,505301,2,0,False,0,0,2,0,True,True,40,60,200,3000.0,"[7013701,7013702,7013703]",False,0,0,0,0,Vanguarda Android,Protetor das Provas,,[]
5053005,96,0,18790000,1,1,0,Monster_Name_5053005,Monster_Title_505301,0,505301,2,0,False,0,0,2,0,True,True,40,60,200,3000.0,"[7013601,7013602]",False,0,0,0,0,Striker Android,Protetor das Provas,,[]
5053006,96,0,10810003,1,1,0,Monster_Name_5053006,Monster_Title_505301,0,505301,2,0,False,0,0,2,1,True,True,40,60,200,3000.0,"[7012401,7012402]",False,0,0,0,0,Bork de Assalto Desenfreado,Protetor das Provas,,[]
5053007,96,0,10150000,1,1,0,Monster_Name_5053007,Monster_Title_505301,0,505301,2,0,False,0,0,2,0,True,True,40,80,200,3000.0,[7006501],False,0,0,0,0,Glatt,Protetor das Provas,,[]
5053008,96,0,10160000,1,1,0,Monster_Name_5053008,Monster_Title_505301,0,505301,2,0,False,0,0,2,0,True,True,40,50,200,3000.0,[7000901],False,0,0,0,0,Lunker,Protetor das Provas,,[]
5053009,96,0,10010003,1,1,0,Monster_Name_5053009,Monster_Title_505301,0,505301,2,0,False,0,0,2,1,True,True,40,100,200,3000.0,[7000101],False,0,0,0,0,Estilhaçador Selvagem,Protetor das Provas,,[]
5053011,96,0,10300000,1,1,0,Monster_Name_5053011,Monster_Title_505301,0,505301,2,0,False,0,0,2,0,True,True,40,80,200,3000.0,"[7004301,7004302]",False,0,0,0,0,Pinça,Protetor das Provas,,[]
5053012,96,0,10140002,1,1,0,Monster_Name_5053012,Monster_Title_505301,0,505301,2,0,False,0,0,2,0,True,True,40,80,200,3000.0,"[7005501,7005502]",False,0,0,0,0,Meevlan,Protetor das Provas,,[]
5053013,96,0,10050002,1,1,0,Monster_Name_5053013,Monster_Title_505301,0,505301,2,0,False,0,0,2,1,True,True,40,50,200,3000.0,"[7003701,7003702,7003703]",False,0,0,0,0,Arghol Selvagem,Protetor das Provas,,[]
5053014,96,0,10350000,1,1,0,Monster_Name_5053014,Monster_Title_505301,0,505301,2,0,False,0,0,2,0,True,True,40,50,200,3000.0,"[7005701,7005702]",False,0,0,0,0,Dagan,Protetor das Provas,,[]
5053015,96,0,10370000,1,1,0,Monster_Name_5053015,Monster_Title_505301,0,505301,2,0,False,0,0,2,0,True,True,40,50,200,3000.0,"[7008301,7008302]",False,0,0,0,0,Larva Infernal,Protetor das Provas,,[]
5053016,96,0,10823002,1,1,0,Monster_Name_5053016,Monster_Title_505301,0,505301,2,0,False,0,0,2,1,True,True,40,40,80,3000.0,"[7016401,7016402]",False,0,0,0,0,Fantasma Blindado Enfurecido,Protetor das Provas,,[]
5053017,96,0,10870000,1,1,0,Monster_Name_5053017,Monster_Title_505301,0,505301,2,0,False,0,0,2,0,True,True,40,40,100,3000.0,"[7019801,7019802]",False,0,0,0,0,Guerreiro Calliana,Protetor das Provas,,[]
5053018,96,0,10860000,1,1,0,Monster_Name_5053018,Monster_Title_505301,0,505301,2,0,False,0,0,2,0,True,True,40,40,100,3000.0,"[7019701,7019702,7019703]",False,0,0,0,0,Atirador Calliana,Protetor das Provas,,[]
5053019,96,0,10810003,1,1,0,Monster_Name_5053019,Monster_Title_505301,0,505301,2,0,False,0,0,2,1,True,True,40,60,200,3000.0,"[7012401,7012402]",False,0,0,0,0,Bork de Assalto Desenfreado,Protetor das Provas,,[]
5053021,96,0,10816000,1,1,0,Monster_Name_5053021,Monster_Title_505301,0,505301,2,0,False,0,0,2,0,True,True,40,40,110,3000.0,"[7015101,7015102]",False,0,0,0,0,Buscador Clops,Protetor das Provas,,[]
5053022,96,0,10818000,1,1,0,Monster_Name_5053022,Monster_Title_505301,0,505301,2,0,False,0,0,2,0,True,True,40,40,110,3000.0,[7015001],False,0,0,0,0,Enganador Clops,Protetor das Provas,,[]
5053023,96,0,10310003,1,1,0,Monster_Name_5053023,Monster_Title_505301,0,505301,2,0,False,0,0,2,1,True,True,40,130,200,3000.0,"[7005801,7005802]",False,0,0,0,0,Brutal Selvagem,Protetor das Provas,,[]
5053024,96,0,10550000,1,1,0,Monster_Name_5053024,Monster_Title_505301,0,505301,2,0,False,0,0,2,0,True,True,40,50,200,3000.0,"[7006201,7006202]",False,0,0,0,0,Guerreiro Crawler,Protetor das Provas,,[]
5053025,96,0,10551000,1,1,0,Monster_Name_5053025,Monster_Title_505301,0,505301,2,0,False,0,0,2,0,True,True,40,50,200,3000.0,[7006301],False,0,0,0,0,Batedor Crawler,Protetor das Provas,,[]
5053026,96,0,10842001,1,1,0,Monster_Name_5053026,Monster_Title_505301,0,505301,2,0,False,0,0,2,1,True,True,40,40,50,3000.0,[7018302],False,0,0,0,0,Pathfinder Desenfreado,Protetor das Provas,,[]
5053027,96,0,18610003,1,1,0,Monster_Name_5053027,Monster_Title_505301,0,505301,2,0,False,0,0,2,0,True,True,40,50,200,3000.0,[7011401],False,0,0,0,0,Lanceiro Cultista,Protetor das Provas,,[]
5053028,96,0,18620004,1,1,0,Monster_Name_5053028,Monster_Title_505301,0,505301,2,0,False,0,0,2,0,True,True,40,50,200,3000.0,[7011501],False,0,0,0,0,Arqueiro Cultista,Protetor das Provas,,[]
5053029,96,0,10460002,1,1,0,Monster_Name_5053029,Monster_Title_505301,0,505301,2,0,False,0,0,2,1,True,True,40,80,200,3000.0,[7008401],False,0,0,0,0,Fantasma Enfurecido,Protetor das Provas,,[]
5053031,96,0,18680003,1,1,0,Monster_Name_5053031,Monster_Title_505301,0,505301,2,0,False,0,0,2,0,True,True,40,100,200,3000.0,"[7012601,7012602]",False,0,0,0,0,Fanático Cultista,Protetor das Provas,,[]
5053032,96,0,18690003,1,1,0,Monster_Name_5053032,Monster_Title_505301,0,505301,2,0,False,0,0,2,0,True,True,40,100,200,3000.0,"[7012701,7012702]",False,0,0,0,0,Sacerdote de Batalha Cultista,Protetor das Provas,,[]
5053033,96,0,10823002,1,1,0,Monster_Name_5053033,Monster_Title_505301,0,505301,2,0,False,0,0,2,1,True,True,40,40,80,3000.0,"[7016401,7016402]",False,0,0,0,0,Fantasma Blindado Enfurecido,Protetor das Provas,,[]
5053034,96,0,10540000,1,1,0,Monster_Name_5053034,Monster_Title_505301,0,505301,2,0,False,0,0,2,0,True,True,40,50,200,3000.0,[7002701],False,0,0,0,0,Saqueador Equesian,Protetor das Provas,,[]
5053035,96,0,10541000,1,1,0,Monster_Name_5053035,Monster_Title_505301,0,505301,2,0,False,0,0,2,0,True,True,40,50,200,3000.0,[7002801],False,0,0,0,0,Atirador Equesian,Protetor das Provas,,[]
5053036,96,0,10831002,1,1,0,Monster_Name_5053036,Monster_Title_505301,0,505301,2,0,False,0,0,2,1,True,True,40,80,140,3000.0,"[7015801,7015802]",False,0,0,0,0,Junker Desenfreado,Protetor das Provas,,[]
5053037,96,0,10813000,1,1,0,Monster_Name_5053037,Monster_Title_505301,0,505301,2,0,False,0,0,2,0,True,True,40,50,80,3000.0,"[7014901,7014902]",False,0,0,0,0,Farejador Ferinky,Protetor das Provas,,[]
5053038,96,0,10814000,1,1,0,Monster_Name_5053038,Monster_Title_505301,0,505301,2,0,False,0,0,2,0,True,True,40,50,80,3000.0,[7015501],False,0,0,0,0,Ranger Ferinky,Protetor das Provas,,[]
5053039,96,0,10130001,1,1,0,Monster_Name_5053039,Monster_Title_505301,0,505301,2,0,False,0,0,2,1,True,True,40,80,200,3000.0,[7008801],False,0,0,0,0,Simbiote Selvagem,Protetor das Provas,,[]
5053041,96,0,10693001,1,1,0,Monster_Name_5053041,Monster_Title_505301,0,505301,2,0,False,0,0,2,0,True,True,40,50,200,3000.0,[7002301],False,0,0,0,0,Helas Super Soldado,Protetor das Provas,,[]
5053042,96,0,10694001,1,1,0,Monster_Name_5053042,Monster_Title_505301,0,505301,2,0,False,0,0,2,0,True,True,40,50,200,3000.0,[7005301],False,0,0,0,0,Cavalaria Pesada Helas,Protetor das Provas,,[]
5053043,96,0,10831002,1,1,0,Monster_Name_5053043,Monster_Title_505301,0,505301,2,0,False,0,0,2,1,True,True,40,80,140,3000.0,"[7015801,7015802]",False,0,0,0,0,Junker Desenfreado,Protetor das Provas,,[]
5053044,96,0,10834000,1,1,0,Monster_Name_5053044,Monster_Title_505301,0,505301,2,0,False,0,0,2,0,True,True,30,40,50,3000.0,"[7016301,7016302]",False,0,0,0,0,Médico Lydian,Protetor das Provas,,[]
5053045,96,0,10833000,1,1,0,Monster_Name_5053045,Monster_Title_505301,0,505301,2,0,False,0,0,2,0,True,True,40,40,60,3000.0,[7017701],False,0,0,0,0,Cirurgião Lydian,Protetor das Provas,,[]
5053046,96,0,10842001,1,1,0,Monster_Name_5053046,Monster_Title_505301,0,505301,2,0,False,0,0,2,1,True,True,40,40,50,3000.0,[7018302],False,0,0,0,0,Pathfinder Desenfreado,Protetor das Provas,,[]
5053047,96,0,10844000,1,1,0,Monster_Name_5053047,Monster_Title_505301,0,505301,2,0,False,0,0,2,0,True,True,40,50,120,3000.0,"[7019101,7019102,7019103]",False,0,0,0,0,Guerreiro Nether,Protetor das Provas,,[]
5053048,96,0,10845000,1,1,0,Monster_Name_5053048,Monster_Title_505301,0,505301,2,0,False,0,0,2,0,True,True,40,50,120,3000.0,[7019001],False,0,0,0,0,Sentinela Nether,Protetor das Provas,,[]
5053049,96,0,10823002,1,1,0,Monster_Name_5053049,Monster_Title_505301,0,505301,2,0,False,0,0,2,1,True,True,40,40,80,3000.0,"[7016401,7016402]",False,0,0,0,0,Fantasma Blindado Enfurecido,Protetor das Provas,,[]
5053051,96,0,10836000,1,1,0,Monster_Name_5053051,Monster_Title_505301,0,505301,2,0,False,0,0,2,0,True,True,40,60,120,3000.0,"[7017401,7017402]",False,0,0,0,0,Mentalista Palid,Protetor das Provas,,[]
5053052,96,0,10837000,1,1,0,Monster_Name_5053052,Monster_Title_505301,0,505301,2,0,False,0,0,2,0,True,True,30,40,50,3000.0,[7018101],False,0,0,0,0,Feiticeiro Palid,Protetor das Provas,,[]
5053053,96,0,10460002,1,1,0,Monster_Name_5053053,Monster_Title_505301,0,505301,2,0,False,0,0,2,1,True,True,40,80,200,3000.0,[7008401],False,0,0,0,0,Fantasma Enfurecido,Protetor das Provas,,[]
5053054,96,0,10530000,1,1,0,Monster_Name_5053054,Monster_Title_505301,0,505301,2,0,False,0,0,2,0,True,True,40,50,200,3000.0,"[7003601,7003602]",False,0,0,0,0,Saqueador Predo,Protetor das Provas,,[]
5053055,96,0,10531000,1,1,0,Monster_Name_5053055,Monster_Title_505301,0,505301,2,0,False,0,0,2,0,True,True,40,50,200,3000.0,[7003501],False,0,0,0,0,Atirador Predo,Protetor das Provas,,[]
5053056,96,0,10831002,1,1,0,Monster_Name_5053056,Monster_Title_505301,0,505301,2,0,False,0,0,2,1,True,True,40,80,140,3000.0,"[7015801,7015802]",False,0,0,0,0,Junker Desenfreado,Protetor das Provas,,[]
5053057,96,0,10824000,1,1,0,Monster_Name_5053057,Monster_Title_505301,0,505301,2,0,False,0,0,2,0,True,True,30,40,200,3000.0,"[7014301,7014302]",False,0,0,0,0,G-Box,Protetor das Provas,,[]
5053058,96,0,10410000,1,1,0,Monster_Name_5053058,Monster_Title_505301,0,505301,2,0,False,0,0,2,0,True,True,40,50,200,3000.0,[7008201],False,0,0,0,0,Passer Alpha,Protetor das Provas,,[]
5053059,96,0,10842001,1,1,0,Monster_Name_5053059,Monster_Title_505301,0,505301,2,0,False,0,0,2,1,True,True,40,40,50,3000.0,[7018302],False,0,0,0,0,Pathfinder Enfurecido,Protetor das Provas,,[]
5053061,96,0,10510000,1,1,0,Monster_Name_5053061,Monster_Title_505301,0,505301,2,0,False,0,0,2,0,True,True,40,50,200,3000.0,[7001401],False,0,0,0,0,Guerreiro Saura,Protetor das Provas,,[]
5053062,96,0,10520000,1,1,0,Monster_Name_5053062,Monster_Title_505301,0,505301,2,0,False,0,0,2,0,True,True,40,50,200,3000.0,[7001502],False,0,0,0,0,Batedor Saura,Protetor das Provas,,[]
5053063,96,0,10842001,1,1,0,Monster_Name_5053063,Monster_Title_505301,0,505301,2,0,False,0,0,2,1,True,True,40,40,50,3000.0,[7018302],False,0,0,0,0,Pathfinder Desenfreado,Protetor das Provas,,[]
5053064,96,0,10511000,1,1,0,Monster_Name_5053064,Monster_Title_505301,0,505301,2,0,False,0,0,2,0,True,True,40,50,200,3000.0,"[7004001,7004002]",False,0,0,0,0,Guerreiro Eldrige,Protetor das Provas,,[]
5053065,96,0,10521000,1,1,0,Monster_Name_5053065,Monster_Title_505301,0,505301,2,0,False,0,0,2,0,True,True,40,50,200,3000.0,[7006401],False,0,0,0,0,Batedor Eldrige,Protetor das Provas,,[]
5053066,96,0,10842001,1,1,0,Monster_Name_5053066,Monster_Title_505301,0,505301,2,0,False,0,0,2,1,True,True,40,40,50,3000.0,[7018302],False,0,0,0,0,Pathfinder Desenfreado,Protetor das Provas,,[]
5053067,96,0,10572000,1,1,0,Monster_Name_5053067,Monster_Title_505301,0,505301,2,0,False,0,0,2,0,True,True,40,50,200,3000.0,[7007201],False,0,0,0,0,Lanceiro Snatcher,Protetor das Provas,,[]
5053068,96,0,10573000,1,1,0,Monster_Name_5053068,Monster_Title_505301,0,505301,2,0,False,0,0,2,0,True,True,40,50,200,3000.0,[7007301],False,0,0,0,0,Arremessador Snatcher,Protetor das Provas,,[]
5053069,96,0,10620001,1,1,0,Monster_Name_5053069,Monster_Title_505301,0,505301,2,0,False,0,0,2,1,True,True,40,200,200,3000.0,"[7007901,7007904]",False,0,0,0,0,Canibal Selvagem,Protetor das Provas,,[]
5053071,96,0,10910000,1,1,0,Monster_Name_5053071,Monster_Title_505301,0,505301,2,0,False,0,0,2,0,True,True,40,40,80,3000.0,"[7020201,7020202]",False,0,0,0,0,Invasor Turkan Snatcher,Protetor das Provas,,[]
5053072,96,0,10920000,1,1,0,Monster_Name_5053072,Monster_Title_505301,0,505301,2,0,False,0,0,2,0,True,True,40,40,80,3000.0,[7020301],False,0,0,0,0,Sniper Turkan Snatcher,Protetor das Provas,,[]
5053073,96,0,10620001,1,1,0,Monster_Name_5053073,Monster_Title_505301,0,505301,2,0,False,0,0,2,1,True,True,40,200,200,3000.0,"[7007901,7007904]",False,0,0,0,0,Canibal Selvagem,Protetor das Provas,,[]
5053074,96,0,10826000,1,1,0,Monster_Name_5053074,Monster_Title_505301,0,505301,2,0,False,0,0,2,0,True,True,40,60,120,3000.0,"[7015901,7015902]",False,0,0,0,0,Guerreiro Soma,Protetor das Provas,,[]
5053075,96,0,10825000,1,1,0,Monster_Name_5053075,Monster_Title_505301,0,505301,2,0,False,0,0,2,0,True,True,30,40,200,3000.0,"[7014501,7014502,7014503]",False,0,0,0,0,Ranger Soma,Protetor das Provas,,[]
5053076,96,0,10842001,1,1,0,Monster_Name_5053076,Monster_Title_505301,0,505301,2,0,False,0,0,2,1,True,True,40,40,50,3000.0,[7018302],False,0,0,0,0,Pathfinder Desenfreado,Protetor das Provas,,[]
5053077,96,0,10841000,1,1,0,Monster_Name_5053077,Monster_Title_505301,0,505301,2,0,False,0,0,2,0,True,True,30,40,50,3000.0,"[7018001,7018002]",False,0,0,0,0,Juiz Thermit,Protetor das Provas,,[]
5053078,96,0,10840000,1,1,0,Monster_Name_5053078,Monster_Title_505301,0,505301,2,0,False,0,0,2,0,True,True,30,40,50,3000.0,[7017901],False,0,0,0,0,Purificador Thermit,Protetor das Provas,,[]
5053079,96,0,10460002,1,1,0,Monster_Name_5053079,Monster_Title_505301,0,505301,2,0,False,0,0,2,1,True,True,40,80,200,3000.0,[7008401],False,0,0,0,0,Fantasma Enfurecido,Protetor das Provas,,[]
5053081,96,0,10441000,1,1,0,Monster_Name_5053081,Monster_Title_505301,0,505301,2,0,False,0,0,2,0,True,True,40,100,200,3000.0,[7012101],False,0,0,0,0,Ladino Vafer,Protetor das Provas,,[]
5053082,96,0,10442000,1,1,0,Monster_Name_5053082,Monster_Title_505301,0,505301,2,0,False,0,0,2,0,True,True,40,100,200,3000.0,[7012001],False,0,0,0,0,Mortal Vafer,Protetor das Provas,,[]
5053083,96,0,10010003,1,1,0,Monster_Name_5053083,Monster_Title_505301,0,505301,2,0,False,0,0,2,1,True,True,40,100,200,3000.0,[7000101],False,0,0,0,0,Estilhaçador Selvagem,Protetor das Provas,,[]
5053084,96,0,10890000,1,1,0,Monster_Name_5053084,Monster_Title_505301,0,505301,2,0,False,0,0,2,0,True,True,40,70,150,3000.0,"[7020001,7020002,7020003]",False,0,0,0,0,Turkan Vafer Soldado Pesado,Protetor das Provas,,[]
5053085,96,0,10900000,1,1,0,Monster_Name_5053085,Monster_Title_505301,0,505301,2,0,False,0,0,2,0,True,True,40,50,150,3000.0,"[7020101,7020102]",False,0,0,0,0,Soldado de Cerco Turkan Vafer,Protetor das Provas,,[]
5053086,96,0,10010003,1,1,0,Monster_Name_5053086,Monster_Title_505301,0,505301,2,0,False,0,0,2,1,True,True,40,100,200,3000.0,[7000101],False,0,0,0,0,Estilhaçador Selvagem,Protetor das Provas,,[]
5053201,96,0,10835000,1,1,0,Monster_Name_5053201,,0,0,2,0,False,0,0,2,1,False,False,50,70,120,2500.0,"[7017301,7017302]",False,0,0,0,0,Sombra do Vazio,,,[]
5053202,83,0,30080015,1,1,0,,,0,0,2,0,False,0,0,2,0,False,False,0,0,0,3000.0,[],False,0,0,0,0,,,,[]
5053211,96,0,10770000,383124,4,0,Monster_Name_5053211,,0,0,2,103,False,0,2,2,1,True,True,200,300,500,3000.0,[7022001],False,0,0,0,0,Auto-Torreta,,,[]
5053212,83,0,31410000,0,1,0,Monster_Name_5053212,,0,0,2,0,False,0,0,2,0,False,False,0,90,90,3000.0,[],False,0,1,0,0,Barreira de Torreta,,,[]
5053213,96,0,30940001,0,5053213,0,Monster_Name_5053213,,0,0,2,0,False,0,0,2,0,True,True,25,30,90,3000.0,[],False,0,0,0,0,Gerador de Barreira,,,[]
5053221,96,0,10501001,1,8,0,Monster_Name_5053221,Monster_Title_505311,0,505311,2,103,False,0,2,2,1,True,True,40,50,200,3000.0,[7009405],False,0,0,0,0,Alto Reitor,Devorador de Memórias,,[]
5053222,96,0,10040002,1,8,0,Monster_Name_5053222,Monster_Title_505312,0,505312,2,0,False,0,0,2,1,True,True,40,50,200,2500.0,[7001201],True,0,0,0,0,Sombra Mahr,Phantom do Devorador de Memórias,,[]
5053223,96,0,10041001,1,8,0,Monster_Name_5053223,Monster_Title_505312,0,505312,2,0,False,0,0,2,1,True,True,40,80,200,2500.0,[7001101],True,0,0,0,0,Criador de Shadow Mahr,Phantom do Devorador de Memórias,,[]
5053224,96,0,10810004,1,8,0,Monster_Name_5053224,Monster_Title_505312,0,505312,2,0,False,0,0,2,1,True,True,40,60,200,2500.0,"[7012401,7012402]",True,0,0,0,0,Assalto Sombrio Bork,Phantom do Devorador de Memórias,,[]
5053225,96,0,10370002,1,8,0,Monster_Name_5053225,Monster_Title_505312,0,505312,2,0,False,0,0,2,1,True,True,40,50,200,2500.0,"[7008301,7008302]",True,0,0,0,0,Rama Infernal das Sombras,Phantom do Devorador de Memórias,,[]
5053226,96,0,10500001,1,8,0,Monster_Name_5053226,Monster_Title_505312,0,505312,2,0,False,0,0,2,1,True,True,50,50,200,2500.0,[7003301],True,0,0,0,0,Reitor das Sombras,Phantom do Devorador de Memórias,,[]
5053231,96,0,10821000,383141,8,0,Monster_Name_5053231,,0,0,2,0,False,0,0,2,1,True,True,40,60,200,2500.0,[],False,0,0,0,0,Rastreador,,,[]
5053232,96,0,31180001,1,8,0,Monster_Name_5053232,,0,0,2,0,False,0,0,2,1,False,False,0,90,90,2500.0,[7020801],False,0,1,0,0,Mina Eletrônica,,,[]
5053241,96,0,10480051,383151,5053241,0,Monster_Name_5053241,,0,0,2,0,False,0,0,2,0,True,True,40,90,90,2500.0,[],False,0,0,0,0,Drone de Sobrecarga,,,[]
5053251,96,0,31400091,1,5053251,0,Monster_Name_5053251,,0,0,2,0,False,0,0,2,0,True,True,50,150,400,2500.0,[],False,0,0,0,0,Torre do Brilho,,,[]
5053252,96,0,31400092,1,5053252,0,Monster_Name_5053252,,0,0,2,0,False,0,0,2,0,True,True,50,150,400,2500.0,[],False,0,0,0,0,Torre de Aço,,,[]
5053253,96,0,18780000,1,8,0,Monster_Name_5053253,,0,0,2,0,False,0,0,2,1,True,True,40,60,200,3500.0,"[7013501,7013502]",False,0,0,0,0,Phantom de Aço,,,[]
5053254,96,0,10837000,1,8,0,Monster_Name_5053254,,0,0,2,0,False,0,0,2,1,True,True,30,40,50,3500.0,[7018101],False,0,0,0,0,Phantom de Brilhância,,,[]
5053255,96,0,10811000,1,8,0,,,0,0,1,0,False,0,0,2,1,False,False,40,60,200,2500.0,"[7012501,7012502]",False,0,1,0,0,,,,[]
5053256,96,0,10849000,1,8,0,,,0,0,1,0,False,0,0,2,1,False,False,40,90,90,2500.0,[7019301],False,0,1,0,0,,,,[]
5053261,96,0,17440002,0,8,0,Monster_Name_5053261,,0,0,2,0,False,0,0,2,0,True,True,40,100,200,2500.0,"[7014601,7014602]",False,0,0,0,0,Soldado Android,,,[]
5053262,96,0,17440001,327,8,0,Monster_Name_5053262,,0,0,2,0,False,0,0,2,0,True,True,40,100,200,2500.0,"[7014601,7014602]",False,0,0,0,0,Soldado Android,,,[]
5053271,96,0,31150001,1,5053271,0,NPC_Name_5053271,,0,0,2,103,False,0,2,2,0,True,True,40,100,400,2500.0,[],False,0,0,0,0,Obelisco,,,[]
5053272,96,0,10630000,1,8,0,Monster_Name_5053272,Monster_Title_505313,0,505313,2,0,False,0,0,2,1,True,True,40,50,200,2500.0,"[7006701,7006702,7006703]",False,0,0,0,0,Soldado Infectado,Assaltante de Relíquias,,[]
5053273,96,0,10640000,1,8,0,Monster_Name_5053273,Monster_Title_505313,0,505313,2,0,False,0,0,2,1,True,True,40,50,200,2500.0,"[7008001,7008002]",False,0,0,0,0,Sacerdote Infectado,Assaltante de Relíquias,,[]
5053274,96,0,10650000,1,8,0,Monster_Name_5053274,Monster_Title_505313,0,505313,2,0,False,0,0,2,1,True,True,40,50,200,2500.0,"[7008101,7008102,7008103]",False,0,0,0,0,Ciborgue Infectado,Assaltante de Relíquias,,[]
5053275,96,0,10670000,1,8,0,Monster_Name_5053275,Monster_Title_505313,0,505313,2,0,False,0,0,2,1,True,True,40,50,200,2500.0,"[7010201,7010202,7010203]",False,0,0,0,0,Infectado Mutante,Assaltante de Relíquias,,[]
5053281,96,0,16360000,498,394,0,Monster_Name_5053281,,0,0,2,0,False,0,0,2,1,False,False,200,300,600,2500.0,[7104013],True,0,0,0,0,Guardião da Torre,,,[]
5053282,96,0,10820001,1,8,0,Monster_Name_5053282,,0,0,2,0,False,0,0,2,0,True,True,40,80,200,3500.0,"[7014201,7014202,7014203]",False,0,0,0,0,Buscador da Pedra Sagrada,,,[]
5053283,96,0,10821002,1,8,0,Monster_Name_5053283,,0,0,2,0,False,0,0,2,0,True,True,40,60,200,3500.0,"[7014401,7014402,7014403]",False,0,0,0,0,Guardião da Pedra Sagrada,,,[]
5053501,96,0,10815001,1,4,0,Monster_Name_5053501,Monster_Title_505301,0,505301,2,103,False,0,2,2,1,True,True,40,50,100,3000.0,[7015401],False,0,0,0,0,Kokorung,Protetor das Provas,,[]
5053502,96,0,10680001,5052502,4,0,Monster_Name_5053502,Monster_Title_505301,0,505301,2,103,False,0,2,2,1,True,True,40,50,200,3000.0,[7010801],False,0,0,0,0,Karon Mão Negra,Protetor das Provas,,[]
5053503,96,0,10550010,1,4,0,Monster_Name_5053503,Monster_Title_505301,0,505301,2,103,False,0,2,2,1,True,True,40,50,200,3000.0,"[7006201,7006202,7006203,7006204,7006205]",False,0,0,0,0,Czar,Protetor das Provas,,[]
5053504,96,0,10670001,5051504,4,0,Monster_Name_5053504,Monster_Title_505301,0,505301,2,103,False,0,2,2,1,True,True,40,50,200,3000.0,"[7010204,7010205,7010206]",False,0,0,0,0,Assunto Delta,Protetor das Provas,,[]
5053505,96,0,10660002,5051505,4,0,Monster_Name_5053505,Monster_Title_505301,0,505301,2,103,False,0,2,2,1,True,True,40,100,200,3000.0,"[7006801,7006802,7006803]",False,0,0,0,0,Mutante Repugnante,Protetor das Provas,,[]
5053506,96,0,16210000,5051506,4,0,Monster_Name_5053506,Monster_Title_505301,0,505301,2,103,False,0,2,2,1,True,True,40,100,200,3000.0,[7101701],False,0,0,0,0,Infectado Mutante,Protetor das Provas,,[]
5053507,96,0,16040001,5051507,4,0,Monster_Name_5053507,Monster_Title_505301,0,505301,2,103,False,0,2,2,1,True,True,150,200,200,3000.0,[7102012],False,0,0,0,0,Flor da Corrupção,Protetor das Provas,,[]
5053508,96,0,18680006,5051508,4,0,Monster_Name_5053508,Monster_Title_505301,0,505301,2,103,False,0,2,2,1,True,True,60,100,200,3000.0,"[7104209,7104210]",False,0,0,0,0,Tetra,Protetor das Provas,,[]
5053509,96,0,17780004,5051509,4,0,Monster_Name_5053509,Monster_Title_505301,0,505301,2,103,False,0,2,2,1,True,True,40,50,200,3000.0,"[7104709,7104710,7104711]",False,0,0,0,0,Assassino,Protetor das Provas,,[]
5053510,96,0,17740010,5051510,4,0,Monster_Name_5053510,Monster_Title_505301,0,505301,2,103,False,0,2,2,1,True,True,100,150,200,3000.0,"[7104120,7104121]",False,0,0,0,0,Sigma Negra,Protetor das Provas,,[]
5053511,96,0,17430001,5051511,4,0,Monster_Name_5053511,Monster_Title_505301,0,505301,2,103,False,0,2,2,1,True,True,40,100,310,3000.0,[7104506],False,0,0,0,0,Euclid Nova,Protetor das Provas,,[]
5053512,96,0,16200001,5051512,4,0,Monster_Name_5053512,Monster_Title_505301,0,505301,2,103,False,0,2,2,1,True,True,150,450,200,3000.0,[7101601],False,0,0,0,0,Executor,Protetor das Provas,,[]
5053581,96,0,14000001,9016,4,0,Monster_Name_5053581,Monster_Title_505301,0,505301,2,103,False,0,2,2,1,True,True,95,100,360,3000.0,"[7210101,7210102,7210103]",False,0,0,0,0,Banshee MAU,Protetor das Provas,,[]
5053582,96,0,14010001,9017,4,0,Monster_Name_5053582,Monster_Title_505301,0,505301,2,103,False,0,2,2,1,True,True,95,100,360,3000.0,"[7210201,7210202,7210203]",False,0,0,0,0,Gryphon MAU,Protetor das Provas,,[]
5053583,96,0,14020001,9018,4,0,Monster_Name_5053583,Monster_Title_505301,0,505301,2,103,False,0,2,2,1,True,True,110,110,360,3000.0,[7210301],False,0,0,0,0,Argos MAU,Protetor das Provas,,[]
5053584,96,0,14030001,9019,4,0,Monster_Name_5053584,Monster_Title_505301,0,505301,2,103,False,0,2,2,1,True,True,100,100,460,3000.0,"[7210401,7210402,7210403]",False,0,0,0,0,Centurion MAU,Protetor das Provas,,[]
5053585,96,0,14040001,9020,4,0,Monster_Name_5053585,Monster_Title_505301,0,505301,2,103,False,0,2,2,1,True,True,100,100,460,3000.0,"[7210501,7210502,7210503]",False,0,0,0,0,Kronos MAU,Protetor das Provas,,[]
5053586,96,0,14050001,9021,4,0,Monster_Name_5053586,Monster_Title_505301,0,505301,2,103,False,0,2,2,1,True,True,130,130,460,3000.0,"[7210601,7210602]",False,0,0,0,0,Hellfire MAU,Protetor das Provas,,[]
5053587,96,0,14060001,9022,4,0,Monster_Name_5053587,Monster_Title_505301,0,505301,2,103,False,0,2,2,1,True,True,130,130,540,3000.0,"[3507001,3507002,3507003,3507004,3507005]",False,0,0,0,0,Stinger MAU,Protetor das Provas,,[]
5053588,96,0,14070001,9023,4,0,Monster_Name_5053588,Monster_Title_505301,0,505301,2,103,False,0,2,2,1,True,True,130,130,540,3000.0,"[7210801,7210802,7210803,7210804]",False,0,0,0,0,MAU Ares,Protetor das Provas,,[]
5053589,96,0,14080001,9024,4,0,Monster_Name_5053589,Monster_Title_505301,0,505301,2,103,False,0,2,2,1,True,True,180,180,540,3000.0,"[7210901,7210902,7210903,7210904,7210905]",False,0,0,0,0,Kraken MAU,Protetor das Provas,,[]
5053801,83,0,31490000,999999,1,5053801,Object_Name_5053801,,0,0,3,117,False,0,0,2,0,True,False,30,95,180,3000.0,[],False,0,0,0,0,Relíquia Arcana,,,[]
5053901,96,0,16380004,5053901,4,0,Monster_Name_5053901,Monster_Title_505301,0,505301,2,103,False,0,2,2,1,True,True,200,300,600,3000.0,[7104361],False,0,0,0,0,Urano,Protetor das Provas,,[]
5053902,83,0,30450001,0,1,0,,,0,0,1,0,False,0,0,2,0,False,False,40,100,600,3000.0,[],True,0,1,0,0,,,,[]
5053903,83,0,30080000,0,1,0,,,0,0,1,0,False,0,0,2,0,False,False,40,100,600,3000.0,[],True,0,1,0,0,,,,[]
5053981,83,0,31480000,0,1,5053981,NPC_Name_5053981,,0,0,3,117,False,0,0,2,0,True,False,40,100,200,3000.0,[],False,0,2,0,0,Caminho da Paz,,,[]
5053982,83,0,31480000,0,1,5053982,NPC_Name_5053982,,0,0,3,117,False,0,0,2,0,True,False,40,100,200,3000.0,[],False,0,2,0,0,Caminho das Provas,,,[]
5053983,83,0,31480000,0,1,5053983,NPC_Name_5053983,,0,0,3,117,False,0,0,2,0,True,False,40,100,200,3000.0,[],False,0,2,0,0,Caminho das Tribulações,,,[]
5053984,83,0,31480000,0,1,5053984,NPC_Name_5051984,,0,0,3,117,False,0,0,2,0,True,False,40,100,200,3000.0,[],False,0,2,0,0,Portão da Caça,,,[]
5053985,83,0,31480003,0,1,5053985,NPC_Name_5051985,,0,0,3,117,False,0,0,2,0,True,False,40,100,200,3000.0,[],False,0,2,0,0,Portão da Exploração,,,[]
5053986,83,0,31480001,0,1,5053986,NPC_Name_5051986,,0,0,3,117,False,0,0,2,0,True,False,40,100,200,3000.0,[],False,0,2,0,0,Portão da Adversidade,,,[]
5053987,83,0,31480001,0,1,5053987,NPC_Name_5051986,,0,0,3,117,False,0,0,2,0,True,False,40,100,200,3000.0,[],False,0,2,0,0,Portão da Adversidade,,,[]
5053988,83,0,31480002,0,1,5053988,NPC_Name_5051988,,0,0,3,117,False,0,0,2,0,True,False,40,100,200,3000.0,[],False,0,2,0,0,Portão da Fortuna,,,[]
5053989,83,0,31480004,0,1,5053989,NPC_Name_5051989,,0,0,3,117,False,0,0,2,0,True,False,40,100,200,3000.0,[],False,0,2,0,0,Fim dos Testes,,,[]
5054001,106,0,17450000,1,1,0,Monster_Name_5054001,Monster_Title_505401,0,505401,2,0,False,0,0,2,0,True,True,40,50,200,3000.0,[7003001],False,0,0,0,0,Guerreiro Androide,Protetor dos Testes,,[]
5054002,106,0,17460000,1,1,0,Monster_Name_5054002,Monster_Title_505401,0,505401,2,0,False,0,0,2,0,True,True,40,50,200,3000.0,[7003101],False,0,0,0,0,Soldado Android,Protetor dos Testes,,[]
5054003,106,0,10810003,1,1,0,Monster_Name_5054003,Monster_Title_505401,0,505401,2,0,False,0,0,2,1,True,True,40,60,200,3000.0,"[7012401,7012402]",False,0,0,0,0,Bork de Assalto Desenfreado,Protetor dos Testes,,[]
5054004,106,0,18800000,1,1,0,Monster_Name_5054004,Monster_Title_505401,0,505401,2,0,False,0,0,2,0,True,True,40,60,200,3000.0,"[7013701,7013702,7013703]",False,0,0,0,0,Vanguarda Android,Protetor dos Testes,,[]
5054005,106,0,18790000,1,1,0,Monster_Name_5054005,Monster_Title_505401,0,505401,2,0,False,0,0,2,0,True,True,40,60,200,3000.0,"[7013601,7013602]",False,0,0,0,0,Striker Android,Protetor dos Testes,,[]
5054006,106,0,10810003,1,1,0,Monster_Name_5054006,Monster_Title_505401,0,505401,2,0,False,0,0,2,1,True,True,40,60,200,3000.0,"[7012401,7012402]",False,0,0,0,0,Bork de Assalto Desenfreado,Protetor dos Testes,,[]
5054007,106,0,10150000,1,1,0,Monster_Name_5054007,Monster_Title_505401,0,505401,2,0,False,0,0,2,0,True,True,40,80,200,3000.0,[7006501],False,0,0,0,0,Glatt,Protetor dos Testes,,[]
5054008,106,0,10160000,1,1,0,Monster_Name_5054008,Monster_Title_505401,0,505401,2,0,False,0,0,2,0,True,True,40,50,200,3000.0,[7000901],False,0,0,0,0,Lunker,Protetor dos Testes,,[]
5054009,106,0,10010003,1,1,0,Monster_Name_5054009,Monster_Title_505401,0,505401,2,0,False,0,0,2,1,True,True,40,100,200,3000.0,[7000101],False,0,0,0,0,Estilhaçador Selvagem,Protetor dos Testes,,[]
5054011,106,0,10300000,1,1,0,Monster_Name_5054011,Monster_Title_505401,0,505401,2,0,False,0,0,2,0,True,True,40,80,200,3000.0,"[7004301,7004302]",False,0,0,0,0,Pinça,Protetor dos Testes,,[]
5054012,106,0,10140002,1,1,0,Monster_Name_5054012,Monster_Title_505401,0,505401,2,0,False,0,0,2,0,True,True,40,80,200,3000.0,"[7005501,7005502]",False,0,0,0,0,Meevlan,Protetor dos Testes,,[]
5054013,106,0,10050002,1,1,0,Monster_Name_5054013,Monster_Title_505401,0,505401,2,0,False,0,0,2,1,True,True,40,50,200,3000.0,"[7003701,7003702,7003703]",False,0,0,0,0,Arghol Selvagem,Protetor dos Testes,,[]
5054014,106,0,10350000,1,1,0,Monster_Name_5054014,Monster_Title_505401,0,505401,2,0,False,0,0,2,0,True,True,40,50,200,3000.0,"[7005701,7005702]",False,0,0,0,0,Dagan,Protetor dos Testes,,[]
5054015,106,0,10370000,1,1,0,Monster_Name_5054015,Monster_Title_505401,0,505401,2,0,False,0,0,2,0,True,True,40,50,200,3000.0,"[7008301,7008302]",False,0,0,0,0,Larva Infernal,Protetor dos Testes,,[]
5054016,106,0,10823002,1,1,0,Monster_Name_5054016,Monster_Title_505401,0,505401,2,0,False,0,0,2,1,True,True,40,40,80,3000.0,"[7016401,7016402]",False,0,0,0,0,Fantasma Blindado Enfurecido,Protetor dos Testes,,[]
5054017,106,0,10870000,1,1,0,Monster_Name_5054017,Monster_Title_505401,0,505401,2,0,False,0,0,2,0,True,True,40,40,100,3000.0,"[7019801,7019802]",False,0,0,0,0,Guerreiro Calliana,Protetor dos Testes,,[]
5054018,106,0,10860000,1,1,0,Monster_Name_5054018,Monster_Title_505401,0,505401,2,0,False,0,0,2,0,True,True,40,40,100,3000.0,"[7019701,7019702,7019703]",False,0,0,0,0,Atirador Calliana,Protetor dos Testes,,[]
5054019,106,0,10810003,1,1,0,Monster_Name_5054019,Monster_Title_505401,0,505401,2,0,False,0,0,2,1,True,True,40,60,200,3000.0,"[7012401,7012402]",False,0,0,0,0,Bork de Assalto Desenfreado,Protetor dos Testes,,[]
5054021,106,0,10816000,1,1,0,Monster_Name_5054021,Monster_Title_505401,0,505401,2,0,False,0,0,2,0,True,True,40,40,110,3000.0,"[7015101,7015102]",False,0,0,0,0,Buscador Clops,Protetor dos Testes,,[]
5054022,106,0,10818000,1,1,0,Monster_Name_5054022,Monster_Title_505401,0,505401,2,0,False,0,0,2,0,True,True,40,40,110,3000.0,[7015001],False,0,0,0,0,Enganador Clops,Protetor dos Testes,,[]
5054023,106,0,10310003,1,1,0,Monster_Name_5054023,Monster_Title_505401,0,505401,2,0,False,0,0,2,1,True,True,40,130,200,3000.0,"[7005801,7005802]",False,0,0,0,0,Brutal Selvagem,Protetor dos Testes,,[]
5054024,106,0,10550000,1,1,0,Monster_Name_5054024,Monster_Title_505401,0,505401,2,0,False,0,0,2,0,True,True,40,50,200,3000.0,"[7006201,7006202]",False,0,0,0,0,Guerreiro Crawler,Protetor dos Testes,,[]
5054025,106,0,10551000,1,1,0,Monster_Name_5054025,Monster_Title_505401,0,505401,2,0,False,0,0,2,0,True,True,40,50,200,3000.0,[7006301],False,0,0,0,0,Batedor Crawler,Protetor dos Testes,,[]
5054026,106,0,10842001,1,1,0,Monster_Name_5054026,Monster_Title_505401,0,505401,2,0,False,0,0,2,1,True,True,40,40,50,3000.0,[7018302],False,0,0,0,0,Pathfinder Desenfreado,Protetor dos Testes,,[]
5054027,106,0,18610003,1,1,0,Monster_Name_5054027,Monster_Title_505401,0,505401,2,0,False,0,0,2,0,True,True,40,50,200,3000.0,[7011401],False,0,0,0,0,Lanceiro Cultista,Protetor dos Testes,,[]
5054028,106,0,18620004,1,1,0,Monster_Name_5054028,Monster_Title_505401,0,505401,2,0,False,0,0,2,0,True,True,40,50,200,3000.0,[7011501],False,0,0,0,0,Arqueiro Cultista,Protetor dos Testes,,[]
5054029,106,0,10460002,1,1,0,Monster_Name_5054029,Monster_Title_505401,0,505401,2,0,False,0,0,2,1,True,True,40,80,200,3000.0,[7008401],False,0,0,0,0,Fantasma Enfurecido,Protetor dos Testes,,[]
5054031,106,0,18680003,1,1,0,Monster_Name_5054031,Monster_Title_505401,0,505401,2,0,False,0,0,2,0,True,True,40,100,200,3000.0,"[7012601,7012602]",False,0,0,0,0,Fanático Cultista,Protetor dos Testes,,[]
5054032,106,0,18690003,1,1,0,Monster_Name_5054032,Monster_Title_505401,0,505401,2,0,False,0,0,2,0,True,True,40,100,200,3000.0,"[7012701,7012702]",False,0,0,0,0,Sacerdote de Batalha Cultista,Protetor dos Testes,,[]
5054033,106,0,10823002,1,1,0,Monster_Name_5054033,Monster_Title_505401,0,505401,2,0,False,0,0,2,1,True,True,40,40,80,3000.0,"[7016401,7016402]",False,0,0,0,0,Fantasma Blindado Enfurecido,Protetor dos Testes,,[]
5054034,106,0,10540000,1,1,0,Monster_Name_5054034,Monster_Title_505401,0,505401,2,0,False,0,0,2,0,True,True,40,50,200,3000.0,[7002701],False,0,0,0,0,Saqueador Equesian,Protetor dos Testes,,[]
5054035,106,0,10541000,1,1,0,Monster_Name_5054035,Monster_Title_505401,0,505401,2,0,False,0,0,2,0,True,True,40,50,200,3000.0,[7002801],False,0,0,0,0,Atirador Equesian,Protetor dos Testes,,[]
5054036,106,0,10831002,1,1,0,Monster_Name_5054036,Monster_Title_505401,0,505401,2,0,False,0,0,2,1,True,True,40,80,140,3000.0,"[7015801,7015802]",False,0,0,0,0,Junker Desenfreado,Protetor dos Testes,,[]
5054037,106,0,10813000,1,1,0,Monster_Name_5054037,Monster_Title_505401,0,505401,2,0,False,0,0,2,0,True,True,40,50,80,3000.0,"[7014901,7014902]",False,0,0,0,0,Farejador Ferinky,Protetor dos Testes,,[]
5054038,106,0,10814000,1,1,0,Monster_Name_5054038,Monster_Title_505401,0,505401,2,0,False,0,0,2,0,True,True,40,50,80,3000.0,[7015501],False,0,0,0,0,Ranger Ferinky,Protetor dos Testes,,[]
5054039,106,0,10130001,1,1,0,Monster_Name_5054039,Monster_Title_505401,0,505401,2,0,False,0,0,2,1,True,True,40,80,200,3000.0,[7008801],False,0,0,0,0,Simbiôntico Selvagem,Protetor dos Testes,,[]
5054041,106,0,10693001,1,1,0,Monster_Name_5054041,Monster_Title_505401,0,505401,2,0,False,0,0,2,0,True,True,40,50,200,3000.0,[7002301],False,0,0,0,0,Helas Super Soldado,Protetor dos Testes,,[]
5054042,106,0,10694001,1,1,0,Monster_Name_5054042,Monster_Title_505401,0,505401,2,0,False,0,0,2,0,True,True,40,50,200,3000.0,[7005301],False,0,0,0,0,Cavalaria Pesada Helas,Protetor dos Testes,,[]
5054043,106,0,10831002,1,1,0,Monster_Name_5054043,Monster_Title_505401,0,505401,2,0,False,0,0,2,1,True,True,40,80,140,3000.0,"[7015801,7015802]",False,0,0,0,0,Junker Enfurecido,Protetor dos Testes,,[]
5054044,106,0,10834000,1,1,0,Monster_Name_5054044,Monster_Title_505401,0,505401,2,0,False,0,0,2,0,True,True,30,40,50,3000.0,"[7016301,7016302]",False,0,0,0,0,Médico Lydian,Protetor dos Testes,,[]
5054045,106,0,10833000,1,1,0,Monster_Name_5054045,Monster_Title_505401,0,505401,2,0,False,0,0,2,0,True,True,40,40,60,3000.0,[7017701],False,0,0,0,0,Cirurgião Lydian,Protetor dos Testes,,[]
5054046,106,0,10842001,1,1,0,Monster_Name_5054046,Monster_Title_505401,0,505401,2,0,False,0,0,2,1,True,True,40,40,50,3000.0,[7018302],False,0,0,0,0,Pathfinder Desenfreado,Protetor dos Testes,,[]
5054047,106,0,10844000,1,1,0,Monster_Name_5054047,Monster_Title_505401,0,505401,2,0,False,0,0,2,0,True,True,40,50,120,3000.0,"[7019101,7019102,7019103]",False,0,0,0,0,Guerreiro Nether,Protetor dos Testes,,[]
5054048,106,0,10845000,1,1,0,Monster_Name_5054048,Monster_Title_505401,0,505401,2,0,False,0,0,2,0,True,True,40,50,120,3000.0,[7019001],False,0,0,0,0,Sentinela Nether,Protetor dos Testes,,[]
5054049,106,0,10823002,1,1,0,Monster_Name_5054049,Monster_Title_505401,0,505401,2,0,False,0,0,2,1,True,True,40,40,80,3000.0,"[7016401,7016402]",False,0,0,0,0,Fantasma Blindado Enfurecido,Protetor dos Testes,,[]
5054051,106,0,10836000,1,1,0,Monster_Name_5054051,Monster_Title_505401,0,505401,2,0,False,0,0,2,0,True,True,40,60,120,3000.0,"[7017401,7017402]",False,0,0,0,0,Mentalista Palid,Protetor dos Testes,,[]
5054052,106,0,10837000,1,1,0,Monster_Name_5054052,Monster_Title_505401,0,505401,2,0,False,0,0,2,0,True,True,30,40,50,3000.0,[7018101],False,0,0,0,0,Feiticeiro Palid,Protetor dos Testes,,[]
5054053,106,0,10460002,1,1,0,Monster_Name_5054053,Monster_Title_505401,0,505401,2,0,False,0,0,2,1,True,True,40,80,200,3000.0,[7008401],False,0,0,0,0,Fantasma Enfurecido,Protetor dos Testes,,[]
5054054,106,0,10530000,1,1,0,Monster_Name_5054054,Monster_Title_505401,0,505401,2,0,False,0,0,2,0,True,True,40,50,200,3000.0,"[7003601,7003602]",False,0,0,0,0,Saqueador Predo,Protetor dos Testes,,[]
5054055,106,0,10531000,1,1,0,Monster_Name_5054055,Monster_Title_505401,0,505401,2,0,False,0,0,2,0,True,True,40,50,200,3000.0,[7003501],False,0,0,0,0,Atirador Predo,Protetor dos Testes,,[]
5054056,106,0,10831002,1,1,0,Monster_Name_5054056,Monster_Title_505401,0,505401,2,0,False,0,0,2,1,True,True,40,80,140,3000.0,"[7015801,7015802]",False,0,0,0,0,Junker Desenfreado,Protetor dos Testes,,[]
5054057,106,0,10824000,1,1,0,Monster_Name_5054057,Monster_Title_505401,0,505401,2,0,False,0,0,2,0,True,True,30,40,200,3000.0,"[7014301,7014302]",False,0,0,0,0,G-Box,Protetor dos Testes,,[]
5054058,106,0,10410000,1,1,0,Monster_Name_5054058,Monster_Title_505401,0,505401,2,0,False,0,0,2,0,True,True,40,50,200,3000.0,[7008201],False,0,0,0,0,Passer Alpha,Protetor dos Testes,,[]
5054059,106,0,10842001,1,1,0,Monster_Name_5054059,Monster_Title_505401,0,505401,2,0,False,0,0,2,1,True,True,40,40,50,3000.0,[7018302],False,0,0,0,0,Pathfinder Desenfreado,Protetor dos Testes,,[]
5054061,106,0,10510000,1,1,0,Monster_Name_5054061,Monster_Title_505401,0,505401,2,0,False,0,0,2,0,True,True,40,50,200,3000.0,[7001401],False,0,0,0,0,Guerreiro Saura,Protetor dos Testes,,[]
5054062,106,0,10520000,1,1,0,Monster_Name_5054062,Monster_Title_505401,0,505401,2,0,False,0,0,2,0,True,True,40,50,200,3000.0,[7001502],False,0,0,0,0,Batedor Saura,Protetor dos Testes,,[]
5054063,106,0,10842001,1,1,0,Monster_Name_5054063,Monster_Title_505401,0,505401,2,0,False,0,0,2,1,True,True,40,40,50,3000.0,[7018302],False,0,0,0,0,Pathfinder Desenfreado,Protetor dos Testes,,[]
5054064,106,0,10511000,1,1,0,Monster_Name_5054064,Monster_Title_505401,0,505401,2,0,False,0,0,2,0,True,True,40,50,200,3000.0,"[7004001,7004002]",False,0,0,0,0,Guerreiro Eldrige,Protetor dos Testes,,[]
5054065,106,0,10521000,1,1,0,Monster_Name_5054065,Monster_Title_505401,0,505401,2,0,False,0,0,2,0,True,True,40,50,200,3000.0,[7006401],False,0,0,0,0,Eldrige Batedor,Protetor dos Testes,,[]
5054066,106,0,10842001,1,1,0,Monster_Name_5054066,Monster_Title_505401,0,505401,2,0,False,0,0,2,1,True,True,40,40,50,3000.0,[7018302],False,0,0,0,0,Pathfinder Desenfreado,Protetor dos Testes,,[]
5054067,106,0,10572000,1,1,0,Monster_Name_5054067,Monster_Title_505401,0,505401,2,0,False,0,0,2,0,True,True,40,50,200,3000.0,[7007201],False,0,0,0,0,Lanceiro Snatcher,Protetor dos Testes,,[]
5054068,106,0,10573000,1,1,0,Monster_Name_5054068,Monster_Title_505401,0,505401,2,0,False,0,0,2,0,True,True,40,50,200,3000.0,[7007301],False,0,0,0,0,Arremessador Snatcher,Protetor dos Testes,,[]
5054069,106,0,10620001,1,1,0,Monster_Name_5054069,Monster_Title_505401,0,505401,2,0,False,0,0,2,1,True,True,40,200,200,3000.0,"[7007901,7007904]",False,0,0,0,0,Canibal Selvagem,Protetor dos Testes,,[]
5054071,106,0,10910000,1,1,0,Monster_Name_5054071,Monster_Title_505401,0,505401,2,0,False,0,0,2,0,True,True,40,40,80,3000.0,"[7020201,7020202]",False,0,0,0,0,Turkan Saqueador Raider,Protetor dos Testes,,[]
5054072,106,0,10920000,1,1,0,Monster_Name_5054072,Monster_Title_505401,0,505401,2,0,False,0,0,2,0,True,True,40,40,80,3000.0,[7020301],False,0,0,0,0,Sniper Turkan Snatcher,Protetor dos Testes,,[]
5054073,106,0,10620001,1,1,0,Monster_Name_5054073,Monster_Title_505401,0,505401,2,0,False,0,0,2,1,True,True,40,200,200,3000.0,"[7007901,7007904]",False,0,0,0,0,Canibal Selvagem,Protetor dos Testes,,[]
5054074,106,0,10826000,1,1,0,Monster_Name_5054074,Monster_Title_505401,0,505401,2,0,False,0,0,2,0,True,True,40,60,120,3000.0,"[7015901,7015902]",False,0,0,0,0,Guerreiro Soma,Protetor dos Testes,,[]
5054075,106,0,10825000,1,1,0,Monster_Name_5054075,Monster_Title_505401,0,505401,2,0,False,0,0,2,0,True,True,30,40,200,3000.0,"[7014501,7014502,7014503]",False,0,0,0,0,Ranger Soma,Protetor dos Testes,,[]
5054076,106,0,10842001,1,1,0,Monster_Name_5054076,Monster_Title_505401,0,505401,2,0,False,0,0,2,1,True,True,40,40,50,3000.0,[7018302],False,0,0,0,0,Pathfinder Desenfreado,Protetor dos Testes,,[]
5054077,106,0,10841000,1,1,0,Monster_Name_5054077,Monster_Title_505401,0,505401,2,0,False,0,0,2,0,True,True,30,40,50,3000.0,"[7018001,7018002]",False,0,0,0,0,Juiz Thermit,Protetor dos Testes,,[]
5054078,106,0,10840000,1,1,0,Monster_Name_5054078,Monster_Title_505401,0,505401,2,0,False,0,0,2,0,True,True,30,40,50,3000.0,[7017901],False,0,0,0,0,Purificador Thermit,Protetor dos Testes,,[]
5054079,106,0,10460002,1,1,0,Monster_Name_5054079,Monster_Title_505401,0,505401,2,0,False,0,0,2,1,True,True,40,80,200,3000.0,[7008401],False,0,0,0,0,Fantasma Enfurecido,Protetor dos Testes,,[]
5054081,106,0,10441000,1,1,0,Monster_Name_5054081,Monster_Title_505401,0,505401,2,0,False,0,0,2,0,True,True,40,100,200,3000.0,[7012101],False,0,0,0,0,Ladino Vafer,Protetor dos Testes,,[]
5054082,106,0,10442000,1,1,0,Monster_Name_5054082,Monster_Title_505401,0,505401,2,0,False,0,0,2,0,True,True,40,100,200,3000.0,[7012001],False,0,0,0,0,Mortal Vafer,Protetor dos Testes,,[]
5054083,106,0,10010003,1,1,0,Monster_Name_5054083,Monster_Title_505401,0,505401,2,0,False,0,0,2,1,True,True,40,100,200,3000.0,[7000101],False,0,0,0,0,Estilhaçador Selvagem,Protetor dos Testes,,[]
5054084,106,0,10890000,1,1,0,Monster_Name_5054084,Monster_Title_505401,0,505401,2,0,False,0,0,2,0,True,True,40,70,150,3000.0,"[7020001,7020002,7020003]",False,0,0,0,0,Soldado Pesado Turkan Vafer,Protetor dos Testes,,[]
5054085,106,0,10900000,1,1,0,Monster_Name_5054085,Monster_Title_505401,0,505401,2,0,False,0,0,2,0,True,True,40,50,150,3000.0,"[7020101,7020102]",False,0,0,0,0,Soldado de Cerco Turkan Vafer,Protetor dos Testes,,[]
5054086,106,0,10010003,1,1,0,Monster_Name_5054086,Monster_Title_505401,0,505401,2,0,False,0,0,2,1,True,True,40,100,200,3000.0,[7000101],False,0,0,0,0,Estilhaçador Selvagem,Protetor dos Testes,,[]
5054201,106,0,10835000,1,1,0,Monster_Name_5054201,,0,0,2,0,False,0,0,2,1,False,False,50,70,120,2500.0,"[7017301,7017302]",False,0,0,0,0,Sombra do Vazio,,,[]
5054202,83,0,30080015,1,1,0,,,0,0,2,0,False,0,0,2,0,False,False,0,0,0,3000.0,[],False,0,0,0,0,,,,[]
5054211,106,0,10770000,383124,4,0,Monster_Name_5054211,,0,0,2,103,False,0,2,2,1,True,True,200,300,500,3000.0,[7022001],False,0,0,0,0,Auto-Torreta,,,[]
5054212,83,0,31410000,0,1,0,Monster_Name_5054212,,0,0,2,0,False,0,0,2,0,False,False,0,90,90,3000.0,[],False,0,1,0,0,Barreira da Torreta,,,[]
5054213,106,0,30940001,0,5053213,0,Monster_Name_5054213,,0,0,2,0,False,0,0,2,0,True,True,25,30,90,3000.0,[],False,0,0,0,0,Gerador de Barreira,,,[]
5054221,106,0,10501001,1,8,0,Monster_Name_5054221,Monster_Title_505411,0,505411,2,103,False,0,2,2,1,True,True,40,50,200,3000.0,[7009405],False,0,0,0,0,Alto Reitor,Devorador de Memórias,,[]
5054222,106,0,10040002,1,8,0,Monster_Name_5054222,Monster_Title_505412,0,505412,2,0,False,0,0,2,1,True,True,40,50,200,2500.0,[7001201],True,0,0,0,0,Sombra Mahr,Phantom do Devorador de Memórias,,[]
5054223,106,0,10041001,1,8,0,Monster_Name_5054223,Monster_Title_505412,0,505412,2,0,False,0,0,2,1,True,True,40,80,200,2500.0,[7001101],True,0,0,0,0,Criador de Shadow Mahr,Phantom do Devorador de Memórias,,[]
5054224,106,0,10810004,1,8,0,Monster_Name_5054224,Monster_Title_505412,0,505412,2,0,False,0,0,2,1,True,True,40,60,200,2500.0,"[7012401,7012402]",True,0,0,0,0,Assalto Sombrio Bork,Phantom do Devorador de Memórias,,[]
5054225,106,0,10370002,1,8,0,Monster_Name_5054225,Monster_Title_505412,0,505412,2,0,False,0,0,2,1,True,True,40,50,200,2500.0,"[7008301,7008302]",True,0,0,0,0,Rama Infernal das Sombras,Phantom do Devorador de Memórias,,[]
5054226,106,0,10500001,1,8,0,Monster_Name_5054226,Monster_Title_505412,0,505412,2,0,False,0,0,2,1,True,True,50,50,200,2500.0,[7003301],True,0,0,0,0,Reitor das Sombras,Phantom do Devorador de Memórias,,[]
5054231,106,0,10821000,383141,8,0,Monster_Name_5054231,,0,0,2,0,False,0,0,2,1,True,True,40,60,200,2500.0,[],False,0,0,0,0,Rastreador,,,[]
5054232,106,0,31180001,1,8,0,Monster_Name_5054232,,0,0,2,0,False,0,0,2,1,False,False,0,90,90,2500.0,[7020801],False,0,1,0,0,Mina Eletrônica,,,[]
5054241,106,0,10480051,383151,5053241,0,Monster_Name_5054241,,0,0,2,0,False,0,0,2,0,True,True,40,90,90,2500.0,[],False,0,0,0,0,Drone de Sobrecarga,,,[]
5054251,106,0,31400091,1,5053251,0,Monster_Name_5054251,,0,0,2,0,False,0,0,2,0,True,True,50,150,400,2500.0,[],False,0,0,0,0,Torre do Brilho,,,[]
5054252,106,0,31400092,1,5053252,0,Monster_Name_5054252,,0,0,2,0,False,0,0,2,0,True,True,50,150,400,2500.0,[],False,0,0,0,0,Torre de Aço,,,[]
5054253,106,0,18780000,1,8,0,Monster_Name_5054253,,0,0,2,0,False,0,0,2,1,True,True,40,60,200,3500.0,"[7013501,7013502]",False,0,0,0,0,Phantom de Aço,,,[]
5054254,106,0,10837000,1,8,0,Monster_Name_5054254,,0,0,2,0,False,0,0,2,1,True,True,30,40,50,3500.0,[7018101],False,0,0,0,0,Phantom do Brilho,,,[]
5054255,106,0,10811000,1,8,0,,,0,0,1,0,False,0,0,2,1,False,False,40,60,200,2500.0,"[7012501,7012502]",False,0,1,0,0,,,,[]
5054256,106,0,10849000,1,8,0,,,0,0,1,0,False,0,0,2,1,False,False,40,90,90,2500.0,[7019301],False,0,1,0,0,,,,[]
5054261,106,0,17440002,0,8,0,Monster_Name_5054261,,0,0,2,0,False,0,0,2,0,True,True,40,100,200,2500.0,"[7014601,7014602]",False,0,0,0,0,Soldado Android,,,[]
5054262,106,0,17440001,327,8,0,Monster_Name_5054262,,0,0,2,0,False,0,0,2,0,True,True,40,100,200,2500.0,"[7014601,7014602]",False,0,0,0,0,Soldado Android,,,[]
5054271,106,0,31150001,1,5053271,0,NPC_Name_5054271,,0,0,2,103,False,0,2,2,0,True,True,40,100,400,2500.0,[],False,0,0,0,0,Obelisco,,,[]
5054272,106,0,10630000,1,8,0,Monster_Name_5054272,Monster_Title_505413,0,505413,2,0,False,0,0,2,1,True,True,40,50,200,2500.0,"[7006701,7006702,7006703]",False,0,0,0,0,Soldado Infectado,Assaltante de Relíquias,,[]
5054273,106,0,10640000,1,8,0,Monster_Name_5054273,Monster_Title_505413,0,505413,2,0,False,0,0,2,1,True,True,40,50,200,2500.0,"[7008001,7008002]",False,0,0,0,0,Sacerdote Infectado,Assaltante de Relíquias,,[]
5054274,106,0,10650000,1,8,0,Monster_Name_5054274,Monster_Title_505413,0,505413,2,0,False,0,0,2,1,True,True,40,50,200,2500.0,"[7008101,7008102,7008103]",False,0,0,0,0,Ciborgue Infectado,Assaltante de Relíquias,,[]
5054275,106,0,10670000,1,8,0,Monster_Name_5054275,Monster_Title_505413,0,505413,2,0,False,0,0,2,1,True,True,40,50,200,2500.0,"[7010201,7010202,7010203]",False,0,0,0,0,Infectado Mutante,Assaltante de Relíquias,,[]
5054281,106,0,16360000,498,394,0,Monster_Name_5054281,,0,0,2,0,False,0,0,2,1,False,False,200,300,600,2500.0,[7104013],True,0,0,0,0,Guardião da Torre,,,[]
5054282,106,0,10820001,1,8,0,Monster_Name_5054282,,0,0,2,0,False,0,0,2,0,True,True,40,80,200,3500.0,"[7014201,7014202,7014203]",False,0,0,0,0,Buscador da Pedra Sagrada,,,[]
5054283,106,0,10821002,1,8,0,Monster_Name_5054283,,0,0,2,0,False,0,0,2,0,True,True,40,60,200,3500.0,"[7014401,7014402,7014403]",False,0,0,0,0,Guardião da Pedra Sagrada,,,[]
5054501,106,0,10815001,1,4,0,Monster_Name_5054501,Monster_Title_505401,0,505401,2,103,False,0,2,2,1,True,True,40,50,100,3000.0,[7015401],False,0,0,0,0,Kokorung,Protetor dos Testes,,[]
5054502,106,0,10680001,5052502,4,0,Monster_Name_5054502,Monster_Title_505401,0,505401,2,103,False,0,2,2,1,True,True,40,50,200,3000.0,[7010801],False,0,0,0,0,Karon Mão Negra,Protetor dos Testes,,[]
5054503,106,0,10550010,1,4,0,Monster_Name_5054503,Monster_Title_505401,0,505401,2,103,False,0,2,2,1,True,True,40,50,200,3000.0,"[7006201,7006202,7006203,7006204,7006205]",False,0,0,0,0,Czar,Protetor dos Testes,,[]
5054504,106,0,10670001,5051504,4,0,Monster_Name_5054504,Monster_Title_505401,0,505401,2,103,False,0,2,2,1,True,True,40,50,200,3000.0,"[7010204,7010205,7010206]",False,0,0,0,0,Assunto Delta,Protetor dos Testes,,[]
5054505,106,0,10660002,5051505,4,0,Monster_Name_5054505,Monster_Title_505401,0,505401,2,103,False,0,2,2,1,True,True,40,100,200,3000.0,"[7006801,7006802,7006803]",False,0,0,0,0,Mutante Repugnante,Protetor dos Testes,,[]
5054506,106,0,16210000,5051506,4,0,Monster_Name_5054506,Monster_Title_505401,0,505401,2,103,False,0,2,2,1,True,True,40,100,200,3000.0,[7101701],False,0,0,0,0,Infectado Mutante,Protetor dos Testes,,[]
5054507,106,0,16040001,5051507,4,0,Monster_Name_5054507,Monster_Title_505401,0,505401,2,103,False,0,2,2,1,True,True,150,200,200,3000.0,[7102012],False,0,0,0,0,Flor da Corrupção,Protetor dos Testes,,[]
5054508,106,0,18680006,5051508,4,0,Monster_Name_5054508,Monster_Title_505401,0,505401,2,103,False,0,2,2,1,True,True,60,100,200,3000.0,"[7104209,7104210]",False,0,0,0,0,Tetra,Protetor dos Testes,,[]
5054509,106,0,17780004,5051509,4,0,Monster_Name_5054509,Monster_Title_505401,0,505401,2,103,False,0,2,2,1,True,True,40,50,200,3000.0,"[7104709,7104710,7104711]",False,0,0,0,0,Assassino,Protetor dos Testes,,[]
5054510,106,0,17740010,5051510,4,0,Monster_Name_5054510,Monster_Title_505401,0,505401,2,103,False,0,2,2,1,True,True,100,150,200,3000.0,"[7104120,7104121]",False,0,0,0,0,Sigma Negra,Protetor dos Testes,,[]
5054511,106,0,17430001,5051511,4,0,Monster_Name_5054511,Monster_Title_505401,0,505401,2,103,False,0,2,2,1,True,True,40,100,310,3000.0,[7104506],False,0,0,0,0,Euclid Nova,Protetor dos Testes,,[]
5054512,106,0,16200001,5051512,4,0,Monster_Name_5054512,Monster_Title_505401,0,505401,2,103,False,0,2,2,1,True,True,150,450,200,3000.0,[7101601],False,0,0,0,0,Executor,Protetor dos Testes,,[]
5054581,106,0,14000001,9016,4,0,Monster_Name_5054581,Monster_Title_505401,0,505401,2,103,False,0,2,2,1,True,True,95,100,360,3000.0,"[7210101,7210102,7210103]",False,0,0,0,0,Banshee MAU,Protetor dos Testes,,[]
5054582,106,0,14010001,9017,4,0,Monster_Name_5054582,Monster_Title_505401,0,505401,2,103,False,0,2,2,1,True,True,95,100,360,3000.0,"[7210201,7210202,7210203]",False,0,0,0,0,Gryphon MAU,Protetor dos Testes,,[]
5054583,106,0,14020001,9018,4,0,Monster_Name_5054583,Monster_Title_505401,0,505401,2,103,False,0,2,2,1,True,True,110,110,360,3000.0,[7210301],False,0,0,0,0,Argos MAU,Protetor dos Testes,,[]
5054584,106,0,14030001,9019,4,0,Monster_Name_5054584,Monster_Title_505401,0,505401,2,103,False,0,2,2,1,True,True,100,100,460,3000.0,"[7210401,7210402,7210403]",False,0,0,0,0,Centurion MAU,Protetor dos Testes,,[]
5054585,106,0,14040001,9020,4,0,Monster_Name_5054585,Monster_Title_505401,0,505401,2,103,False,0,2,2,1,True,True,100,100,460,3000.0,"[7210501,7210502,7210503]",False,0,0,0,0,Kronos MAU,Protetor dos Testes,,[]
5054586,106,0,14050001,9021,4,0,Monster_Name_5054586,Monster_Title_505401,0,505401,2,103,False,0,2,2,1,True,True,130,130,460,3000.0,"[7210601,7210602]",False,0,0,0,0,Hellfire MAU,Protetor dos Testes,,[]
5054587,106,0,14060001,9022,4,0,Monster_Name_5054587,Monster_Title_505401,0,505401,2,103,False,0,2,2,1,True,True,130,130,540,3000.0,"[3507001,3507002,3507003,3507004,3507005]",False,0,0,0,0,Stinger MAU,Protetor dos Testes,,[]
5054588,106,0,14070001,9023,4,0,Monster_Name_5054588,Monster_Title_505401,0,505401,2,103,False,0,2,2,1,True,True,130,130,540,3000.0,"[7210801,7210802,7210803,7210804]",False,0,0,0,0,MAU Ares,Protetor dos Testes,,[]
5054589,106,0,14080001,9024,4,0,Monster_Name_5054589,Monster_Title_505401,0,505401,2,103,False,0,2,2,1,True,True,180,180,540,3000.0,"[7210901,7210902,7210903,7210904,7210905]",False,0,0,0,0,Kraken MAU,Protetor dos Testes,,[]
5054801,83,0,31490000,999999,1,5054801,Object_Name_5054801,,0,0,3,117,False,0,0,2,0,True,False,30,95,180,3000.0,[],False,0,0,0,0,Relíquia Arcana,,,[]
5054901,106,0,16380004,5053901,4,0,Monster_Name_5054901,Monster_Title_505401,0,505401,2,103,False,0,2,2,1,True,True,200,300,600,3000.0,[7104361],False,0,0,0,0,Urano,Protetor dos Testes,,[]
5054902,83,0,30450001,0,1,0,,,0,0,1,0,False,0,0,2,0,False,False,40,100,600,3000.0,[],True,0,1,0,0,,,,[]
5054903,83,0,30080000,0,1,0,,,0,0,1,0,False,0,0,2,0,False,False,40,100,600,3000.0,[],True,0,1,0,0,,,,[]
5054981,83,0,31480000,0,1,5054981,NPC_Name_5054981,,0,0,3,117,False,0,0,2,0,True,False,40,100,200,3000.0,[],False,0,2,0,0,Caminho da Paz,,,[]
5054982,83,0,31480000,0,1,5054982,NPC_Name_5054982,,0,0,3,117,False,0,0,2,0,True,False,40,100,200,3000.0,[],False,0,2,0,0,Caminho das Provas,,,[]
5054983,83,0,31480000,0,1,5054983,NPC_Name_5054983,,0,0,3,117,False,0,0,2,0,True,False,40,100,200,3000.0,[],False,0,2,0,0,Caminho das Tribulações,,,[]
5054984,83,0,31480000,0,1,5054984,NPC_Name_5051984,,0,0,3,117,False,0,0,2,0,True,False,40,100,200,3000.0,[],False,0,2,0,0,Portão da Caça,,,[]
5054985,83,0,31480003,0,1,5054985,NPC_Name_5051985,,0,0,3,117,False,0,0,2,0,True,False,40,100,200,3000.0,[],False,0,2,0,0,Portão da Exploração,,,[]
5054986,83,0,31480001,0,1,5054986,NPC_Name_5051986,,0,0,3,117,False,0,0,2,0,True,False,40,100,200,3000.0,[],False,0,2,0,0,Portão da Adversidade,,,[]
5054987,83,0,31480001,0,1,5054987,NPC_Name_5051986,,0,0,3,117,False,0,0,2,0,True,False,40,100,200,3000.0,[],False,0,2,0,0,Portão da Adversidade,,,[]
5054988,83,0,31480002,0,1,5054988,NPC_Name_5051988,,0,0,3,117,False,0,0,2,0,True,False,40,100,200,3000.0,[],False,0,2,0,0,Portão da Fortuna,,,[]
5054989,83,0,31480004,0,1,5054989,NPC_Name_5051989,,0,0,3,117,False,0,0,2,0,True,False,40,100,200,3000.0,[],False,0,2,0,0,Fim dos Testes,,,[]
5055001,106,0,17450000,1,1,0,Monster_Name_5054001,Monster_Title_505401,0,505501,2,0,False,0,0,2,0,True,True,40,50,200,3000.0,[7003001],False,0,0,0,0,Guerreiro Androide,Protetor dos Testes,,[]
5055002,106,0,17460000,1,1,0,Monster_Name_5054002,Monster_Title_505401,0,505501,2,0,False,0,0,2,0,True,True,40,50,200,3000.0,[7003101],False,0,0,0,0,Soldado Android,Protetor dos Testes,,[]
5055003,106,0,10810003,1,1,0,Monster_Name_5054003,Monster_Title_505401,0,505501,2,0,False,0,0,2,1,True,True,40,60,200,3000.0,"[7012401,7012402]",False,0,0,0,0,Bork de Assalto Desenfreado,Protetor dos Testes,,[]
5055004,106,0,18800000,1,1,0,Monster_Name_5054004,Monster_Title_505401,0,505501,2,0,False,0,0,2,0,True,True,40,60,200,3000.0,"[7013701,7013702,7013703]",False,0,0,0,0,Vanguarda Android,Protetor dos Testes,,[]
5055005,106,0,18790000,1,1,0,Monster_Name_5054005,Monster_Title_505401,0,505501,2,0,False,0,0,2,0,True,True,40,60,200,3000.0,"[7013601,7013602]",False,0,0,0,0,Striker Android,Protetor dos Testes,,[]
5055006,106,0,10810003,1,1,0,Monster_Name_5054006,Monster_Title_505401,0,505501,2,0,False,0,0,2,1,True,True,40,60,200,3000.0,"[7012401,7012402]",False,0,0,0,0,Bork de Assalto Desenfreado,Protetor dos Testes,,[]
5055007,106,0,10150000,1,1,0,Monster_Name_5054007,Monster_Title_505401,0,505501,2,0,False,0,0,2,0,True,True,40,80,200,3000.0,[7006501],False,0,0,0,0,Glatt,Protetor dos Testes,,[]
5055008,106,0,10160000,1,1,0,Monster_Name_5054008,Monster_Title_505401,0,505501,2,0,False,0,0,2,0,True,True,40,50,200,3000.0,[7000901],False,0,0,0,0,Lunker,Protetor dos Testes,,[]
5055009,106,0,10010003,1,1,0,Monster_Name_5054009,Monster_Title_505401,0,505501,2,0,False,0,0,2,1,True,True,40,100,200,3000.0,[7000101],False,0,0,0,0,Estilhaçador Selvagem,Protetor dos Testes,,[]
5055011,106,0,10300000,1,1,0,Monster_Name_5054011,Monster_Title_505401,0,505501,2,0,False,0,0,2,0,True,True,40,80,200,3000.0,"[7004301,7004302]",False,0,0,0,0,Pinça,Protetor dos Testes,,[]
5055012,106,0,10140002,1,1,0,Monster_Name_5054012,Monster_Title_505401,0,505501,2,0,False,0,0,2,0,True,True,40,80,200,3000.0,"[7005501,7005502]",False,0,0,0,0,Meevlan,Protetor dos Testes,,[]
5055013,106,0,10050002,1,1,0,Monster_Name_5054013,Monster_Title_505401,0,505501,2,0,False,0,0,2,1,True,True,40,50,200,3000.0,"[7003701,7003702,7003703]",False,0,0,0,0,Arghol Selvagem,Protetor dos Testes,,[]
5055014,106,0,10350000,1,1,0,Monster_Name_5054014,Monster_Title_505401,0,505501,2,0,False,0,0,2,0,True,True,40,50,200,3000.0,"[7005701,7005702]",False,0,0,0,0,Dagan,Protetor dos Testes,,[]
5055015,106,0,10370000,1,1,0,Monster_Name_5054015,Monster_Title_505401,0,505501,2,0,False,0,0,2,0,True,True,40,50,200,3000.0,"[7008301,7008302]",False,0,0,0,0,Larva Infernal,Protetor dos Testes,,[]
5055016,106,0,10823002,1,1,0,Monster_Name_5054016,Monster_Title_505401,0,505501,2,0,False,0,0,2,1,True,True,40,40,80,3000.0,"[7016401,7016402]",False,0,0,0,0,Fantasma Blindado Enfurecido,Protetor dos Testes,,[]
5055017,106,0,10870000,1,1,0,Monster_Name_5054017,Monster_Title_505401,0,505501,2,0,False,0,0,2,0,True,True,40,40,100,3000.0,"[7019801,7019802]",False,0,0,0,0,Guerreiro Calliana,Protetor dos Testes,,[]
5055018,106,0,10860000,1,1,0,Monster_Name_5054018,Monster_Title_505401,0,505501,2,0,False,0,0,2,0,True,True,40,40,100,3000.0,"[7019701,7019702,7019703]",False,0,0,0,0,Atirador Calliana,Protetor dos Testes,,[]
5055019,106,0,10810003,1,1,0,Monster_Name_5054019,Monster_Title_505401,0,505501,2,0,False,0,0,2,1,True,True,40,60,200,3000.0,"[7012401,7012402]",False,0,0,0,0,Bork de Assalto Desenfreado,Protetor dos Testes,,[]
5055021,106,0,10816000,1,1,0,Monster_Name_5054021,Monster_Title_505401,0,505501,2,0,False,0,0,2,0,True,True,40,40,110,3000.0,"[7015101,7015102]",False,0,0,0,0,Buscador Clops,Protetor dos Testes,,[]
5055022,106,0,10818000,1,1,0,Monster_Name_5054022,Monster_Title_505401,0,505501,2,0,False,0,0,2,0,True,True,40,40,110,3000.0,[7015001],False,0,0,0,0,Enganador Clops,Protetor dos Testes,,[]
5055023,106,0,10310003,1,1,0,Monster_Name_5054023,Monster_Title_505401,0,505501,2,0,False,0,0,2,1,True,True,40,130,200,3000.0,"[7005801,7005802]",False,0,0,0,0,Brutal Selvagem,Protetor dos Testes,,[]
5055024,106,0,10550000,1,1,0,Monster_Name_5054024,Monster_Title_505401,0,505501,2,0,False,0,0,2,0,True,True,40,50,200,3000.0,"[7006201,7006202]",False,0,0,0,0,Guerreiro Crawler,Protetor dos Testes,,[]
5055025,106,0,10551000,1,1,0,Monster_Name_5054025,Monster_Title_505401,0,505501,2,0,False,0,0,2,0,True,True,40,50,200,3000.0,[7006301],False,0,0,0,0,Batedor Crawler,Protetor dos Testes,,[]
5055026,106,0,10842001,1,1,0,Monster_Name_5054026,Monster_Title_505401,0,505501,2,0,False,0,0,2,1,True,True,40,40,50,3000.0,[7018302],False,0,0,0,0,Pathfinder Desenfreado,Protetor dos Testes,,[]
5055027,106,0,18610003,1,1,0,Monster_Name_5054027,Monster_Title_505401,0,505501,2,0,False,0,0,2,0,True,True,40,50,200,3000.0,[7011401],False,0,0,0,0,Lanceiro Cultista,Protetor dos Testes,,[]
5055028,106,0,18620004,1,1,0,Monster_Name_5054028,Monster_Title_505401,0,505501,2,0,False,0,0,2,0,True,True,40,50,200,3000.0,[7011501],False,0,0,0,0,Arqueiro Cultista,Protetor dos Testes,,[]
5055029,106,0,10460002,1,1,0,Monster_Name_5054029,Monster_Title_505401,0,505501,2,0,False,0,0,2,1,True,True,40,80,200,3000.0,[7008401],False,0,0,0,0,Fantasma Enfurecido,Protetor dos Testes,,[]
5055031,106,0,18680003,1,1,0,Monster_Name_5054031,Monster_Title_505401,0,505501,2,0,False,0,0,2,0,True,True,40,100,200,3000.0,"[7012601,7012602]",False,0,0,0,0,Fanático Cultista,Protetor dos Testes,,[]
5055032,106,0,18690003,1,1,0,Monster_Name_5054032,Monster_Title_505401,0,505501,2,0,False,0,0,2,0,True,True,40,100,200,3000.0,"[7012701,7012702]",False,0,0,0,0,Sacerdote de Batalha Cultista,Protetor dos Testes,,[]
5055033,106,0,10823002,1,1,0,Monster_Name_5054033,Monster_Title_505401,0,505501,2,0,False,0,0,2,1,True,True,40,40,80,3000.0,"[7016401,7016402]",False,0,0,0,0,Fantasma Blindado Enfurecido,Protetor dos Testes,,[]
5055034,106,0,10540000,1,1,0,Monster_Name_5054034,Monster_Title_505401,0,505501,2,0,False,0,0,2,0,True,True,40,50,200,3000.0,[7002701],False,0,0,0,0,Saqueador Equesian,Protetor dos Testes,,[]
5055035,106,0,10541000,1,1,0,Monster_Name_5054035,Monster_Title_505401,0,505501,2,0,False,0,0,2,0,True,True,40,50,200,3000.0,[7002801],False,0,0,0,0,Atirador Equesian,Protetor dos Testes,,[]
5055036,106,0,10831002,1,1,0,Monster_Name_5054036,Monster_Title_505401,0,505501,2,0,False,0,0,2,1,True,True,40,80,140,3000.0,"[7015801,7015802]",False,0,0,0,0,Junker Desenfreado,Protetor dos Testes,,[]
5055037,106,0,10813000,1,1,0,Monster_Name_5054037,Monster_Title_505401,0,505501,2,0,False,0,0,2,0,True,True,40,50,80,3000.0,"[7014901,7014902]",False,0,0,0,0,Farejador Ferinky,Protetor dos Testes,,[]
5055038,106,0,10814000,1,1,0,Monster_Name_5054038,Monster_Title_505401,0,505501,2,0,False,0,0,2,0,True,True,40,50,80,3000.0,[7015501],False,0,0,0,0,Ranger Ferinky,Protetor dos Testes,,[]
5055039,106,0,10130001,1,1,0,Monster_Name_5054039,Monster_Title_505401,0,505501,2,0,False,0,0,2,1,True,True,40,80,200,3000.0,[7008801],False,0,0,0,0,Simbiôntico Selvagem,Protetor dos Testes,,[]
5055041,106,0,10693001,1,1,0,Monster_Name_5054041,Monster_Title_505401,0,505501,2,0,False,0,0,2,0,True,True,40,50,200,3000.0,[7002301],False,0,0,0,0,Helas Super Soldado,Protetor dos Testes,,[]
5055042,106,0,10694001,1,1,0,Monster_Name_5054042,Monster_Title_505401,0,505501,2,0,False,0,0,2,0,True,True,40,50,200,3000.0,[7005301],False,0,0,0,0,Cavalaria Pesada Helas,Protetor dos Testes,,[]
5055043,106,0,10831002,1,1,0,Monster_Name_5054043,Monster_Title_505401,0,505501,2,0,False,0,0,2,1,True,True,40,80,140,3000.0,"[7015801,7015802]",False,0,0,0,0,Junker Enfurecido,Protetor dos Testes,,[]
5055044,106,0,10834000,1,1,0,Monster_Name_5054044,Monster_Title_505401,0,505501,2,0,False,0,0,2,0,True,True,30,40,50,3000.0,"[7016301,7016302]",False,0,0,0,0,Médico Lydian,Protetor dos Testes,,[]
5055045,106,0,10833000,1,1,0,Monster_Name_5054045,Monster_Title_505401,0,505501,2,0,False,0,0,2,0,True,True,40,40,60,3000.0,[7017701],False,0,0,0,0,Cirurgião Lydian,Protetor dos Testes,,[]
5055046,106,0,10842001,1,1,0,Monster_Name_5054046,Monster_Title_505401,0,505501,2,0,False,0,0,2,1,True,True,40,40,50,3000.0,[7018302],False,0,0,0,0,Pathfinder Desenfreado,Protetor dos Testes,,[]
5055047,106,0,10844000,1,1,0,Monster_Name_5054047,Monster_Title_505401,0,505501,2,0,False,0,0,2,0,True,True,40,50,120,3000.0,"[7019101,7019102,7019103]",False,0,0,0,0,Guerreiro Nether,Protetor dos Testes,,[]
5055048,106,0,10845000,1,1,0,Monster_Name_5054048,Monster_Title_505401,0,505501,2,0,False,0,0,2,0,True,True,40,50,120,3000.0,[7019001],False,0,0,0,0,Sentinela Nether,Protetor dos Testes,,[]
5055049,106,0,10823002,1,1,0,Monster_Name_5054049,Monster_Title_505401,0,505501,2,0,False,0,0,2,1,True,True,40,40,80,3000.0,"[7016401,7016402]",False,0,0,0,0,Fantasma Blindado Enfurecido,Protetor dos Testes,,[]
5055051,106,0,10836000,1,1,0,Monster_Name_5054051,Monster_Title_505401,0,505501,2,0,False,0,0,2,0,True,True,40,60,120,3000.0,"[7017401,7017402]",False,0,0,0,0,Mentalista Palid,Protetor dos Testes,,[]
5055052,106,0,10837000,1,1,0,Monster_Name_5054052,Monster_Title_505401,0,505501,2,0,False,0,0,2,0,True,True,30,40,50,3000.0,[7018101],False,0,0,0,0,Feiticeiro Palid,Protetor dos Testes,,[]
5055053,106,0,10460002,1,1,0,Monster_Name_5054053,Monster_Title_505401,0,505501,2,0,False,0,0,2,1,True,True,40,80,200,3000.0,[7008401],False,0,0,0,0,Fantasma Enfurecido,Protetor dos Testes,,[]
5055054,106,0,10530000,1,1,0,Monster_Name_5054054,Monster_Title_505401,0,505501,2,0,False,0,0,2,0,True,True,40,50,200,3000.0,"[7003601,7003602]",False,0,0,0,0,Saqueador Predo,Protetor dos Testes,,[]
5055055,106,0,10531000,1,1,0,Monster_Name_5054055,Monster_Title_505401,0,505501,2,0,False,0,0,2,0,True,True,40,50,200,3000.0,[7003501],False,0,0,0,0,Atirador Predo,Protetor dos Testes,,[]
5055056,106,0,10831002,1,1,0,Monster_Name_5054056,Monster_Title_505401,0,505501,2,0,False,0,0,2,1,True,True,40,80,140,3000.0,"[7015801,7015802]",False,0,0,0,0,Junker Desenfreado,Protetor dos Testes,,[]
5055057,106,0,10824000,1,1,0,Monster_Name_5054057,Monster_Title_505401,0,505501,2,0,False,0,0,2,0,True,True,30,40,200,3000.0,"[7014301,7014302]",False,0,0,0,0,G-Box,Protetor dos Testes,,[]
5055058,106,0,10410000,1,1,0,Monster_Name_5054058,Monster_Title_505401,0,505501,2,0,False,0,0,2,0,True,True,40,50,200,3000.0,[7008201],False,0,0,0,0,Passer Alpha,Protetor dos Testes,,[]
5055059,106,0,10842001,1,1,0,Monster_Name_5054059,Monster_Title_505401,0,505501,2,0,False,0,0,2,1,True,True,40,40,50,3000.0,[7018302],False,0,0,0,0,Pathfinder Desenfreado,Protetor dos Testes,,[]
5055061,106,0,10510000,1,1,0,Monster_Name_5054061,Monster_Title_505401,0,505501,2,0,False,0,0,2,0,True,True,40,50,200,3000.0,[7001401],False,0,0,0,0,Guerreiro Saura,Protetor dos Testes,,[]
5055062,106,0,10520000,1,1,0,Monster_Name_5054062,Monster_Title_505401,0,505501,2,0,False,0,0,2,0,True,True,40,50,200,3000.0,[7001502],False,0,0,0,0,Batedor Saura,Protetor dos Testes,,[]
5055063,106,0,10842001,1,1,0,Monster_Name_5054063,Monster_Title_505401,0,505501,2,0,False,0,0,2,1,True,True,40,40,50,3000.0,[7018302],False,0,0,0,0,Pathfinder Desenfreado,Protetor dos Testes,,[]
5055064,106,0,10511000,1,1,0,Monster_Name_5054064,Monster_Title_505401,0,505501,2,0,False,0,0,2,0,True,True,40,50,200,3000.0,"[7004001,7004002]",False,0,0,0,0,Guerreiro Eldrige,Protetor dos Testes,,[]
5055065,106,0,10521000,1,1,0,Monster_Name_5054065,Monster_Title_505401,0,505501,2,0,False,0,0,2,0,True,True,40,50,200,3000.0,[7006401],False,0,0,0,0,Eldrige Batedor,Protetor dos Testes,,[]
5055066,106,0,10842001,1,1,0,Monster_Name_5054066,Monster_Title_505401,0,505501,2,0,False,0,0,2,1,True,True,40,40,50,3000.0,[7018302],False,0,0,0,0,Pathfinder Desenfreado,Protetor dos Testes,,[]
5055067,106,0,10572000,1,1,0,Monster_Name_5054067,Monster_Title_505401,0,505501,2,0,False,0,0,2,0,True,True,40,50,200,3000.0,[7007201],False,0,0,0,0,Lanceiro Snatcher,Protetor dos Testes,,[]
5055068,106,0,10573000,1,1,0,Monster_Name_5054068,Monster_Title_505401,0,505501,2,0,False,0,0,2,0,True,True,40,50,200,3000.0,[7007301],False,0,0,0,0,Arremessador Snatcher,Protetor dos Testes,,[]
5055069,106,0,10620001,1,1,0,Monster_Name_5054069,Monster_Title_505401,0,505501,2,0,False,0,0,2,1,True,True,40,200,200,3000.0,"[7007901,7007904]",False,0,0,0,0,Canibal Selvagem,Protetor dos Testes,,[]
5055071,106,0,10910000,1,1,0,Monster_Name_5054071,Monster_Title_505401,0,505501,2,0,False,0,0,2,0,True,True,40,40,80,3000.0,"[7020201,7020202]",False,0,0,0,0,Turkan Saqueador Raider,Protetor dos Testes,,[]
5055072,106,0,10920000,1,1,0,Monster_Name_5054072,Monster_Title_505401,0,505501,2,0,False,0,0,2,0,True,True,40,40,80,3000.0,[7020301],False,0,0,0,0,Sniper Turkan Snatcher,Protetor dos Testes,,[]
5055073,106,0,10620001,1,1,0,Monster_Name_5054073,Monster_Title_505401,0,505501,2,0,False,0,0,2,1,True,True,40,200,200,3000.0,"[7007901,7007904]",False,0,0,0,0,Canibal Selvagem,Protetor dos Testes,,[]
5055074,106,0,10826000,1,1,0,Monster_Name_5054074,Monster_Title_505401,0,505501,2,0,False,0,0,2,0,True,True,40,60,120,3000.0,"[7015901,7015902]",False,0,0,0,0,Guerreiro Soma,Protetor dos Testes,,[]
5055075,106,0,10825000,1,1,0,Monster_Name_5054075,Monster_Title_505401,0,505501,2,0,False,0,0,2,0,True,True,30,40,200,3000.0,"[7014501,7014502,7014503]",False,0,0,0,0,Ranger Soma,Protetor dos Testes,,[]
5055076,106,0,10842001,1,1,0,Monster_Name_5054076,Monster_Title_505401,0,505501,2,0,False,0,0,2,1,True,True,40,40,50,3000.0,[7018302],False,0,0,0,0,Pathfinder Desenfreado,Protetor dos Testes,,[]
5055077,106,0,10841000,1,1,0,Monster_Name_5054077,Monster_Title_505401,0,505501,2,0,False,0,0,2,0,True,True,30,40,50,3000.0,"[7018001,7018002]",False,0,0,0,0,Juiz Thermit,Protetor dos Testes,,[]
5055078,106,0,10840000,1,1,0,Monster_Name_5054078,Monster_Title_505401,0,505501,2,0,False,0,0,2,0,True,True,30,40,50,3000.0,[7017901],False,0,0,0,0,Purificador Thermit,Protetor dos Testes,,[]
5055079,106,0,10460002,1,1,0,Monster_Name_5054079,Monster_Title_505401,0,505501,2,0,False,0,0,2,1,True,True,40,80,200,3000.0,[7008401],False,0,0,0,0,Fantasma Enfurecido,Protetor dos Testes,,[]
5055081,106,0,10441000,1,1,0,Monster_Name_5054081,Monster_Title_505401,0,505501,2,0,False,0,0,2,0,True,True,40,100,200,3000.0,[7012101],False,0,0,0,0,Ladino Vafer,Protetor dos Testes,,[]
5055082,106,0,10442000,1,1,0,Monster_Name_5054082,Monster_Title_505401,0,505501,2,0,False,0,0,2,0,True,True,40,100,200,3000.0,[7012001],False,0,0,0,0,Mortal Vafer,Protetor dos Testes,,[]
5055083,106,0,10010003,1,1,0,Monster_Name_5054083,Monster_Title_505401,0,505501,2,0,False,0,0,2,1,True,True,40,100,200,3000.0,[7000101],False,0,0,0,0,Estilhaçador Selvagem,Protetor dos Testes,,[]
5055084,106,0,10890000,1,1,0,Monster_Name_5054084,Monster_Title_505401,0,505501,2,0,False,0,0,2,0,True,True,40,70,150,3000.0,"[7020001,7020002,7020003]",False,0,0,0,0,Soldado Pesado Turkan Vafer,Protetor dos Testes,,[]
5055085,106,0,10900000,1,1,0,Monster_Name_5054085,Monster_Title_505401,0,505501,2,0,False,0,0,2,0,True,True,40,50,150,3000.0,"[7020101,7020102]",False,0,0,0,0,Soldado de Cerco Turkan Vafer,Protetor dos Testes,,[]
5055086,106,0,10010003,1,1,0,Monster_Name_5054086,Monster_Title_505401,0,505501,2,0,False,0,0,2,1,True,True,40,100,200,3000.0,[7000101],False,0,0,0,0,Estilhaçador Selvagem,Protetor dos Testes,,[]
5055201,106,0,10835000,1,1,0,Monster_Name_5054201,,0,0,2,0,False,0,0,2,1,False,False,50,70,120,2500.0,"[7017301,7017302]",False,0,0,0,0,Sombra do Vazio,,,[]
5055202,83,0,30080015,1,1,0,,,0,0,2,0,False,0,0,2,0,False,False,0,0,0,3000.0,[],False,0,0,0,0,,,,[]
5055211,106,0,10770000,383124,4,0,Monster_Name_5054211,,0,0,2,103,False,0,2,2,1,True,True,200,300,500,3000.0,[7022001],False,0,0,0,0,Auto-Torreta,,,[]
5055212,83,0,31410000,0,1,0,Monster_Name_5054212,,0,0,2,0,False,0,0,2,0,False,False,0,90,90,3000.0,[],False,0,1,0,0,Barreira da Torreta,,,[]
5055213,106,0,30940001,0,5053213,0,Monster_Name_5054213,,0,0,2,0,False,0,0,2,0,True,True,25,30,90,3000.0,[],False,0,0,0,0,Gerador de Barreira,,,[]
5055221,106,0,10501001,1,8,0,Monster_Name_5054221,Monster_Title_505411,0,505511,2,103,False,0,2,2,1,True,True,40,50,200,3000.0,[7009405],False,0,0,0,0,Alto Reitor,Devorador de Memórias,,[]
5055222,106,0,10040002,1,8,0,Monster_Name_5054222,Monster_Title_505412,0,505512,2,0,False,0,0,2,1,True,True,40,50,200,2500.0,[7001201],True,0,0,0,0,Sombra Mahr,Phantom do Devorador de Memórias,,[]
5055223,106,0,10041001,1,8,0,Monster_Name_5054223,Monster_Title_505412,0,505512,2,0,False,0,0,2,1,True,True,40,80,200,2500.0,[7001101],True,0,0,0,0,Criador de Shadow Mahr,Phantom do Devorador de Memórias,,[]
5055224,106,0,10810004,1,8,0,Monster_Name_5054224,Monster_Title_505412,0,505512,2,0,False,0,0,2,1,True,True,40,60,200,2500.0,"[7012401,7012402]",True,0,0,0,0,Assalto Sombrio Bork,Phantom do Devorador de Memórias,,[]
5055225,106,0,10370002,1,8,0,Monster_Name_5054225,Monster_Title_505412,0,505512,2,0,False,0,0,2,1,True,True,40,50,200,2500.0,"[7008301,7008302]",True,0,0,0,0,Rama Infernal das Sombras,Phantom do Devorador de Memórias,,[]
5055226,106,0,10500001,1,8,0,Monster_Name_5054226,Monster_Title_505412,0,505512,2,0,False,0,0,2,1,True,True,50,50,200,2500.0,[7003301],True,0,0,0,0,Reitor das Sombras,Phantom do Devorador de Memórias,,[]
5055231,106,0,10821000,383141,8,0,Monster_Name_5054231,,0,0,2,0,False,0,0,2,1,True,True,40,60,200,2500.0,[],False,0,0,0,0,Rastreador,,,[]
5055232,106,0,31180001,1,8,0,Monster_Name_5054232,,0,0,2,0,False,0,0,2,1,False,False,0,90,90,2500.0,[7020801],False,0,1,0,0,Mina Eletrônica,,,[]
5055241,106,0,10480051,383151,5053241,0,Monster_Name_5054241,,0,0,2,0,False,0,0,2,0,True,True,40,90,90,2500.0,[],False,0,0,0,0,Drone de Sobrecarga,,,[]
5055251,106,0,31400091,1,5053251,0,Monster_Name_5054251,,0,0,2,0,False,0,0,2,0,True,True,50,150,400,2500.0,[],False,0,0,0,0,Torre do Brilho,,,[]
5055252,106,0,31400092,1,5053252,0,Monster_Name_5054252,,0,0,2,0,False,0,0,2,0,True,True,50,150,400,2500.0,[],False,0,0,0,0,Torre de Aço,,,[]
5055253,106,0,18780000,1,8,0,Monster_Name_5054253,,0,0,2,0,False,0,0,2,1,True,True,40,60,200,3500.0,"[7013501,7013502]",False,0,0,0,0,Phantom de Aço,,,[]
5055254,106,0,10837000,1,8,0,Monster_Name_5054254,,0,0,2,0,False,0,0,2,1,True,True,30,40,50,3500.0,[7018101],False,0,0,0,0,Phantom do Brilho,,,[]
5055255,106,0,10811000,1,8,0,,,0,0,1,0,False,0,0,2,1,False,False,40,60,200,2500.0,"[7012501,7012502]",False,0,1,0,0,,,,[]
5055256,106,0,10849000,1,8,0,,,0,0,1,0,False,0,0,2,1,False,False,40,90,90,2500.0,[7019301],False,0,1,0,0,,,,[]
5055261,106,0,17440002,0,8,0,Monster_Name_5054261,,0,0,2,0,False,0,0,2,0,True,True,40,100,200,2500.0,"[7014601,7014602]",False,0,0,0,0,Soldado Android,,,[]
5055262,106,0,17440001,327,8,0,Monster_Name_5054262,,0,0,2,0,False,0,0,2,0,True,True,40,100,200,2500.0,"[7014601,7014602]",False,0,0,0,0,Soldado Android,,,[]
5055271,106,0,31150001,1,5053271,0,NPC_Name_5054271,,0,0,2,103,False,0,2,2,0,True,True,40,100,400,2500.0,[],False,0,0,0,0,Obelisco,,,[]
5055272,106,0,10630000,1,8,0,Monster_Name_5054272,Monster_Title_505413,0,505513,2,0,False,0,0,2,1,True,True,40,50,200,2500.0,"[7006701,7006702,7006703]",False,0,0,0,0,Soldado Infectado,Assaltante de Relíquias,,[]
5055273,106,0,10640000,1,8,0,Monster_Name_5054273,Monster_Title_505413,0,505513,2,0,False,0,0,2,1,True,True,40,50,200,2500.0,"[7008001,7008002]",False,0,0,0,0,Sacerdote Infectado,Assaltante de Relíquias,,[]
5055274,106,0,10650000,1,8,0,Monster_Name_5054274,Monster_Title_505413,0,505513,2,0,False,0,0,2,1,True,True,40,50,200,2500.0,"[7008101,7008102,7008103]",False,0,0,0,0,Ciborgue Infectado,Assaltante de Relíquias,,[]
5055275,106,0,10670000,1,8,0,Monster_Name_5054275,Monster_Title_505413,0,505513,2,0,False,0,0,2,1,True,True,40,50,200,2500.0,"[7010201,7010202,7010203]",False,0,0,0,0,Infectado Mutante,Assaltante de Relíquias,,[]
5055281,106,0,16360000,498,394,0,Monster_Name_5054281,,0,0,2,0,False,0,0,2,1,False,False,200,300,600,2500.0,[7104013],True,0,0,0,0,Guardião da Torre,,,[]
5055282,106,0,10820001,1,8,0,Monster_Name_5054282,,0,0,2,0,False,0,0,2,0,True,True,40,80,200,3500.0,"[7014201,7014202,7014203]",False,0,0,0,0,Buscador da Pedra Sagrada,,,[]
5055283,106,0,10821002,1,8,0,Monster_Name_5054283,,0,0,2,0,False,0,0,2,0,True,True,40,60,200,3500.0,"[7014401,7014402,7014403]",False,0,0,0,0,Guardião da Pedra Sagrada,,,[]
5055501,106,0,10815001,1,4,0,Monster_Name_5054501,Monster_Title_505401,0,505501,2,103,False,0,2,2,1,True,True,40,50,100,3000.0,[7015401],False,0,0,0,0,Kokorung,Protetor dos Testes,,[]
5055502,106,0,10680001,5052502,4,0,Monster_Name_5054502,Monster_Title_505401,0,505501,2,103,False,0,2,2,1,True,True,40,50,200,3000.0,[7010801],False,0,0,0,0,Karon Mão Negra,Protetor dos Testes,,[]
5055503,106,0,10550010,1,4,0,Monster_Name_5054503,Monster_Title_505401,0,505501,2,103,False,0,2,2,1,True,True,40,50,200,3000.0,"[7006201,7006202,7006203,7006204,7006205]",False,0,0,0,0,Czar,Protetor dos Testes,,[]
5055504,106,0,10670001,5051504,4,0,Monster_Name_5054504,Monster_Title_505401,0,505501,2,103,False,0,2,2,1,True,True,40,50,200,3000.0,"[7010204,7010205,7010206]",False,0,0,0,0,Assunto Delta,Protetor dos Testes,,[]
5055505,106,0,10660002,5051505,4,0,Monster_Name_5054505,Monster_Title_505401,0,505501,2,103,False,0,2,2,1,True,True,40,100,200,3000.0,"[7006801,7006802,7006803]",False,0,0,0,0,Mutante Repugnante,Protetor dos Testes,,[]
5055506,106,0,16210000,5051506,4,0,Monster_Name_5054506,Monster_Title_505401,0,505501,2,103,False,0,2,2,1,True,True,40,100,200,3000.0,[7101701],False,0,0,0,0,Infectado Mutante,Protetor dos Testes,,[]
5055507,106,0,16040001,5051507,4,0,Monster_Name_5054507,Monster_Title_505401,0,505501,2,103,False,0,2,2,1,True,True,150,200,200,3000.0,[7102012],False,0,0,0,0,Flor da Corrupção,Protetor dos Testes,,[]
5055508,106,0,18680006,5051508,4,0,Monster_Name_5054508,Monster_Title_505401,0,505501,2,103,False,0,2,2,1,True,True,60,100,200,3000.0,"[7104209,7104210]",False,0,0,0,0,Tetra,Protetor dos Testes,,[]
5055509,106,0,17780004,5051509,4,0,Monster_Name_5054509,Monster_Title_505401,0,505501,2,103,False,0,2,2,1,True,True,40,50,200,3000.0,"[7104709,7104710,7104711]",False,0,0,0,0,Assassino,Protetor dos Testes,,[]
5055510,106,0,17740010,5051510,4,0,Monster_Name_5054510,Monster_Title_505401,0,505501,2,103,False,0,2,2,1,True,True,100,150,200,3000.0,"[7104120,7104121]",False,0,0,0,0,Sigma Negra,Protetor dos Testes,,[]
5055511,106,0,17430001,5051511,4,0,Monster_Name_5054511,Monster_Title_505401,0,505501,2,103,False,0,2,2,1,True,True,40,100,310,3000.0,[7104506],False,0,0,0,0,Euclid Nova,Protetor dos Testes,,[]
5055512,106,0,16200001,5051512,4,0,Monster_Name_5054512,Monster_Title_505401,0,505501,2,103,False,0,2,2,1,True,True,150,450,200,3000.0,[7101601],False,0,0,0,0,Executor,Protetor dos Testes,,[]
5055581,106,0,14000001,9016,4,0,Monster_Name_5054581,Monster_Title_505401,0,505501,2,103,False,0,2,2,1,True,True,95,100,360,3000.0,"[7210101,7210102,7210103]",False,0,0,0,0,Banshee MAU,Protetor dos Testes,,[]
5055582,106,0,14010001,9017,4,0,Monster_Name_5054582,Monster_Title_505401,0,505501,2,103,False,0,2,2,1,True,True,95,100,360,3000.0,"[7210201,7210202,7210203]",False,0,0,0,0,Gryphon MAU,Protetor dos Testes,,[]
5055583,106,0,14020001,9018,4,0,Monster_Name_5054583,Monster_Title_505401,0,505501,2,103,False,0,2,2,1,True,True,110,110,360,3000.0,[7210301],False,0,0,0,0,Argos MAU,Protetor dos Testes,,[]
5055584,106,0,14030001,9019,4,0,Monster_Name_5054584,Monster_Title_505401,0,505501,2,103,False,0,2,2,1,True,True,100,100,460,3000.0,"[7210401,7210402,7210403]",False,0,0,0,0,Centurion MAU,Protetor dos Testes,,[]
5055585,106,0,14040001,9020,4,0,Monster_Name_5054585,Monster_Title_505401,0,505501,2,103,False,0,2,2,1,True,True,100,100,460,3000.0,"[7210501,7210502,7210503]",False,0,0,0,0,Kronos MAU,Protetor dos Testes,,[]
5055586,106,0,14050001,9021,4,0,Monster_Name_5054586,Monster_Title_505401,0,505501,2,103,False,0,2,2,1,True,True,130,130,460,3000.0,"[7210601,7210602]",False,0,0,0,0,Hellfire MAU,Protetor dos Testes,,[]
5055587,106,0,14060001,9022,4,0,Monster_Name_5054587,Monster_Title_505401,0,505501,2,103,False,0,2,2,1,True,True,130,130,540,3000.0,"[3507001,3507002,3507003,3507004,3507005]",False,0,0,0,0,Stinger MAU,Protetor dos Testes,,[]
5055588,106,0,14070001,9023,4,0,Monster_Name_5054588,Monster_Title_505401,0,505501,2,103,False,0,2,2,1,True,True,130,130,540,3000.0,"[7210801,7210802,7210803,7210804]",False,0,0,0,0,MAU Ares,Protetor dos Testes,,[]
5055589,106,0,14080001,9024,4,0,Monster_Name_5054589,Monster_Title_505401,0,505501,2,103,False,0,2,2,1,True,True,180,180,540,3000.0,"[7210901,7210902,7210903,7210904,7210905]",False,0,0,0,0,Kraken MAU,Protetor dos Testes,,[]
5055801,83,0,31490000,999999,1,5055801,Object_Name_5054801,,0,0,3,117,False,0,0,2,0,True,False,30,95,180,3000.0,[],False,0,0,0,0,Relíquia Arcana,,,[]
5055901,106,0,16380004,5053901,4,0,Monster_Name_5054901,Monster_Title_505401,0,505501,2,103,False,0,2,2,1,True,True,200,300,600,3000.0,[7104361],False,0,0,0,0,Urano,Protetor dos Testes,,[]
5055902,83,0,30450001,0,1,0,,,0,0,1,0,False,0,0,2,0,False,False,40,100,600,3000.0,[],True,0,1,0,0,,,,[]
5055903,83,0,30080000,0,1,0,,,0,0,1,0,False,0,0,2,0,False,False,40,100,600,3000.0,[],True,0,1,0,0,,,,[]
5055981,83,0,31480000,0,1,5055981,NPC_Name_5054981,,0,0,3,117,False,0,0,2,0,True,False,40,100,200,3000.0,[],False,0,2,0,0,Caminho da Paz,,,[]
5055982,83,0,31480000,0,1,5055982,NPC_Name_5054982,,0,0,3,117,False,0,0,2,0,True,False,40,100,200,3000.0,[],False,0,2,0,0,Caminho das Provas,,,[]
5055983,83,0,31480000,0,1,5055983,NPC_Name_5054983,,0,0,3,117,False,0,0,2,0,True,False,40,100,200,3000.0,[],False,0,2,0,0,Caminho das Tribulações,,,[]
5055984,83,0,31480000,0,1,5055984,NPC_Name_5051984,,0,0,3,117,False,0,0,2,0,True,False,40,100,200,3000.0,[],False,0,2,0,0,Portão da Caça,,,[]
5055985,83,0,31480003,0,1,5055985,NPC_Name_5051985,,0,0,3,117,False,0,0,2,0,True,False,40,100,200,3000.0,[],False,0,2,0,0,Portão da Exploração,,,[]
5055986,83,0,31480001,0,1,5055986,NPC_Name_5051986,,0,0,3,117,False,0,0,2,0,True,False,40,100,200,3000.0,[],False,0,2,0,0,Portão da Adversidade,,,[]
5055987,83,0,31480001,0,1,5055987,NPC_Name_5051986,,0,0,3,117,False,0,0,2,0,True,False,40,100,200,3000.0,[],False,0,2,0,0,Portão da Adversidade,,,[]
5055988,83,0,31480002,0,1,5055988,NPC_Name_5051988,,0,0,3,117,False,0,0,2,0,True,False,40,100,200,3000.0,[],False,0,2,0,0,Portão da Fortuna,,,[]
5055989,83,0,31480004,0,1,5055989,NPC_Name_5051989,,0,0,3,117,False,0,0,2,0,True,False,40,100,200,3000.0,[],False,0,2,0,0,Fim dos Testes,,,[]
5081101,72,0,18700050,1,1,0,Monster_Name_5081101,Monster_Title_508101,0,0,2,0,False,0,0,2,0,True,True,40,100,200,3000.0,[7013001],False,0,0,0,0,Arquivista Cultista Marvet,Apóstolos da Onda Azul,,[]
5081102,72,0,18720050,287,1,0,Monster_Name_5081102,Monster_Title_508101,0,0,2,0,False,0,0,2,0,True,True,40,100,200,3000.0,"[7012801,7012802]",False,0,0,0,0,Executor Cultista Marvet,Apóstolos da Onda Azul,,[]
5081103,72,0,18680050,283,1,0,Monster_Name_5081103,Monster_Title_508101,0,0,2,0,False,0,0,2,0,True,True,40,100,200,3000.0,"[7012601,7012602]",False,0,0,0,0,Fanático Cultista Marvet,Apóstolos da Onda Azul,,[]
5081104,72,0,10840000,1,1,0,Monster_Name_5081104,Monster_Title_508102,0,0,2,0,False,0,0,2,0,True,True,30,50,50,3000.0,[7017901],False,0,0,0,0,Marvet Thermit Flint,Devotos da Chama Carmesim,,[]
5081105,72,0,10839000,1,1,0,Monster_Name_5081105,Monster_Title_508102,0,0,2,0,False,0,0,2,0,True,True,30,50,50,3000.0,"[7017801,7017802]",False,0,0,0,0,Purificador Thermit Marvet,Devotos da Chama Carmesim,,[]
5081106,72,0,10841000,1,1,0,Monster_Name_5081106,Monster_Title_508102,0,0,2,0,False,0,0,2,0,True,True,40,50,50,3000.0,"[7018001,7018002]",False,0,0,0,0,Marvet Juiz Thermit,Devotos da Chama Carmesim,,[]
5081107,72,0,10080001,1,100000,0,Monster_Name_5081107,,0,0,2,0,False,0,0,2,0,True,True,40,100,200,3000.0,[7005601],False,0,0,0,0,Marvet Silex,,,[]
5081108,72,0,10120002,1,100000,0,Monster_Name_5081108,,0,0,2,0,False,0,0,2,0,True,True,40,90,200,3000.0,"[7007701,7007702]",False,0,0,0,0,Devorador Marvet,,,[]
5081109,72,0,10080001,1,100000,0,Monster_Name_5081109,,0,0,2,0,False,0,0,2,0,True,True,40,100,200,3000.0,[7005601],False,0,0,0,0,Marvet Silex,,,[]
5081110,72,0,10120002,1,100000,0,Monster_Name_5081110,,0,0,2,0,False,0,0,2,0,True,True,40,90,200,3000.0,"[7007701,7007702]",False,0,0,0,0,Devorador Marvet,,,[]
5081111,72,0,10240010,5081111,100000,0,Monster_Name_5081111,,0,0,2,0,False,0,0,2,0,True,True,40,60,200,3000.0,[7008901],False,0,0,0,0,Marvet Gigante Nezad,,,[]
5081112,72,0,10240011,5081112,100000,0,Monster_Name_5081112,Monster_Title_508103,0,0,2,0,False,0,0,2,1,True,True,40,60,200,3000.0,[7008901],False,0,0,0,0,Marvet Médio Nezad,Organismo Dividido,,[]
5081113,96,0,10240012,5081112,100000,0,,,0,0,2,0,False,0,0,2,0,True,True,40,60,200,3000.0,[7008901],False,0,0,0,0,,,,[]
5081114,96,0,10240013,5081112,100000,0,,,0,0,2,0,False,0,0,2,0,True,True,40,60,200,3000.0,[7008901],False,0,0,0,0,,,,[]
5081115,72,0,10240014,1,100000,0,Monster_Name_5081115,Monster_Title_508103,0,0,2,0,False,0,0,2,1,True,True,40,60,200,3000.0,[7008901],False,0,0,0,0,Marvet Pequeno Nezad,Organismo Dividido,,[]
5081116,96,0,10240015,1,100000,0,,,0,0,2,0,False,0,0,2,0,True,True,40,60,200,3000.0,[7008901],False,0,0,0,0,,,,[]
5081117,96,0,10240016,1,100000,0,,,0,0,2,0,False,0,0,2,0,True,True,40,60,200,3000.0,[7008901],False,0,0,0,0,,,,[]
5081118,72,0,10240010,5081118,100000,0,Monster_Name_5081118,,0,0,2,0,False,0,0,2,0,True,True,40,60,200,3000.0,[7008901],False,0,0,0,0,Marvet Gigante Nezad,,,[]
5081119,72,0,10240011,5081119,100000,0,Monster_Name_5081119,Monster_Title_508103,0,0,2,0,False,0,0,2,1,True,True,40,60,200,3000.0,[7008901],False,0,0,0,0,Marvet Médio Nezad,Organismo Dividido,,[]
5081120,96,0,10240012,5081119,100000,0,,,0,0,2,0,False,0,0,2,0,True,True,40,60,200,3000.0,[7008901],False,0,0,0,0,,,,[]
5081121,96,0,10240013,5081119,100000,0,,,0,0,2,0,False,0,0,2,0,True,True,40,60,200,3000.0,[7008901],False,0,0,0,0,,,,[]
5081122,72,0,10240014,1,100000,0,Monster_Name_5081122,Monster_Title_508103,0,0,2,0,False,0,0,2,1,True,True,40,60,200,3000.0,[7008901],False,0,0,0,0,Marvet Pequeno Nezad,Organismo Dividido,,[]
5081123,96,0,10240015,1,100000,0,,,0,0,2,0,False,0,0,2,0,True,True,40,60,200,3000.0,[7008901],False,0,0,0,0,,,,[]
5081124,96,0,10240016,1,100000,0,,,0,0,2,0,False,0,0,2,0,True,True,40,60,200,3000.0,[7008901],False,0,0,0,0,,,,[]
5081125,72,0,16360000,498,394,0,Monster_Name_5081125,Monster_Title_508104,0,0,2,103,False,0,2,2,0,True,True,200,300,600,2500.0,[7104013],False,0,0,0,0,Guardião da Torre Marvet,Onda Azul,,[]
5081126,71,0,10460000,1,1,0,Monster_Name_5081126,Monster_Title_508106,0,0,2,0,False,0,0,2,0,True,True,40,80,200,3000.0,[7008401],False,0,0,0,0,Fantasma Marvet,Invocação do Guardião da Torre,,[]
5081127,72,0,16440002,548,3,0,Monster_Name_5081127,Monster_Title_508105,0,0,2,103,False,0,2,2,0,True,True,150,300,480,5000.0,"[7105301,7105302]",False,0,0,0,0,Marvet Brontes,Chama Carmesim,,[]
5081128,71,0,10480052,1,1,0,Monster_Name_5081128,Monster_Title_508107,0,0,2,0,False,0,0,2,0,True,True,40,50,200,3000.0,[7002901],False,0,0,0,0,Drone Marvet,Invocação de Brontes,,[]
5081129,73,0,16390000,847,417,0,Monster_Name_5081129,Monster_Title_508104,0,0,2,103,False,0,2,2,0,True,True,200,300,300,5000.0,"[7104401,7104402,7104403]",False,0,0,0,0,Marvet Paimon,Onda Azul,,[]
5081130,73,0,16340005,857,4,0,Monster_Name_5081130,Monster_Title_508105,0,0,2,103,False,0,2,2,0,True,True,250,400,400,3000.0,"[7107401,7107402,7107403]",False,0,0,0,0,Incinerador Marvet,Chama Carmesim,,[]
5081131,74,0,16520010,860,3,0,Monster_Name_5081131,Monster_Title_508108,0,0,2,103,False,0,2,2,0,True,True,150,300,300,5000.0,"[7107501,7107502]",False,0,0,0,0,Marvet Xenopsíquico,Chamas Ardentes,,[]
5081151,96,0,30080000,1,1,0,,,0,0,1,0,False,0,0,2,0,False,False,0,100,200,3000.0,[],False,0,0,0,0,,,,[]
5081191,96,0,31440005,1,1,0,,,0,0,1,0,False,0,0,2,0,False,False,0,150,200,3000.0,[],False,0,1,0,0,,,,[]
5081192,96,0,31480010,1,1,0,,,0,0,1,0,False,0,0,2,0,True,True,40,100,200,3000.0,[],False,0,0,0,0,,,,[]
5081193,96,0,31480011,1,1,0,,,0,0,1,0,False,0,0,2,0,True,True,40,100,200,3000.0,[],False,0,0,0,0,,,,[]
5081201,96,0,31430000,999999,1,5081201,Object_Name_5081201,,0,0,3,117,False,0,0,2,0,True,False,30,60,180,3000.0,[],False,0,0,0,0,Elemento de Precisão Aguçada,,,[]
5081202,96,0,31430001,999999,1,5081202,Object_Name_5081202,,0,0,3,117,False,0,0,2,0,True,False,30,60,180,3000.0,[],False,0,0,0,0,Elemento de Ativação do Portal,,,[]
5081203,96,0,31430001,999999,1,5081203,Object_Name_5081203,,0,0,3,117,False,0,0,2,0,True,False,30,60,180,3000.0,[],False,0,0,0,0,Elemento de Ativação do Portal,,,[]
5081204,96,0,31430002,999999,1,5081204,Object_Name_5081204,,0,0,3,117,False,0,0,2,0,True,False,30,60,180,3000.0,[],False,0,0,0,0,Elemento Onda Selvagem,,,[]
5081205,96,0,31430002,999999,1,5081205,Object_Name_5081205,,0,0,3,117,False,0,0,2,0,True,False,30,60,180,3000.0,[],False,0,0,0,0,Elemento de Chama Feroz,,,[]
5081211,96,0,30080000,1,1,0,,,0,0,1,0,False,0,0,2,0,True,False,0,60,180,3000.0,[],False,0,1,0,0,,,,[]
5082101,84,0,18700050,1,1,0,Monster_Name_5081101,Monster_Title_508101,0,0,2,0,False,0,0,2,0,True,True,40,100,200,3000.0,[7013001],False,0,0,0,0,Arquivista Cultista Marvet,Apóstolos da Onda Azul,,[]
5082102,84,0,18720050,287,1,0,Monster_Name_5081102,Monster_Title_508101,0,0,2,0,False,0,0,2,0,True,True,40,100,200,3000.0,"[7012801,7012802]",False,0,0,0,0,Executor Cultista Marvet,Apóstolos da Onda Azul,,[]
5082103,84,0,18680050,283,1,0,Monster_Name_5081103,Monster_Title_508101,0,0,2,0,False,0,0,2,0,True,True,40,100,200,3000.0,"[7012601,7012602]",False,0,0,0,0,Fanático Cultista Marvet,Apóstolos da Onda Azul,,[]
5082104,84,0,10840000,1,1,0,Monster_Name_5081104,Monster_Title_508102,0,0,2,0,False,0,0,2,0,True,True,30,50,50,3000.0,[7017901],False,0,0,0,0,Marvet Thermit Flint,Devotos da Chama Carmesim,,[]
5082105,84,0,10839000,1,1,0,Monster_Name_5081105,Monster_Title_508102,0,0,2,0,False,0,0,2,0,True,True,30,50,50,3000.0,"[7017801,7017802]",False,0,0,0,0,Purificador Thermit Marvet,Devotos da Chama Carmesim,,[]
5082106,84,0,10841000,1,1,0,Monster_Name_5081106,Monster_Title_508102,0,0,2,0,False,0,0,2,0,True,True,40,50,50,3000.0,"[7018001,7018002]",False,0,0,0,0,Marvet Juiz Thermit,Devotos da Chama Carmesim,,[]
5082107,84,0,10080001,1,100000,0,Monster_Name_5081107,,0,0,2,0,False,0,0,2,0,True,True,40,100,200,3000.0,[7005601],False,0,0,0,0,Marvet Silex,,,[]
5082108,84,0,10120002,1,100000,0,Monster_Name_5081108,,0,0,2,0,False,0,0,2,0,True,True,40,90,200,3000.0,"[7007701,7007702]",False,0,0,0,0,Devorador Marvet,,,[]
5082109,84,0,10080001,1,100000,0,Monster_Name_5081109,,0,0,2,0,False,0,0,2,0,True,True,40,100,200,3000.0,[7005601],False,0,0,0,0,Marvet Silex,,,[]
5082110,84,0,10120002,1,100000,0,Monster_Name_5081110,,0,0,2,0,False,0,0,2,0,True,True,40,90,200,3000.0,"[7007701,7007702]",False,0,0,0,0,Devorador Marvet,,,[]
5082111,84,0,10240010,5082111,100000,0,Monster_Name_5081111,,0,0,2,0,False,0,0,2,0,True,True,40,60,200,3000.0,[7008901],False,0,0,0,0,Marvet Gigante Nezad,,,[]
5082112,84,0,10240011,5082112,100000,0,Monster_Name_5081112,Monster_Title_508103,0,0,2,0,False,0,0,2,1,True,True,40,60,200,3000.0,[7008901],False,0,0,0,0,Marvet Médio Nezad,Organismo Dividido,,[]
5082113,96,0,10240012,5082112,100000,0,,,0,0,2,0,False,0,0,2,0,True,True,40,60,200,3000.0,[7008901],False,0,0,0,0,,,,[]
5082114,96,0,10240013,5082112,100000,0,,,0,0,2,0,False,0,0,2,0,True,True,40,60,200,3000.0,[7008901],False,0,0,0,0,,,,[]
5082115,84,0,10240014,1,100000,0,Monster_Name_5081115,Monster_Title_508103,0,0,2,0,False,0,0,2,1,True,True,40,60,200,3000.0,[7008901],False,0,0,0,0,Marvet Pequeno Nezad,Organismo Dividido,,[]
5082116,96,0,10240015,1,100000,0,,,0,0,2,0,False,0,0,2,0,True,True,40,60,200,3000.0,[7008901],False,0,0,0,0,,,,[]
5082117,96,0,10240016,1,100000,0,,,0,0,2,0,False,0,0,2,0,True,True,40,60,200,3000.0,[7008901],False,0,0,0,0,,,,[]
5082118,84,0,10240010,5082118,100000,0,Monster_Name_5081118,,0,0,2,0,False,0,0,2,0,True,True,40,60,200,3000.0,[7008901],False,0,0,0,0,Marvet Gigante Nezad,,,[]
5082119,84,0,10240011,5082119,100000,0,Monster_Name_5081119,Monster_Title_508103,0,0,2,0,False,0,0,2,1,True,True,40,60,200,3000.0,[7008901],False,0,0,0,0,Marvet Médio Nezad,Organismo Dividido,,[]
5082120,96,0,10240012,5082119,100000,0,,,0,0,2,0,False,0,0,2,0,True,True,40,60,200,3000.0,[7008901],False,0,0,0,0,,,,[]
5082121,96,0,10240013,5082119,100000,0,,,0,0,2,0,False,0,0,2,0,True,True,40,60,200,3000.0,[7008901],False,0,0,0,0,,,,[]
5082122,84,0,10240014,1,100000,0,Monster_Name_5081122,Monster_Title_508103,0,0,2,0,False,0,0,2,1,True,True,40,60,200,3000.0,[7008901],False,0,0,0,0,Marvet Pequeno Nezad,Organismo Dividido,,[]
5082123,96,0,10240015,1,100000,0,,,0,0,2,0,False,0,0,2,0,True,True,40,60,200,3000.0,[7008901],False,0,0,0,0,,,,[]
5082124,96,0,10240016,1,100000,0,,,0,0,2,0,False,0,0,2,0,True,True,40,60,200,3000.0,[7008901],False,0,0,0,0,,,,[]
5082125,84,0,16360000,498,394,0,Monster_Name_5081125,Monster_Title_508104,0,0,2,103,False,0,2,2,0,True,True,200,300,600,2500.0,[7104013],False,0,0,0,0,Guardião da Torre Marvet,Onda Azul,,[]
5082126,83,0,10460000,1,1,0,Monster_Name_5081126,Monster_Title_508106,0,0,2,0,False,0,0,2,0,True,True,40,80,200,3000.0,[7008401],False,0,0,0,0,Fantasma Marvet,Invocação do Guardião da Torre,,[]
5082127,84,0,16440002,548,3,0,Monster_Name_5081127,Monster_Title_508105,0,0,2,103,False,0,2,2,0,True,True,150,300,480,5000.0,"[7105301,7105302]",False,0,0,0,0,Marvet Brontes,Chama Carmesim,,[]
5082128,83,0,10480052,1,1,0,Monster_Name_5081128,Monster_Title_508107,0,0,2,0,False,0,0,2,0,True,True,40,50,200,3000.0,[7002901],False,0,0,0,0,Drone Marvet,Invocação de Brontes,,[]
5082129,85,0,16390000,847,417,0,Monster_Name_5081129,Monster_Title_508104,0,0,2,103,False,0,2,2,0,True,True,200,300,300,5000.0,"[7104401,7104402,7104403]",False,0,0,0,0,Marvet Paimon,Onda Azul,,[]
5082130,85,0,16340005,857,4,0,Monster_Name_5081130,Monster_Title_508105,0,0,2,103,False,0,2,2,0,True,True,250,400,400,3000.0,"[7107401,7107402,7107403]",False,0,0,0,0,Incinerador Marvet,Chama Carmesim,,[]
5082131,86,0,16520010,860,3,0,Monster_Name_5081131,Monster_Title_508108,0,0,2,103,False,0,2,2,0,True,True,150,300,300,5000.0,"[7107501,7107502]",False,0,0,0,0,Marvet Xenopsíquico,Chamas Ardentes,,[]
5082151,96,0,30080000,1,1,0,,,0,0,1,0,False,0,0,2,0,False,False,0,100,200,3000.0,[],False,0,0,0,0,,,,[]
5082191,96,0,31440005,1,1,0,,,0,0,1,0,False,0,0,2,0,False,False,0,150,200,3000.0,[],False,0,1,0,0,,,,[]
5082192,96,0,31480010,1,1,0,,,0,0,1,0,False,0,0,2,0,True,True,40,100,200,3000.0,[],False,0,0,0,0,,,,[]
5082193,96,0,31480011,1,1,0,,,0,0,1,0,False,0,0,2,0,True,True,40,100,200,3000.0,[],False,0,0,0,0,,,,[]
5082201,96,0,31430000,999999,1,5081201,Object_Name_5081201,,0,0,3,117,False,0,0,2,0,True,False,30,60,180,3000.0,[],False,0,0,0,0,Elemento de Precisão Aguçada,,,[]
5082202,96,0,31430001,999999,1,5081202,Object_Name_5081202,,0,0,3,117,False,0,0,2,0,True,False,30,60,180,3000.0,[],False,0,0,0,0,Elemento de Ativação do Portal,,,[]
5082203,96,0,31430001,999999,1,5081203,Object_Name_5081203,,0,0,3,117,False,0,0,2,0,True,False,30,60,180,3000.0,[],False,0,0,0,0,Elemento de Ativação do Portal,,,[]
5082204,96,0,31430002,999999,1,5081204,Object_Name_5081204,,0,0,3,117,False,0,0,2,0,True,False,30,60,180,3000.0,[],False,0,0,0,0,Elemento Onda Selvagem,,,[]
5082205,96,0,31430002,999999,1,5081205,Object_Name_5081205,,0,0,3,117,False,0,0,2,0,True,False,30,60,180,3000.0,[],False,0,0,0,0,Elemento de Chama Feroz,,,[]
5082211,96,0,30080000,1,1,0,,,0,0,1,0,False,0,0,2,0,True,False,0,60,180,3000.0,[],False,0,1,0,0,,,,[]
5083101,90,0,18700050,1,1,0,Monster_Name_5081101,Monster_Title_508101,0,0,2,0,False,0,0,2,0,True,True,40,100,200,3000.0,[7013001],False,0,0,0,0,Arquivista Cultista Marvet,Apóstolos da Onda Azul,,[]
5083102,90,0,18720050,287,1,0,Monster_Name_5081102,Monster_Title_508101,0,0,2,0,False,0,0,2,0,True,True,40,100,200,3000.0,"[7012801,7012802]",False,0,0,0,0,Executor Cultista Marvet,Apóstolos da Onda Azul,,[]
5083103,90,0,18680050,283,1,0,Monster_Name_5081103,Monster_Title_508101,0,0,2,0,False,0,0,2,0,True,True,40,100,200,3000.0,"[7012601,7012602]",False,0,0,0,0,Fanático Cultista Marvet,Apóstolos da Onda Azul,,[]
5083104,90,0,10840000,1,1,0,Monster_Name_5081104,Monster_Title_508102,0,0,2,0,False,0,0,2,0,True,True,30,50,50,3000.0,[7017901],False,0,0,0,0,Marvet Thermit Flint,Devotos da Chama Carmesim,,[]
5083105,90,0,10839000,1,1,0,Monster_Name_5081105,Monster_Title_508102,0,0,2,0,False,0,0,2,0,True,True,30,50,50,3000.0,"[7017801,7017802]",False,0,0,0,0,Purificador Thermit Marvet,Devotos da Chama Carmesim,,[]
5083106,90,0,10841000,1,1,0,Monster_Name_5081106,Monster_Title_508102,0,0,2,0,False,0,0,2,0,True,True,40,50,50,3000.0,"[7018001,7018002]",False,0,0,0,0,Marvet Juiz Thermit,Devotos da Chama Carmesim,,[]
5083107,90,0,10080001,1,100000,0,Monster_Name_5081107,,0,0,2,0,False,0,0,2,0,True,True,40,100,200,3000.0,[7005601],False,0,0,0,0,Marvet Silex,,,[]
5083108,90,0,10120002,1,100000,0,Monster_Name_5081108,,0,0,2,0,False,0,0,2,0,True,True,40,90,200,3000.0,"[7007701,7007702]",False,0,0,0,0,Devorador Marvet,,,[]
5083109,90,0,10080001,1,100000,0,Monster_Name_5081109,,0,0,2,0,False,0,0,2,0,True,True,40,100,200,3000.0,[7005601],False,0,0,0,0,Marvet Silex,,,[]
5083110,90,0,10120002,1,100000,0,Monster_Name_5081110,,0,0,2,0,False,0,0,2,0,True,True,40,90,200,3000.0,"[7007701,7007702]",False,0,0,0,0,Devorador Marvet,,,[]
5083111,90,0,10240010,5083111,100000,0,Monster_Name_5081111,,0,0,2,0,False,0,0,2,0,True,True,40,60,200,3000.0,[7008901],False,0,0,0,0,Marvet Gigante Nezad,,,[]
5083112,90,0,10240011,5083112,100000,0,Monster_Name_5081112,Monster_Title_508103,0,0,2,0,False,0,0,2,1,True,True,40,60,200,3000.0,[7008901],False,0,0,0,0,Marvet Médio Nezad,Organismo Dividido,,[]
5083113,96,0,10240012,5083112,100000,0,,,0,0,2,0,False,0,0,2,0,True,True,40,60,200,3000.0,[7008901],False,0,0,0,0,,,,[]
5083114,96,0,10240013,5083112,100000,0,,,0,0,2,0,False,0,0,2,0,True,True,40,60,200,3000.0,[7008901],False,0,0,0,0,,,,[]
5083115,90,0,10240014,1,100000,0,Monster_Name_5081115,Monster_Title_508103,0,0,2,0,False,0,0,2,1,True,True,40,60,200,3000.0,[7008901],False,0,0,0,0,Marvet Pequeno Nezad,Organismo Dividido,,[]
5083116,96,0,10240015,1,100000,0,,,0,0,2,0,False,0,0,2,0,True,True,40,60,200,3000.0,[7008901],False,0,0,0,0,,,,[]
5083117,96,0,10240016,1,100000,0,,,0,0,2,0,False,0,0,2,0,True,True,40,60,200,3000.0,[7008901],False,0,0,0,0,,,,[]
5083118,90,0,10240010,5083118,100000,0,Monster_Name_5081118,,0,0,2,0,False,0,0,2,0,True,True,40,60,200,3000.0,[7008901],False,0,0,0,0,Marvet Gigante Nezad,,,[]
5083119,90,0,10240011,5083119,100000,0,Monster_Name_5081119,Monster_Title_508103,0,0,2,0,False,0,0,2,1,True,True,40,60,200,3000.0,[7008901],False,0,0,0,0,Marvet Médio Nezad,Organismo Dividido,,[]
5083120,96,0,10240012,5083119,100000,0,,,0,0,2,0,False,0,0,2,0,True,True,40,60,200,3000.0,[7008901],False,0,0,0,0,,,,[]
5083121,96,0,10240013,5083119,100000,0,,,0,0,2,0,False,0,0,2,0,True,True,40,60,200,3000.0,[7008901],False,0,0,0,0,,,,[]
5083122,90,0,10240014,1,100000,0,Monster_Name_5081122,Monster_Title_508103,0,0,2,0,False,0,0,2,1,True,True,40,60,200,3000.0,[7008901],False,0,0,0,0,Marvet Pequeno Nezad,Organismo Dividido,,[]
5083123,96,0,10240015,1,100000,0,,,0,0,2,0,False,0,0,2,0,True,True,40,60,200,3000.0,[7008901],False,0,0,0,0,,,,[]
5083124,96,0,10240016,1,100000,0,,,0,0,2,0,False,0,0,2,0,True,True,40,60,200,3000.0,[7008901],False,0,0,0,0,,,,[]
5083125,90,0,16360000,498,394,0,Monster_Name_5081125,Monster_Title_508104,0,0,2,103,False,0,2,2,0,True,True,200,300,600,2500.0,[7104013],False,0,0,0,0,Guardião da Torre Marvet,Onda Azul,,[]
5083126,89,0,10460000,1,1,0,Monster_Name_5081126,Monster_Title_508106,0,0,2,0,False,0,0,2,0,True,True,40,80,200,3000.0,[7008401],False,0,0,0,0,Fantasma Marvet,Invocação do Guardião da Torre,,[]
5083127,90,0,16440002,548,3,0,Monster_Name_5081127,Monster_Title_508105,0,0,2,103,False,0,2,2,0,True,True,150,300,480,5000.0,"[7105301,7105302]",False,0,0,0,0,Marvet Brontes,Chama Carmesim,,[]
5083128,89,0,10480052,1,1,0,Monster_Name_5081128,Monster_Title_508107,0,0,2,0,False,0,0,2,0,True,True,40,50,200,3000.0,[7002901],False,0,0,0,0,Drone Marvet,Invocação de Brontes,,[]
5083129,91,0,16390000,847,417,0,Monster_Name_5081129,Monster_Title_508104,0,0,2,103,False,0,2,2,0,True,True,200,300,300,5000.0,"[7104401,7104402,7104403]",False,0,0,0,0,Marvet Paimon,Onda Azul,,[]
5083130,91,0,16340005,857,4,0,Monster_Name_5081130,Monster_Title_508105,0,0,2,103,False,0,2,2,0,True,True,250,400,400,3000.0,"[7107401,7107402,7107403]",False,0,0,0,0,Incinerador Marvet,Chama Carmesim,,[]
5083131,92,0,16520010,860,3,0,Monster_Name_5081131,Monster_Title_508108,0,0,2,103,False,0,2,2,0,True,True,150,300,300,5000.0,"[7107501,7107502]",False,0,0,0,0,Marvet Xenopsíquico,Chamas Ardentes,,[]
5083151,96,0,30080000,1,1,0,,,0,0,1,0,False,0,0,2,0,False,False,0,100,200,3000.0,[],False,0,0,0,0,,,,[]
5083191,96,0,31440005,1,1,0,,,0,0,1,0,False,0,0,2,0,False,False,0,150,200,3000.0,[],False,0,1,0,0,,,,[]
5083192,96,0,31480010,1,1,0,,,0,0,1,0,False,0,0,2,0,True,True,40,100,200,3000.0,[],False,0,0,0,0,,,,[]
5083193,96,0,31480011,1,1,0,,,0,0,1,0,False,0,0,2,0,True,True,40,100,200,3000.0,[],False,0,0,0,0,,,,[]
5083201,96,0,31430000,999999,1,5081201,Object_Name_5081201,,0,0,3,117,False,0,0,2,0,True,False,30,60,180,3000.0,[],False,0,0,0,0,Elemento de Precisão Aguçada,,,[]
5083202,96,0,31430001,999999,1,5081202,Object_Name_5081202,,0,0,3,117,False,0,0,2,0,True,False,30,60,180,3000.0,[],False,0,0,0,0,Elemento de Ativação do Portal,,,[]
5083203,96,0,31430001,999999,1,5081203,Object_Name_5081203,,0,0,3,117,False,0,0,2,0,True,False,30,60,180,3000.0,[],False,0,0,0,0,Elemento de Ativação do Portal,,,[]
5083204,96,0,31430002,999999,1,5081204,Object_Name_5081204,,0,0,3,117,False,0,0,2,0,True,False,30,60,180,3000.0,[],False,0,0,0,0,Elemento Onda Selvagem,,,[]
5083205,96,0,31430002,999999,1,5081205,Object_Name_5081205,,0,0,3,117,False,0,0,2,0,True,False,30,60,180,3000.0,[],False,0,0,0,0,Elemento de Chama Feroz,,,[]
5083211,96,0,30080000,1,1,0,,,0,0,1,0,False,0,0,2,0,True,False,0,60,180,3000.0,[],False,0,1,0,0,,,,[]
5084101,97,0,18700050,1,1,0,Monster_Name_5081101,Monster_Title_508101,0,0,2,0,False,0,0,2,0,True,True,40,100,200,3000.0,[7013001],False,0,0,0,0,Arquivista Cultista Marvet,Apóstolos da Onda Azul,,[]
5084102,97,0,18720050,287,1,0,Monster_Name_5081102,Monster_Title_508101,0,0,2,0,False,0,0,2,0,True,True,40,100,200,3000.0,"[7012801,7012802]",False,0,0,0,0,Executor Cultista Marvet,Apóstolos da Onda Azul,,[]
5084103,97,0,18680050,283,1,0,Monster_Name_5081103,Monster_Title_508101,0,0,2,0,False,0,0,2,0,True,True,40,100,200,3000.0,"[7012601,7012602]",False,0,0,0,0,Fanático Cultista Marvet,Apóstolos da Onda Azul,,[]
5084104,97,0,10840000,1,1,0,Monster_Name_5081104,Monster_Title_508102,0,0,2,0,False,0,0,2,0,True,True,30,50,50,3000.0,[7017901],False,0,0,0,0,Marvet Thermit Flint,Devotos da Chama Carmesim,,[]
5084105,97,0,10839000,1,1,0,Monster_Name_5081105,Monster_Title_508102,0,0,2,0,False,0,0,2,0,True,True,30,50,50,3000.0,"[7017801,7017802]",False,0,0,0,0,Purificador Thermit Marvet,Devotos da Chama Carmesim,,[]
5084106,97,0,10841000,1,1,0,Monster_Name_5081106,Monster_Title_508102,0,0,2,0,False,0,0,2,0,True,True,40,50,50,3000.0,"[7018001,7018002]",False,0,0,0,0,Marvet Juiz Thermit,Devotos da Chama Carmesim,,[]
5084107,97,0,10080001,1,100000,0,Monster_Name_5081107,,0,0,2,0,False,0,0,2,0,True,True,40,100,200,3000.0,[7005601],False,0,0,0,0,Marvet Silex,,,[]
5084108,97,0,10120002,1,100000,0,Monster_Name_5081108,,0,0,2,0,False,0,0,2,0,True,True,40,90,200,3000.0,"[7007701,7007702]",False,0,0,0,0,Devorador Marvet,,,[]
5084109,97,0,10080001,1,100000,0,Monster_Name_5081109,,0,0,2,0,False,0,0,2,0,True,True,40,100,200,3000.0,[7005601],False,0,0,0,0,Marvet Silex,,,[]
5084110,97,0,10120002,1,100000,0,Monster_Name_5081110,,0,0,2,0,False,0,0,2,0,True,True,40,90,200,3000.0,"[7007701,7007702]",False,0,0,0,0,Devorador Marvet,,,[]
5084111,97,0,10240010,5084111,100000,0,Monster_Name_5081111,,0,0,2,0,False,0,0,2,0,True,True,40,60,200,3000.0,[7008901],False,0,0,0,0,Marvet Gigante Nezad,,,[]
5084112,97,0,10240011,5084112,100000,0,Monster_Name_5081112,Monster_Title_508103,0,0,2,0,False,0,0,2,1,True,True,40,60,200,3000.0,[7008901],False,0,0,0,0,Marvet Médio Nezad,Organismo Dividido,,[]
5084113,96,0,10240012,5084112,100000,0,,,0,0,2,0,False,0,0,2,0,True,True,40,60,200,3000.0,[7008901],False,0,0,0,0,,,,[]
5084114,96,0,10240013,5084112,100000,0,,,0,0,2,0,False,0,0,2,0,True,True,40,60,200,3000.0,[7008901],False,0,0,0,0,,,,[]
5084115,97,0,10240014,1,100000,0,Monster_Name_5081115,Monster_Title_508103,0,0,2,0,False,0,0,2,1,True,True,40,60,200,3000.0,[7008901],False,0,0,0,0,Marvet Pequeno Nezad,Organismo Dividido,,[]
5084116,96,0,10240015,1,100000,0,,,0,0,2,0,False,0,0,2,0,True,True,40,60,200,3000.0,[7008901],False,0,0,0,0,,,,[]
5084117,96,0,10240016,1,100000,0,,,0,0,2,0,False,0,0,2,0,True,True,40,60,200,3000.0,[7008901],False,0,0,0,0,,,,[]
5084118,97,0,10240010,5084118,100000,0,Monster_Name_5081118,,0,0,2,0,False,0,0,2,0,True,True,40,60,200,3000.0,[7008901],False,0,0,0,0,Marvet Gigante Nezad,,,[]
5084119,97,0,10240011,5084119,100000,0,Monster_Name_5081119,Monster_Title_508103,0,0,2,0,False,0,0,2,1,True,True,40,60,200,3000.0,[7008901],False,0,0,0,0,Marvet Médio Nezad,Organismo Dividido,,[]
5084120,96,0,10240012,5084119,100000,0,,,0,0,2,0,False,0,0,2,0,True,True,40,60,200,3000.0,[7008901],False,0,0,0,0,,,,[]
5084121,96,0,10240013,5084119,100000,0,,,0,0,2,0,False,0,0,2,0,True,True,40,60,200,3000.0,[7008901],False,0,0,0,0,,,,[]
5084122,97,0,10240014,1,100000,0,Monster_Name_5081122,Monster_Title_508103,0,0,2,0,False,0,0,2,1,True,True,40,60,200,3000.0,[7008901],False,0,0,0,0,Marvet Pequeno Nezad,Organismo Dividido,,[]
5084123,96,0,10240015,1,100000,0,,,0,0,2,0,False,0,0,2,0,True,True,40,60,200,3000.0,[7008901],False,0,0,0,0,,,,[]
5084124,96,0,10240016,1,100000,0,,,0,0,2,0,False,0,0,2,0,True,True,40,60,200,3000.0,[7008901],False,0,0,0,0,,,,[]
5084125,97,0,16360000,498,394,0,Monster_Name_5081125,Monster_Title_508104,0,0,2,103,False,0,2,2,0,True,True,200,300,600,2500.0,[7104013],False,0,0,0,0,Guardião da Torre Marvet,Onda Azul,,[]
5084126,96,0,10460000,1,1,0,Monster_Name_5081126,Monster_Title_508106,0,0,2,0,False,0,0,2,0,True,True,40,80,200,3000.0,[7008401],False,0,0,0,0,Fantasma Marvet,Invocação do Guardião da Torre,,[]
5084127,97,0,16440002,548,3,0,Monster_Name_5081127,Monster_Title_508105,0,0,2,103,False,0,2,2,0,True,True,150,300,480,5000.0,"[7105301,7105302]",False,0,0,0,0,Marvet Brontes,Chama Carmesim,,[]
5084128,96,0,10480052,1,1,0,Monster_Name_5081128,Monster_Title_508107,0,0,2,0,False,0,0,2,0,True,True,40,50,200,3000.0,[7002901],False,0,0,0,0,Drone Marvet,Invocação de Brontes,,[]
5084129,98,0,16390000,847,417,0,Monster_Name_5081129,Monster_Title_508104,0,0,2,103,False,0,2,2,0,True,True,200,300,300,5000.0,"[7104401,7104402,7104403]",False,0,0,0,0,Marvet Paimon,Onda Azul,,[]
5084130,98,0,16340005,857,4,0,Monster_Name_5081130,Monster_Title_508105,0,0,2,103,False,0,2,2,0,True,True,250,400,400,3000.0,"[7107401,7107402,7107403]",False,0,0,0,0,Incinerador Marvet,Chama Carmesim,,[]
5084131,99,0,16520010,860,3,0,Monster_Name_5081131,Monster_Title_508108,0,0,2,103,False,0,2,2,0,True,True,150,300,300,5000.0,"[7107501,7107502]",False,0,0,0,0,Marvet Xenopsíquico,Chamas Ardentes,,[]
5084151,96,0,30080000,1,1,0,,,0,0,1,0,False,0,0,2,0,False,False,0,100,200,3000.0,[],False,0,0,0,0,,,,[]
5084191,96,0,31440005,1,1,0,,,0,0,1,0,False,0,0,2,0,False,False,0,150,200,3000.0,[],False,0,1,0,0,,,,[]
5084192,96,0,31480010,1,1,0,,,0,0,1,0,False,0,0,2,0,True,True,40,100,200,3000.0,[],False,0,0,0,0,,,,[]
5084193,96,0,31480011,1,1,0,,,0,0,1,0,False,0,0,2,0,True,True,40,100,200,3000.0,[],False,0,0,0,0,,,,[]
5084201,96,0,31430000,999999,1,5081201,Object_Name_5081201,,0,0,3,117,False,0,0,2,0,True,False,30,60,180,3000.0,[],False,0,0,0,0,Elemento de Precisão Aguçada,,,[]
5084202,96,0,31430001,999999,1,5081202,Object_Name_5081202,,0,0,3,117,False,0,0,2,0,True,False,30,60,180,3000.0,[],False,0,0,0,0,Elemento de Ativação do Portal,,,[]
5084203,96,0,31430001,999999,1,5081203,Object_Name_5081203,,0,0,3,117,False,0,0,2,0,True,False,30,60,180,3000.0,[],False,0,0,0,0,Elemento de Ativação do Portal,,,[]
5084204,96,0,31430002,999999,1,5081204,Object_Name_5081204,,0,0,3,117,False,0,0,2,0,True,False,30,60,180,3000.0,[],False,0,0,0,0,Elemento Onda Selvagem,,,[]
5084205,96,0,31430002,999999,1,5081205,Object_Name_5081205,,0,0,3,117,False,0,0,2,0,True,False,30,60,180,3000.0,[],False,0,0,0,0,Elemento de Chama Feroz,,,[]
5084211,96,0,30080000,1,1,0,,,0,0,1,0,False,0,0,2,0,True,False,0,60,180,3000.0,[],False,0,1,0,0,,,,[]
5091001,80,0,16390000,5091001,417,0,Monster_Name_5091001,,0,0,2,103,False,0,2,2,0,True,True,200,300,300,5000.0,"[7104445,7104446,7104447]",True,0,0,0,0,Paimon Corrompido,,,[]
5091002,80,0,18680006,5091002,4,0,Monster_Name_5091002,,0,0,2,103,False,0,2,2,0,True,True,60,100,200,3000.0,"[7104221,7104222]",True,0,0,0,0,Capitão Cavaleiro Buscador da Verdade,,,[]
5091003,80,0,16320010,883,4,0,Monster_Name_5091003,,0,0,2,103,False,0,2,2,0,True,True,80,150,150,3000.0,[7103521],True,0,0,0,0,Assunto 11,,,[]
5091004,80,0,18650003,884,4,0,Monster_Name_5091004,,0,0,2,103,False,0,2,2,0,True,True,60,100,200,3000.0,"[7011711,7011712]",True,0,0,0,0,Capitão Cavaleiro da Guerra Sagrada,,,[]
5091005,80,0,30080001,1,5091005,0,Monster_Name_5091005,,0,0,2,255,False,0,0,2,0,False,False,0,40,200,3000.0,[6801001],True,0,1,0,0,,,,[]
5091006,80,0,10480051,5091006,383151,0,Monster_Name_5091006,,0,0,2,0,False,0,0,2,0,False,False,40,90,90,3000.0,[],False,0,0,0,0,,,,[]
5091007,80,0,10320000,1,1,0,Monster_Name_5091007,,0,0,2,0,False,0,0,2,0,True,True,40,60,200,3000.0,"[7009001,7009002,7009003]",False,0,0,0,0,,,,[]
5091101,88,0,31660000,1,1,0,NPC_Name_5091101,,0,0,1,0,False,0,0,2,0,False,False,0,100,200,3000.0,[],True,0,1,0,0,Abrir,,,[]
5091102,88,0,31670001,1,1,5091102,NPC_Name_5091102,,0,0,3,117,False,0,0,2,0,True,False,0,100,200,3000.0,[],True,0,0,0,0,Abrir,,,[]
5091103,88,0,31670000,1,1,5091102,NPC_Name_5091103,,0,0,3,117,False,0,0,2,0,True,False,0,100,200,3000.0,[],True,0,0,0,0,Abrir,,,[]
5091104,88,0,31670001,1,1,5091102,NPC_Name_5091104,,0,0,3,117,False,0,0,2,0,True,False,0,100,200,3000.0,[],True,0,0,0,0,Abrir,,,[]
5091105,88,0,31680000,1,1,5091103,NPC_Name_5091105,,0,0,3,117,False,0,0,2,0,True,False,0,100,200,3000.0,[],True,0,0,0,0,Abrir,,,[]
5091106,88,0,31690001,1,1,0,NPC_Name_5091106,,0,0,1,0,False,0,0,2,0,False,False,0,100,200,3000.0,[],True,0,1,0,0,,,,[]
5091107,88,0,31690000,1,1,0,NPC_Name_5091107,,0,0,1,0,False,0,0,2,0,False,False,0,100,200,3000.0,[],True,0,1,0,0,,,,[]
5091108,88,0,31690001,1,1,0,NPC_Name_5091108,,0,0,1,0,False,0,0,2,0,False,False,0,100,200,3000.0,[],True,0,1,0,0,,,,[]
5091109,88,0,30080000,100019,1,0,NPC_Name_5091109,,0,0,1,0,False,0,0,2,0,False,False,0,50,200,3000.0,[],False,0,1,0,0,,,,[]
5091110,88,0,30080009,1,1,5091101,NPC_Name_5091101,,0,0,3,117,False,0,0,2,0,True,False,0,100,200,3000.0,[],False,0,2,0,0,Abrir,,,[]
5092001,90,0,16390000,5092001,417,0,Monster_Name_5091001,,0,0,2,103,False,0,2,2,0,True,True,200,300,300,5000.0,"[7107331,7107332,7107333]",True,0,0,0,0,Paimon Corrompido,,,[]
5092002,90,0,18680006,5091002,4,0,Monster_Name_5091002,,0,0,2,103,False,0,2,2,0,True,True,60,100,200,3000.0,"[7104221,7104222]",True,0,0,0,0,Capitão Cavaleiro Buscador da Verdade,,,[]
5092003,90,0,16320010,883,4,0,Monster_Name_5091003,,0,0,2,103,False,0,2,2,0,True,True,80,150,150,3000.0,[7103521],True,0,0,0,0,Assunto 11,,,[]
5092004,90,0,18650003,884,4,0,Monster_Name_5091004,,0,0,2,103,False,0,2,2,0,True,True,60,100,200,3000.0,"[7011711,7011712]",True,0,0,0,0,Capitão Cavaleiro da Guerra Sagrada,,,[]
5092005,90,0,30080001,1,5091005,0,Monster_Name_5091005,,0,0,2,255,False,0,0,2,0,False,False,0,40,200,3000.0,[6801009],True,0,1,0,0,,,,[]
5092006,90,0,10480051,5092006,383151,0,Monster_Name_5091006,,0,0,2,0,False,0,0,2,0,False,False,40,90,90,3000.0,[],False,0,0,0,0,,,,[]
5092007,90,0,10320000,1,1,0,Monster_Name_5091007,,0,0,2,0,False,0,0,2,0,True,True,40,60,200,3000.0,"[7009001,7009002,7009003]",False,0,0,0,0,,,,[]
5092201,5,0,30590005,999999,1,5091201,Object_Name_5092201,,0,0,3,117,False,0,0,2,0,True,False,0,60,180,3000.0,[],False,0,0,0,0,Gerador de Barreira,,,[]
5093001,98,0,16390000,5093001,417,0,Monster_Name_5091001,,0,0,2,103,False,0,2,2,0,True,True,200,300,300,5000.0,"[7107331,7107332,7107333]",True,0,0,0,0,Paimon Corrompido,,,[]
5093002,98,0,18680006,5091002,4,0,Monster_Name_5091002,,0,0,2,103,False,0,2,2,0,True,True,60,100,200,3000.0,"[7104221,7104222]",True,0,0,0,0,Capitão Cavaleiro Buscador da Verdade,,,[]
5093003,98,0,16320010,883,4,0,Monster_Name_5091003,,0,0,2,103,False,0,2,2,0,True,True,80,150,150,3000.0,[7103521],True,0,0,0,0,Assunto 11,,,[]
5093004,98,0,18650003,884,4,0,Monster_Name_5091004,,0,0,2,103,False,0,2,2,0,True,True,60,100,200,3000.0,"[7011711,7011712]",True,0,0,0,0,Capitão Cavaleiro da Guerra Sagrada,,,[]
5093005,98,0,30080001,1,5091005,0,Monster_Name_5091005,,0,0,2,255,False,0,0,2,0,False,False,0,40,200,3000.0,[6801003],True,0,1,0,0,,,,[]
5093006,98,0,10480051,5093006,383151,0,Monster_Name_5091006,,0,0,2,0,False,0,0,2,0,False,False,40,90,90,3000.0,[],False,0,0,0,0,,,,[]
5093007,98,0,10320000,1,1,0,Monster_Name_5091007,,0,0,2,0,False,0,0,2,0,True,True,40,60,200,3000.0,"[7009001,7009002,7009003]",False,0,0,0,0,,,,[]
5093201,5,0,30590005,999999,1,5091201,Object_Name_5092201,,0,0,3,117,False,0,0,2,0,True,False,0,60,180,3000.0,[],False,0,0,0,0,Gerador de Barreira,,,[]
5094001,110,0,16390000,5094001,417,0,Monster_Name_5091001,,0,0,2,103,False,0,2,2,0,True,True,200,300,300,5000.0,"[7107331,7107332,7107333]",True,0,0,0,0,Paimon Corrompido,,,[]
5094002,110,0,18680006,5091002,4,0,Monster_Name_5091002,,0,0,2,103,False,0,2,2,0,True,True,60,100,200,3000.0,"[7104221,7104222]",True,0,0,0,0,Capitão Cavaleiro Buscador da Verdade,,,[]
5094003,110,0,16320010,883,4,0,Monster_Name_5091003,,0,0,2,103,False,0,2,2,0,True,True,80,150,150,3000.0,[7103521],True,0,0,0,0,Assunto 11,,,[]
5094004,110,0,18650003,884,4,0,Monster_Name_5091004,,0,0,2,103,False,0,2,2,0,True,True,60,100,200,3000.0,"[7011711,7011712]",True,0,0,0,0,Capitão Cavaleiro da Guerra Sagrada,,,[]
5094005,110,0,30080001,1,5091005,0,Monster_Name_5091005,,0,0,2,255,False,0,0,2,0,False,False,0,40,200,3000.0,[6801004],True,0,1,0,0,,,,[]
5094006,110,0,10480051,5094006,383151,0,Monster_Name_5091006,,0,0,2,0,False,0,0,2,0,False,False,40,90,90,3000.0,[],False,0,0,0,0,,,,[]
5094007,110,0,10320000,1,1,0,Monster_Name_5091007,,0,0,2,0,False,0,0,2,0,True,True,40,60,200,3000.0,"[7009001,7009002,7009003]",False,0,0,0,0,,,,[]
5094201,5,0,30590005,999999,1,5091201,Object_Name_5092201,,0,0,3,117,False,0,0,2,0,True,False,0,60,180,3000.0,[],False,0,0,0,0,Gerador de Barreira,,,[]
5099001,106,0,16390000,5099001,417,0,Monster_Name_5091001,,0,0,2,103,False,0,2,2,0,True,True,200,300,300,5000.0,"[7107331,7107332,7107333]",True,0,0,0,0,Paimon Corrompido,,,[]
5099002,106,0,18680006,5099002,4,0,Monster_Name_5091002,,0,0,2,103,False,0,2,2,0,True,True,60,100,200,3000.0,"[7104221,7104222]",True,0,0,0,0,Capitão Cavaleiro Buscador da Verdade,,,[]
5099003,106,0,16320010,5099003,4,0,Monster_Name_5091003,,0,0,2,103,False,0,2,2,0,True,True,80,150,150,3000.0,[7103521],True,0,0,0,0,Assunto 11,,,[]
5099004,106,0,18650003,5099004,4,0,Monster_Name_5091004,,0,0,2,103,False,0,2,2,0,True,True,60,100,200,3000.0,"[7011711,7011712]",True,0,0,0,0,Capitão Cavaleiro da Guerra Sagrada,,,[]
5099005,106,0,30080001,1,5091005,0,Monster_Name_5091005,,0,0,2,255,False,0,0,2,0,False,False,0,40,200,3000.0,[6801005],True,0,1,0,0,,,,[]
5099006,106,0,10480051,5094006,383151,0,Monster_Name_5091006,,0,0,2,0,False,0,0,2,0,False,False,40,90,90,3000.0,[],False,0,0,0,0,,,,[]
5099007,106,0,10320000,1,1,0,Monster_Name_5091007,,0,0,2,0,False,0,0,2,0,True,True,40,60,200,3000.0,"[7009001,7009002,7009003]",False,0,0,0,0,,,,[]
5099201,5,0,30590005,999999,1,5091201,Object_Name_5092201,,0,0,3,117,False,0,0,2,0,True,False,0,60,180,3000.0,[],False,0,0,0,0,Gerador de Barreira,,,[]
6511101,108,1205202,10850001,1,1,0,Monster_Name_6511101,,0,0,2,0,False,0,0,2,0,True,True,40,90,90,3000.0,"[7019501,7019502,7019503]",False,0,0,0,0,Darv Thanat,,,[116669]
6511102,108,1205203,10848050,1,1,0,Monster_Name_6511102,,0,0,2,0,False,0,0,2,0,True,True,40,120,200,3000.0,[7019401],False,0,0,0,0,Variante Darv Malpas,,,[116669]
6511103,92,1205204,10848001,1,1,0,Monster_Name_6511103,,0,0,2,0,False,0,0,2,0,True,True,40,70,120,3000.0,[7019402],False,0,0,0,0,Darv Malpas,,,[45919]
6511104,92,1205205,10851001,1,1,0,Monster_Name_6511104,,0,0,2,0,False,0,0,2,0,True,True,40,100,110,3000.0,"[7019601,7019602,7019603]",False,0,0,0,0,Darv Licker,,,[45919]
6511105,84,1205206,10850050,1,1,0,Monster_Name_6511105,,0,0,2,0,False,0,0,2,0,True,True,40,120,200,3000.0,"[7019501,7019502,7019503]",False,0,0,0,0,Variante Darv Thanat,,,[26919]
6511106,84,1205207,10370050,1,1,0,Monster_Name_6511106,,0,0,2,0,False,0,0,2,0,True,True,40,120,200,3000.0,"[7008301,7008302]",False,0,0,0,0,Variante de Larva Infernal Darv,,,[26919]
6511107,100,1205208,10980000,1,1,0,Monster_Name_6511107,,0,0,2,0,False,0,0,2,0,True,True,40,120,200,3000.0,"[7021001,7021002]",False,0,0,0,0,Darv Cão Carmesim,,,[73519]
6511108,100,1205209,10960000,1,1,0,Monster_Name_6511108,,0,0,2,0,False,0,0,2,0,True,True,40,120,200,3000.0,[7020901],False,0,0,0,0,Regenerador Carmesim Darv,,,[73519]
6511109,100,1205210,10970000,1,1,0,Monster_Name_6511109,,0,0,2,0,False,0,0,2,0,True,True,40,120,200,3000.0,[7020701],False,0,0,0,0,Darv Arremessador Carmesim,,,[73519]
6511110,108,1205211,10610001,1,1,0,Monster_Name_6511110,,0,0,2,0,False,0,0,2,1,True,True,40,80,200,3000.0,"[7006601,7006602,7006603]",False,0,0,0,0,Lagarto Infectado Selvagem,,,[116669]
6511111,92,1205212,10851050,1,1,0,Monster_Name_6511111,,0,0,2,0,False,0,0,2,1,True,True,40,120,200,3000.0,"[7019601,7019602,7019603]",False,0,0,0,0,Lambedor Infectado Selvagem,,,[45919]
6511112,84,1205213,10600001,1,1,0,Monster_Name_6511112,,0,0,2,0,False,0,0,2,1,True,True,40,120,200,3000.0,"[7006901,7006902]",False,0,0,0,0,Estilhaçador Infectado Selvagem,,,[26919]
6511113,100,1205214,10980050,1,1,0,Monster_Name_6511113,,0,0,2,0,False,0,0,2,1,True,True,40,80,80,1300.0,"[7021001,7021002]",False,0,0,0,0,Cão Carmesim Selvagem,,,[73519]
6511201,108,1205215,10850001,1,1,0,Monster_Name_6511201,,0,0,2,0,False,0,0,2,0,True,True,40,90,90,3000.0,"[7019501,7019502,7019503]",False,0,0,0,0,Dixif Thanat,,,[116669]
6511202,108,1205216,10848050,1,1,0,Monster_Name_6511202,,0,0,2,0,False,0,0,2,0,True,True,40,120,200,3000.0,[7019401],False,0,0,0,0,Variante Dixif Malpas,,,[116669]
6511203,92,1205217,10848001,1,1,0,Monster_Name_6511203,,0,0,2,0,False,0,0,2,0,True,True,40,70,120,3000.0,[7019402],False,0,0,0,0,Dixif Malpas,,,[45919]
6511204,92,1205218,10851001,1,1,0,Monster_Name_6511204,,0,0,2,0,False,0,0,2,0,True,True,40,100,110,3000.0,"[7019601,7019602,7019603]",False,0,0,0,0,Lambedor Dixif,,,[45919]
6511205,84,1205219,10850050,1,1,0,Monster_Name_6511205,,0,0,2,0,False,0,0,2,0,True,True,40,120,200,3000.0,"[7019501,7019502,7019503]",False,0,0,0,0,Variante Dixif Thanat,,,[26919]
6511206,84,1205220,10370050,1,1,0,Monster_Name_6511206,,0,0,2,0,False,0,0,2,0,True,True,40,120,200,3000.0,"[7008301,7008302]",False,0,0,0,0,Variante de Larva Infernal Dixif,,,[26919]
6511207,100,1205221,10980000,1,1,0,Monster_Name_6511207,,0,0,2,0,False,0,0,2,0,True,True,40,120,200,3000.0,"[7021001,7021002]",False,0,0,0,0,Dixif Cão Carmesim,,,[73519]
6511208,100,1205222,10960000,1,1,0,Monster_Name_6511208,,0,0,2,0,False,0,0,2,0,True,True,40,120,200,3000.0,[7020901],False,0,0,0,0,Dixif Regenerador Carmesim,,,[73519]
6511209,100,1205223,10970000,1,1,0,Monster_Name_6511209,,0,0,2,0,False,0,0,2,0,True,True,40,120,200,3000.0,[7020701],False,0,0,0,0,Dixif Arremessador Carmesim,,,[73519]
6511210,108,1205224,10610001,1,1,0,Monster_Name_6511210,,0,0,2,0,False,0,0,2,1,True,True,40,80,200,3000.0,"[7006601,7006602,7006603]",False,0,0,0,0,Lagarto Infectado Selvagem,,,[116669]
6511211,92,1205225,10851050,1,1,0,Monster_Name_6511211,,0,0,2,0,False,0,0,2,1,True,True,40,120,200,3000.0,"[7019601,7019602,7019603]",False,0,0,0,0,Lambedor Infectado Selvagem,,,[45919]
6511212,84,1205226,10600001,1,1,0,Monster_Name_6511212,,0,0,2,0,False,0,0,2,1,True,True,40,120,200,3000.0,"[7006901,7006902]",False,0,0,0,0,Estilhaçador Infectado Selvagem,,,[26919]
6511213,100,1205227,10980050,1,1,0,Monster_Name_6511213,,0,0,2,0,False,0,0,2,1,True,True,40,80,80,1300.0,"[7021001,7021002]",False,0,0,0,0,Cão Carmesim Selvagem,,,[73519]
6511301,108,1205228,10850001,1,1,0,Monster_Name_6511301,,0,0,2,0,False,0,0,2,0,True,True,40,90,90,3000.0,"[7019501,7019502,7019503]",False,0,0,0,0,Ishav Thanat,,,[116669]
6511302,108,1205229,10848050,1,1,0,Monster_Name_6511302,,0,0,2,0,False,0,0,2,0,True,True,40,120,200,3000.0,[7019401],False,0,0,0,0,Variante Ishav Malpas,,,[116669]
6511303,92,1205230,10848001,1,1,0,Monster_Name_6511303,,0,0,2,0,False,0,0,2,0,True,True,40,70,120,3000.0,[7019402],False,0,0,0,0,Ishav Malpas,,,[45919]
6511304,92,1205231,10851001,1,1,0,Monster_Name_6511304,,0,0,2,0,False,0,0,2,0,True,True,40,100,110,3000.0,"[7019601,7019602,7019603]",False,0,0,0,0,Ishav Licker,,,[45919]
6511305,84,1205232,10850050,1,1,0,Monster_Name_6511305,,0,0,2,0,False,0,0,2,0,True,True,40,120,200,3000.0,"[7019501,7019502,7019503]",False,0,0,0,0,Variante Ishav Thanat,,,[26919]
6511306,84,1205233,10370050,1,1,0,Monster_Name_6511306,,0,0,2,0,False,0,0,2,0,True,True,40,120,200,3000.0,"[7008301,7008302]",False,0,0,0,0,Variante de Larva Infernal Ishav,,,[26919]
6511307,100,1205234,10980000,1,1,0,Monster_Name_6511307,,0,0,2,0,False,0,0,2,0,True,True,40,120,200,3000.0,"[7021001,7021002]",False,0,0,0,0,Ishav Cão Carmesim,,,[73519]
6511308,100,1205235,10960000,1,1,0,Monster_Name_6511308,,0,0,2,0,False,0,0,2,0,True,True,40,120,200,3000.0,[7020901],False,0,0,0,0,Regenerador Carmesim Ishav,,,[73519]
6511309,100,1205236,10970000,1,1,0,Monster_Name_6511309,,0,0,2,0,False,0,0,2,0,True,True,40,120,200,3000.0,[7020701],False,0,0,0,0,Ishav Arremessador Carmesim,,,[73519]
6511310,108,1205237,10610001,1,1,0,Monster_Name_6511310,,0,0,2,0,False,0,0,2,1,True,True,40,80,200,3000.0,"[7006601,7006602,7006603]",False,0,0,0,0,Lagarto Infectado Selvagem,,,[116669]
6511311,92,1205238,10851050,1,1,0,Monster_Name_6511311,,0,0,2,0,False,0,0,2,1,True,True,40,120,200,3000.0,"[7019601,7019602,7019603]",False,0,0,0,0,Lambe-Infectado Selvagem,,,[45919]
6511312,84,1205239,10600001,1,1,0,Monster_Name_6511312,,0,0,2,0,False,0,0,2,1,True,True,40,120,200,3000.0,"[7006901,7006902]",False,0,0,0,0,Estilhaçador Infectado Selvagem,,,[26919]
6511313,100,1205240,10980050,1,1,0,Monster_Name_6511313,,0,0,2,0,False,0,0,2,1,True,True,40,80,80,1300.0,"[7021001,7021002]",False,0,0,0,0,Cão Carmesim Selvagem,,,[73519]
6511401,108,1205241,10850001,1,1,0,Monster_Name_6511401,,0,0,2,0,False,0,0,2,0,True,True,40,90,90,3000.0,"[7019501,7019502,7019503]",False,0,0,0,0,Uterv Thanat,,,[116669]
6511402,108,1205242,10848050,1,1,0,Monster_Name_6511402,,0,0,2,0,False,0,0,2,0,True,True,40,120,200,3000.0,[7019401],False,0,0,0,0,Variante Uterv Malpas,,,[116669]
6511403,92,1205243,10848001,1,1,0,Monster_Name_6511403,,0,0,2,0,False,0,0,2,0,True,True,40,70,120,3000.0,[7019402],False,0,0,0,0,Uterv Malpas,,,[45919]
6511404,92,1205244,10851001,1,1,0,Monster_Name_6511404,,0,0,2,0,False,0,0,2,0,True,True,40,100,110,3000.0,"[7019601,7019602,7019603]",False,0,0,0,0,Lambedor Uterv,,,[45919]
6511405,84,1205245,10850050,1,1,0,Monster_Name_6511405,,0,0,2,0,False,0,0,2,0,True,True,40,120,200,3000.0,"[7019501,7019502,7019503]",False,0,0,0,0,Variante Uterv Thanat,,,[26919]
6511406,84,1205246,10370050,1,1,0,Monster_Name_6511406,,0,0,2,0,False,0,0,2,0,True,True,40,120,200,3000.0,"[7008301,7008302]",False,0,0,0,0,Variante de Larva Infernal Uterv,,,[26919]
6511407,100,1205247,10980000,1,1,0,Monster_Name_6511407,,0,0,2,0,False,0,0,2,0,True,True,40,120,200,3000.0,"[7021001,7021002]",False,0,0,0,0,Uterv Cão Carmesim,,,[73519]
6511408,100,1205248,10960000,1,1,0,Monster_Name_6511408,,0,0,2,0,False,0,0,2,0,True,True,40,120,200,3000.0,[7020901],False,0,0,0,0,Uterv Regenerador Carmesim,,,[73519]
6511409,100,1205249,10970000,1,1,0,Monster_Name_6511409,,0,0,2,0,False,0,0,2,0,True,True,40,120,200,3000.0,[7020701],False,0,0,0,0,Uterv Arremessador Carmesim,,,[73519]
6511410,108,1205250,10610001,1,1,0,Monster_Name_6511410,,0,0,2,0,False,0,0,2,1,True,True,40,80,200,3000.0,"[7006601,7006602,7006603]",False,0,0,0,0,Lagarto Infectado Selvagem,,,[116669]
6511411,92,1205251,10851050,1,1,0,Monster_Name_6511411,,0,0,2,0,False,0,0,2,1,True,True,40,120,200,3000.0,"[7019601,7019602,7019603]",False,0,0,0,0,Lambe-Infectado Selvagem,,,[45919]
6511412,84,1205252,10600001,1,1,0,Monster_Name_6511412,,0,0,2,0,False,0,0,2,1,True,True,40,120,200,3000.0,"[7006901,7006902]",False,0,0,0,0,Estilhaçador Infectado Selvagem,,,[26919]
6511413,100,1205253,10980050,1,1,0,Monster_Name_6511413,,0,0,2,0,False,0,0,2,1,True,True,40,80,80,1300.0,"[7021001,7021002]",False,0,0,0,0,Cão Carmesim Selvagem,,,[73519]
6511501,108,1205254,10850001,1,1,0,Monster_Name_6511501,,0,0,2,0,False,0,0,2,0,True,True,40,90,90,3000.0,"[7019501,7019502,7019503]",False,0,0,0,0,Naruuv Thanat,,,[116669]
6511502,108,1205255,10848050,1,1,0,Monster_Name_6511502,,0,0,2,0,False,0,0,2,0,True,True,40,120,200,3000.0,[7019401],False,0,0,0,0,Variante Naruuv Malpas,,,[116669]
6511503,92,1205256,10848001,1,1,0,Monster_Name_6511503,,0,0,2,0,False,0,0,2,0,True,True,40,70,120,3000.0,[7019402],False,0,0,0,0,Naruuv Malpas,,,[45919]
6511504,92,1205257,10851001,1,1,0,Monster_Name_6511504,,0,0,2,0,False,0,0,2,0,True,True,40,100,110,3000.0,"[7019601,7019602,7019603]",False,0,0,0,0,Lambedor Naruuv,,,[45919]
6511505,84,1205258,10850050,1,1,0,Monster_Name_6511505,,0,0,2,0,False,0,0,2,0,True,True,40,120,200,3000.0,"[7019501,7019502,7019503]",False,0,0,0,0,Variante Naruuv Thanat,,,[26919]
6511506,84,1205259,10370050,1,1,0,Monster_Name_6511506,,0,0,2,0,False,0,0,2,0,True,True,40,120,200,3000.0,"[7008301,7008302]",False,0,0,0,0,Variante de Larva Infernal Naruuv,,,[26919]
6511507,100,1205260,10980000,1,1,0,Monster_Name_6511507,,0,0,2,0,False,0,0,2,0,True,True,40,120,200,3000.0,"[7021001,7021002]",False,0,0,0,0,Naruuv Cão Carmesim,,,[73519]
6511508,100,1205261,10960000,1,1,0,Monster_Name_6511508,,0,0,2,0,False,0,0,2,0,True,True,40,120,200,3000.0,[7020901],False,0,0,0,0,Regenerador Carmesim Naruuv,,,[73519]
6511509,100,1205262,10970000,1,1,0,Monster_Name_6511509,,0,0,2,0,False,0,0,2,0,True,True,40,120,200,3000.0,[7020701],False,0,0,0,0,Naruuv Arremessador Carmesim,,,[73519]
6511510,108,1205263,10610001,1,1,0,Monster_Name_6511510,,0,0,2,0,False,0,0,2,1,True,True,40,80,200,3000.0,"[7006601,7006602,7006603]",False,0,0,0,0,Lagarto Infectado Selvagem,,,[116669]
6511511,92,1205264,10851050,1,1,0,Monster_Name_6511511,,0,0,2,0,False,0,0,2,1,True,True,40,120,200,3000.0,"[7019601,7019602,7019603]",False,0,0,0,0,Lambe-Infectado Selvagem,,,[45919]
6511512,84,1205265,10600001,1,1,0,Monster_Name_6511512,,0,0,2,0,False,0,0,2,1,True,True,40,120,200,3000.0,"[7006901,7006902]",False,0,0,0,0,Estilhaçador Infectado Selvagem,,,[26919]
6511513,100,1205266,10980050,1,1,0,Monster_Name_6511513,,0,0,2,0,False,0,0,2,1,True,True,40,80,80,1300.0,"[7021001,7021002]",False,0,0,0,0,Cão Carmesim Selvagem,,,[73519]
6511601,108,1205267,10850001,1,1,0,Monster_Name_6511601,,0,0,2,0,False,0,0,2,0,True,True,40,90,90,3000.0,"[7019501,7019502,7019503]",False,0,0,0,0,Bayav Thanat,,,[116669]
6511602,108,1205268,10848050,1,1,0,Monster_Name_6511602,,0,0,2,0,False,0,0,2,0,True,True,40,120,200,3000.0,[7019401],False,0,0,0,0,Variante Bayav Malpas,,,[116669]
6511603,92,1205269,10848001,1,1,0,Monster_Name_6511603,,0,0,2,0,False,0,0,2,0,True,True,40,70,120,3000.0,[7019402],False,0,0,0,0,Bayav Malpas,,,[45919]
6511604,92,1205270,10851001,1,1,0,Monster_Name_6511604,,0,0,2,0,False,0,0,2,0,True,True,40,100,110,3000.0,"[7019601,7019602,7019603]",False,0,0,0,0,Bayav Licker,,,[45919]
6511605,84,1205271,10850050,1,1,0,Monster_Name_6511605,,0,0,2,0,False,0,0,2,0,True,True,40,120,200,3000.0,"[7019501,7019502,7019503]",False,0,0,0,0,Variante Bayav Thanat,,,[26919]
6511606,84,1205272,10370050,1,1,0,Monster_Name_6511606,,0,0,2,0,False,0,0,2,0,True,True,40,120,200,3000.0,"[7008301,7008302]",False,0,0,0,0,Variante de Larva Infernal Bayav,,,[26919]
6511607,100,1205273,10980000,1,1,0,Monster_Name_6511607,,0,0,2,0,False,0,0,2,0,True,True,40,120,200,3000.0,"[7021001,7021002]",False,0,0,0,0,Cão Carmesim Bayav,,,[73519]
6511608,100,1205274,10960000,1,1,0,Monster_Name_6511608,,0,0,2,0,False,0,0,2,0,True,True,40,120,200,3000.0,[7020901],False,0,0,0,0,Regenerador Carmesim Bayav,,,[73519]
6511609,100,1205275,10970000,1,1,0,Monster_Name_6511609,,0,0,2,0,False,0,0,2,0,True,True,40,120,200,3000.0,[7020701],False,0,0,0,0,Arremessador Carmesim Bayav,,,[73519]
6511610,108,1205276,10610001,1,1,0,Monster_Name_6511610,,0,0,2,0,False,0,0,2,1,True,True,40,80,200,3000.0,"[7006601,7006602,7006603]",False,0,0,0,0,Lagarto Infectado Selvagem,,,[116669]
6511611,92,1205277,10851050,1,1,0,Monster_Name_6511611,,0,0,2,0,False,0,0,2,1,True,True,40,120,200,3000.0,"[7019601,7019602,7019603]",False,0,0,0,0,Lambe-Infectado Selvagem,,,[45919]
6511612,84,1205278,10600001,1,1,0,Monster_Name_6511612,,0,0,2,0,False,0,0,2,1,True,True,40,120,200,3000.0,"[7006901,7006902]",False,0,0,0,0,Estilhaçador Infectado Selvagem,,,[26919]
6511613,100,1205279,10980050,1,1,0,Monster_Name_6511613,,0,0,2,0,False,0,0,2,1,True,True,40,80,80,1300.0,"[7021001,7021002]",False,0,0,0,0,Cão Carmesim Selvagem,,,[73519]
6511701,112,0,16574000,885,3,0,Monster_Name_6511701,,0,0,2,106,False,0,2,2,0,True,True,250,400,800,3000.0,[7107901],True,0,0,0,0,Dazrah do Corruptor,,,[]
6521701,112,0,16574000,885,3,0,Monster_Name_6521701,,0,0,2,106,False,0,2,2,0,True,True,250,400,800,3000.0,[7107901],True,0,0,0,0,Dazrah do Corruptor,,,[]
6531201,82,1,31400000,1,5006,0,Monster_Name_6531201,,0,0,2,232,False,0,0,2,0,True,True,40,60,100,3000.0,[],False,0,0,0,0,Farol de Ocupação Neutro,,,[]
6531202,82,1,31400000,1,5006,0,Monster_Name_6531201,,0,0,2,232,False,0,0,2,0,True,True,40,60,100,3000.0,[],False,0,0,0,0,Farol de Ocupação Neutro,,,[]
6531211,82,1,31400001,1,5006,0,Monster_Name_6531211,,0,0,2,232,False,0,0,2,0,True,True,40,60,100,3000.0,[],False,0,0,0,0,Baliza de Ocupação da Equipe A,,,[]
6531212,82,1,31400001,1,5006,0,Monster_Name_6531211,,0,0,2,232,False,0,0,2,0,True,True,40,60,100,3000.0,[],False,0,0,0,0,Baliza de Ocupação da Equipe A,,,[]
6531221,82,1,31400002,1,5006,0,Monster_Name_6531221,,0,0,2,232,False,0,0,2,0,True,True,40,60,100,3000.0,[],False,0,0,0,0,Baliza de Ocupação da Equipe B,,,[]
6531222,82,1,31400002,1,5006,0,Monster_Name_6531221,,0,0,2,232,False,0,0,2,0,True,True,40,60,100,3000.0,[],False,0,0,0,0,Baliza de Ocupação da Equipe B,,,[]
6531231,82,1,31400003,1,5006,0,Monster_Name_6531231,,0,0,2,232,False,0,0,2,0,True,True,40,60,100,3000.0,[],False,0,0,0,0,Baliza de Ocupação da Equipe C,,,[]
6531232,82,1,31400003,1,5006,0,Monster_Name_6531231,,0,0,2,232,False,0,0,2,0,True,True,40,60,100,3000.0,[],False,0,0,0,0,Baliza de Ocupação da Equipe C,,,[]
6531241,82,1,31400003,1,5006,0,Monster_Name_6531241,,0,0,2,232,False,0,0,2,0,True,True,40,60,100,3000.0,[],False,0,0,0,0,Baliza de Ocupação da Equipe D,,,[]
6531242,82,1,31400003,1,5006,0,Monster_Name_6531241,,0,0,2,232,False,0,0,2,0,True,True,40,60,100,3000.0,[],False,0,0,0,0,Baliza de Ocupação da Equipe D,,,[]
7000091,115,0,40000407,7000091,340001,0,Monster_Name_7000091,,0,0,2,103,False,0,2,2,1,True,True,30,110,200,10000.0,"[7201401,7201402,7201403]",False,0,0,0,0,Treinamento Virtual Psypher de Grau 91,,,[]
7000092,116,0,40000617,7000092,340001,0,Monster_Name_7000092,,0,0,2,103,False,0,2,2,1,True,True,30,110,200,10000.0,"[7200601,7200602,7200603,7200604]",False,0,0,0,0,Technician de Treinamento Virtual Grau 92,,,[]
7000093,117,0,40000507,7000093,340001,0,Monster_Name_7000093,,0,0,2,103,False,0,2,2,1,True,True,30,110,200,10000.0,"[7201501,7201502,7201503,7201504]",False,0,0,0,0,Dreadnought de Treinamento Virtual de Grau 93,,,[]
7000094,118,0,40000711,7000094,340001,0,Monster_Name_7000094,,0,0,2,103,False,0,2,2,1,True,True,30,110,200,10000.0,"[7200701,7200702,7200703,7200704]",False,0,0,0,0,Arbiter de Treinamento Virtual Grau 94,,,[]
7000095,119,0,40000108,7000095,340001,0,Monster_Name_7000095,,0,0,2,103,False,0,2,2,1,True,True,30,110,200,10000.0,"[7201101,7201102,7201103]",False,0,0,0,0,Treinamento Virtual Phantom de Grau 95,,,[]
7000096,120,0,40000317,7000096,340001,0,Monster_Name_7000096,,0,0,2,103,False,0,2,2,1,True,True,30,110,200,10000.0,"[7200301,7200302,7200303,7200304]",False,0,0,0,0,Enforcer de Treinamento Virtual de Grau 96,,,[]
7000097,121,0,40000208,7000097,340001,0,Monster_Name_7000097,,0,0,2,103,False,0,2,2,1,True,True,30,110,200,10000.0,[7201201],False,0,0,0,0,Treinamento Virtual de Grau 97 Punisher,,,[]
7000098,122,0,40000417,7000098,340001,0,Monster_Name_7000098,,0,0,2,103,False,0,2,2,1,True,True,30,110,200,10000.0,"[7200401,7200402,7200403]",False,0,0,0,0,Treinamento Virtual Psypher de Grau 98,,,[]
7000099,123,0,40000609,7000099,340001,0,Monster_Name_7000099,,0,0,2,103,False,0,2,2,1,True,True,30,110,200,10000.0,"[7201601,7201602,7201603,7201604]",False,0,0,0,0,Technician de Treinamento Virtual de Grau 99,,,[]
7000100,124,0,40000519,7000100,340001,0,Monster_Name_7000100,,0,0,2,103,False,0,2,2,1,True,True,30,110,200,10000.0,"[7200501,7200502,7200503,7200504]",False,0,0,0,0,Dreadnought de Treinamento Virtual de Grau 100,,,[]
7000101,125,0,40000702,7000101,340001,0,Monster_Name_7000101,,0,0,2,103,False,0,2,2,1,True,True,30,110,200,10000.0,"[7201701,7201702,7201703,7201704]",False,0,0,0,0,Arbiter de Treinamento Virtual Grau 101,,,[]
7000102,126,0,40000118,7000102,340001,0,Monster_Name_7000102,,0,0,2,103,False,0,2,2,1,True,True,30,110,200,10000.0,"[7200101,7200102,7200103]",False,0,0,0,0,Treinamento Virtual Phantom Grau 102,,,[]
7000103,127,0,40000308,7000103,340001,0,Monster_Name_7000103,,0,0,2,103,False,0,2,2,1,True,True,30,110,200,10000.0,"[7201301,7201302,7201303,7201304]",False,0,0,0,0,Enforcer de Treinamento Virtual Grau 103,,,[]
7000104,128,0,40000219,7000104,340001,0,Monster_Name_7000104,,0,0,2,103,False,0,2,2,1,True,True,30,110,200,10000.0,[7200201],False,0,0,0,0,Treinamento Virtual Punisher de Grau 104,,,[]
7000105,129,0,40000407,7000105,340001,0,Monster_Name_7000105,,0,0,2,103,False,0,2,2,1,True,True,30,110,200,10000.0,"[7201401,7201402,7201403]",False,0,0,0,0,Treinamento Virtual Psypher Grau 105,,,[]
7000106,130,0,40000617,7000106,340001,0,Monster_Name_7000106,,0,0,2,103,False,0,2,2,1,True,True,30,110,200,10000.0,"[7200601,7200602,7200603,7200604]",False,0,0,0,0,Technician de Treinamento Virtual de Grau 106,,,[]
7000107,131,0,40000507,7000107,340001,0,Monster_Name_7000107,,0,0,2,103,False,0,2,2,1,True,True,30,110,200,10000.0,"[7201501,7201502,7201503,7201504]",False,0,0,0,0,Treinamento Virtual de Dreadnought de Grau 107,,,[]
7000108,132,0,40000711,7000108,340001,0,Monster_Name_7000108,,0,0,2,103,False,0,2,2,1,True,True,30,110,200,10000.0,"[7200701,7200702,7200703,7200704]",False,0,0,0,0,Arbiter de Treinamento Virtual Grau 108,,,[]
7000109,133,0,40000801,7000109,340001,0,Monster_Name_7000109,,0,0,2,103,False,0,2,2,1,True,True,30,110,200,10000.0,[7201801],False,0,0,0,0,Demolidor de Treinamento Virtual Grau 109,,,[]
7000110,134,0,40000118,7000110,340001,0,Monster_Name_7000110,,0,0,2,103,False,0,2,2,1,True,True,30,110,200,10000.0,"[7200101,7200102,7200103]",False,0,0,0,0,Treinamento Virtual Phantom de Grau 110,,,[]
7001091,120,0,14020010,9018,340153,0,Monster_Name_7001091,,0,0,2,103,False,0,2,2,1,True,True,110,190,360,10000.0,[7210301],False,0,0,0,0,Treinamento Virtual Argos de Grau 91,,,[]
7001092,121,0,14030010,9019,340154,0,Monster_Name_7001092,,0,0,2,103,False,0,2,2,1,True,True,100,200,460,10000.0,"[7210401,7210402,7210403]",False,0,0,0,0,Centurion de Treinamento Virtual de Grau 92,,,[]
7001093,122,0,14040010,9020,340155,0,Monster_Name_7001093,,0,0,2,103,False,0,2,2,1,True,True,100,200,460,10000.0,"[7210501,7210502,7210503]",False,0,0,0,0,Treinamento Virtual de Grau 93 Kronos,,,[]
7001094,123,0,14050010,9021,340157,0,Monster_Name_7001094,,0,0,2,103,False,0,2,2,1,True,True,130,200,460,10000.0,"[7210601,7210602]",False,0,0,0,0,Treinamento Virtual Hellfire de Grau 94,,,[]
7001095,124,0,14140002,9046,340159,0,Monster_Name_7001095,,0,0,2,103,False,0,2,2,1,True,True,130,230,540,10000.0,"[7212001,7212002,7212003]",False,0,0,0,0,Treinamento Virtual Pantera de Grau 95,,,[]
7001096,125,0,14060012,9022,340158,0,Monster_Name_7001096,,0,0,2,103,False,0,2,2,1,True,True,130,230,540,10000.0,"[7210701,7210702,7210703,7210704,7210705]",False,0,0,0,0,Treinamento Virtual Stinger de Grau 96,,,[]
7001097,126,0,14070010,9023,340159,0,Monster_Name_7001097,,0,0,2,103,False,0,2,2,1,True,True,130,230,540,10000.0,"[7210801,7210802,7210803,7210804]",False,0,0,0,0,Treinamento Virtual de Grau 97 Ares,,,[]
7001098,127,0,14080005,9024,340170,0,Monster_Name_7001098,,0,0,2,103,False,0,2,2,1,True,True,180,180,540,10000.0,"[7210901,7210902,7210903,7210904,7210905]",False,0,0,0,0,Treinamento Virtual de Grau 98 Kraken,,,[]
7001099,128,0,14090005,9025,340170,0,Monster_Name_7001099,,0,0,2,103,False,0,2,2,1,True,True,180,180,540,10000.0,"[7210001,7210002,7210003]",False,0,0,0,0,Treinamento Virtual de Grau 99 Thor,,,[]
7001100,129,0,14130002,9045,340170,0,Monster_Name_7001100,,0,0,2,103,False,0,2,2,1,True,True,180,180,540,10000.0,"[7211001,7211002,7211003,7211004]",False,0,0,0,0,Treinamento Virtual de Grau 100 Odin,,,[]
7001101,130,0,14030011,9019,340154,0,Monster_Name_7001101,,0,0,2,103,False,0,2,2,1,True,True,100,200,460,10000.0,"[7210401,7210402,7210403]",False,0,0,0,0,Treinamento Virtual Centurion de Grau 101,,,[]
7001102,131,0,14040011,9020,340155,0,Monster_Name_7001102,,0,0,2,103,False,0,2,2,1,True,True,100,200,460,10000.0,"[7210501,7210502,7210503]",False,0,0,0,0,Treinamento Virtual Kronos da Grade 102,,,[]
7001103,132,0,14050012,9021,340157,0,Monster_Name_7001103,,0,0,2,103,False,0,2,2,1,True,True,130,200,460,10000.0,"[7210601,7210602]",False,0,0,0,0,Treinamento Virtual Hellfire de Grau 103,,,[]
7001104,133,0,14140003,9046,340159,0,Monster_Name_7001104,,0,0,2,103,False,0,2,2,1,True,True,130,230,540,10000.0,"[7212001,7212002,7212003]",False,0,0,0,0,Treinamento Virtual Pantera Grau 104,,,[]
7001105,134,0,14060013,9022,340158,0,Monster_Name_7001105,,0,0,2,103,False,0,2,2,1,True,True,130,230,540,10000.0,"[7210701,7210702,7210703,7210704,7210705]",False,0,0,0,0,Treinamento Virtual Stinger Grau 105,,,[]
7001106,135,0,14070012,9023,340159,0,Monster_Name_7001106,,0,0,2,103,False,0,2,2,1,True,True,130,230,540,10000.0,"[7210801,7210802,7210803,7210804]",False,0,0,0,0,Treinamento Virtual de Grau 106 Ares,,,[]
7001107,136,0,14080006,9024,340170,0,Monster_Name_7001107,,0,0,2,103,False,0,2,2,1,True,True,180,180,540,10000.0,"[7210901,7210902,7210903,7210904,7210905]",False,0,0,0,0,Treinamento Virtual do Kraken Grau 107,,,[]
7001108,137,0,14090006,9025,340170,0,Monster_Name_7001108,,0,0,2,103,False,0,2,2,1,True,True,180,180,540,10000.0,"[7210001,7210002,7210003]",False,0,0,0,0,Treinamento Virtual de Grau 108 Thor,,,[]
7001109,138,0,14130003,9045,340170,0,Monster_Name_7001109,,0,0,2,103,False,0,2,2,1,True,True,180,180,540,10000.0,"[7211001,7211002,7211003,7211004]",False,0,0,0,0,Treinamento Virtual de Thor Grau 109,,,[]
7001110,139,0,14170001,9049,340170,0,Monster_Name_7001110,,0,0,2,103,False,0,2,2,1,True,True,180,180,540,10000.0,[7214001],False,0,0,0,0,Treinamento Virtual de Grau 110 Thor,,,[]
